/*--------------------------------*- C++ -*----------------------------------*\
| =========                 |                                                 |
| \\      /  F ield         | OpenFOAM: The Open Source CFD Toolbox           |
|  \\    /   O peration     | Version:  2506                                  |
|   \\  /    A nd           | Website:  www.openfoam.com                      |
|    \\/     M anipulation  |                                                 |
\*---------------------------------------------------------------------------*/
FoamFile
{
    version     2.0;
    format      ascii;
    arch        "LSB;label=32;scalar=64";
    class       volScalarField;
    location    "0.005";
    object      cp;
}
// * * * * * * * * * * * * * * * * * * * * * * * * * * * * * * * * * * * * * //

dimensions      [0 2 -2 -1 0 0 0];

internalField   nonuniform List<scalar> 
3200
(
520
520
553.6253398
520
520
520.0000001
565.9968988
700
699.9999364
700
700
700
700
700
700
700
700
700
700
700
700
700
700
700
700
700
700
700
700
700
700
700
520.0000001
520
520
520
520
520
520
520
520
520
520
520
520
520
556.9529948
700
699.9999096
700
700
700
700
700
700
700
700
700
700
700
700
700
700
700
700
700
700
700
700
700
700
700
520.0000001
520
520
520
520
520
520
520
520
520
520
520
520
520
608.5419788
674.9867395
699.9998742
700
700
700
700
700
700
700
700
700
700
700
700
700
700
700
700
700
700
700
700
700
700
700
520.0000001
520
520
520
520
520
520
520
520
520
520
520
520
520
581.0660394
584.0872262
699.9998589
700
700
700
700
700
700
700
700
700
700
700
700
700
700
700
700
700
700
700
700
700
700
700
520.0000001
520
520
520
520
520
520
520
520
520
520
520
520
520
663.472182
659.0391778
699.9997309
700
700
700
700
700
700
700
700
700
700
700
700
700
700
700
700
700
700
700
700
700
700
700
520.0000001
520
520
520
520
520
520
520
520
520
520
520
520
520
602.3759097
608.8130933
699.9993224
700
700
700
700
700
700
700
700
700
700
700
700
700
700
700
700
700
700
700
700
700
700
700
520.0000001
520
520
520
520
520
520
520
520
520
520
520
520
520
520
573.010359
699.9994994
700
700
700
700
700
700
700
700
700
700
700
700
700
700
700
700
700
700
700
700
700
700
700
520.0000001
520
520
520
520
520
520
520
520
520
520
520
520
520
520
593.9298436
699.9999986
700
700
700
700
700
700
700
700
700
700
700
700
700
700
700
700
700
700
700
700
700
700
700
520.0000001
520
520
520
520
520
520
520
520
520
520
520
520
520
520.0000001
520.0000016
667.1170614
699.9999998
700
700
700
700
700
700
700
700
700
700
700
700
700
700
700
700
700
700
700
700
700
700
520.0000001
520
520
520
520
520
520
520
520
520
520
520
520
524.6133198
520.8277389
520
540.6782286
692.9138734
700
700
700
700
700
700
700
700
700
700
700
700
700
700
700
700
700
700
700
700
700
700
520.0000001
520
520
520
520
520
520
520
520
520
520
520
520
520.002696
520.4807149
520
520.4623844
565.1914361
699.9999995
700
700
700
700
700
700
700
700
700
700
700
700
700
700
700
700
700
700
700
700
700
520.0000001
520
520
520
520
520
520
520
520
520
520
520
520
520
520
520
520
529.0842885
699.9999983
700
700
700
700
700
700
700
700
700
700
700
700
700
700
700
700
700
700
700
700
700
520.0000001
520
520
520
520
520
520
520
520
520
520
520
520
520
520
520
524.0941552
571.5264712
699.9999997
700
700
700
700
700
700
700
700
700
700
700
700
700
700
700
700
700
700
700
700
700
520.0000001
520
520
520
520
520
520
520
520
520
520
520
520
520
520
520
578.0096769
615.9887282
700
700
700
700
700
700
700
700
700
700
700
700
700
700
700
700
700
700
700
700
700
700
520.0000001
520
520
520
520
520
520
520
520
520
520
520
520
520
520
520
537.9480098
697.6108574
700
700
700
700
700
700
700
700
700
700
700
700
700
700
700
700
700
700
700
700
700
700
520.0000001
520
520
520
520
520
520
520
520
520
520
520
520
520
520
520
520
585.6394122
699.9999996
700
700
700
700
700
700
700
700
700
700
700
700
700
700
700
700
700
700
700
700
700
520.0000001
520
520
520
520
520
520
520
520
520
520
520
520
520
520
520
520
531.7751852
699.9999986
700
700
700
700
700
700
700
700
700
700
700
700
700
700
700
700
700
700
700
700
700
520.0000001
520
520
520
520
520
520
520
520.0000001
520
520
520
520
520
520
520
520
580.3720857
699.999996
700
700
700
700
700
700
700
700
700
700
700
700
700
700
700
700
700
700
700
700
700
520.0000001
520
520
520
520
520
520
520
520.0000003
520.0000002
520.0000001
520
520
520
520
520.0000001
522.4309495
610.6287817
699.9999918
700
700
700
700
700
700
700
700
700
700
700
700
700
700
700
700
700
700
700
700
700
520.0000001
520
520
520
520
520
520
520
520.0000003
520.0000002
520.0000002
520.0000001
520.0000001
520.0000001
520.0000001
520.0000001
520.0000003
608.9673913
699.9997211
700
700
700
700
700
700
700
700
700
700
700
700
700
700
700
700
700
700
700
700
700
520.0000001
520
520
520
520
520
520
520
520.0000001
520.0000001
520.0000001
520.0000001
520.0000001
520.0000002
520.0000001
520.0000001
520.0000006
600.7753245
699.9999897
700
700
700
700
700
700
700
700
700
700
700
700
700
700
700
700
700
700
700
700
700
520.0000001
520
520
520
520
520
520
520
520
520
520
520.0000001
520.0000001
527.1722482
520
520.0000001
521.5033668
622.1416157
699.9999978
700
700
700
700
700
700
700
700
700
700
700
700
700
700
700
700
700
700
700
700
700
520.0000001
520
520
520
520
520
520
520
520
520
520
520
520
520
520
520.0000001
521.2745996
644.1470211
699.9999754
700
700
700
700
700
700
700
700
700
700
700
700
700
700
700
700
700
700
700
700
700
520.0000001
520
520
520
520
520
520
520
520
520
520
520
520
520
520
520
520
651.2810178
699.9999995
700
700
700
700
700
700
700
700
700
700
700
700
700
700
700
700
700
700
700
700
700
520.0000001
520
520
520
520
520
520
520
520
520
520
520
520
520
520
520
521.2897769
671.8776218
700
700
700
700
700
700
700
700
700
700
700
700
700
700
700
700
700
700
700
700
700
700
520.0000001
520
520
520
520
520
520
520
520
520
520
520
520
520
520
520
549.1088152
699.9999995
700
700
700
700
700
700
700
700
700
700
700
700
700
700
700
700
700
700
700
700
700
700
520.0000001
520
520
520
520
520
520
520
520
520
520
520
520
520
520
520
558.2685243
699.9999993
700
700
700
700
700
700
700
700
700
700
700
700
700
700
700
700
700
700
700
700
700
700
520.0000001
520
520
520
520
520
520
520
520
520
520
520
520
520
520
520
558.1741751
700
700
700
700
700
700
700
700
700
700
700
700
700
700
700
700
700
700
700
700
700
700
700
520.0000001
520
520
520
520
520
520
520
520
520
520
520
520
520
520
520
586.6635991
700
700
700
700
700
700
700
700
700
700
700
700
700
700
700
700
700
700
700
700
700
700
700
520.0000001
520
520
520
520
520
520
520
520
520
520
520
520
520
520
524.0963965
681.4873439
699.9999999
700
700
700
700
700
700
700
700
700
700
700
700
700
700
700
700
700
700
700
700
700
700
520.0000001
520
520
520
520
520
520
520
520
520
520
520
520
520.0000001
520
520
604.2082692
699.9999998
700
700
700
700
700
700
700
700
700
700
700
700
700
700
700
700
700
700
700
700
700
700
520.0000001
520
520
520
520
520
520
520
520
520
520.0000001
520.0000001
520.0000001
520.0000004
520.0000002
520.0000001
587.4024563
700
700
700
700
700
700
700
700
700
700
700
700
700
700
700
700
700
700
700
700
700
700
700
520.0000001
520
520
520
520
520
520
520
520
520
520.0000002
520.0000005
520.0000004
520.0000001
520
533.3765069
646.7564689
699.9999999
700
700
700
700
700
700
700
700
700
700
700
700
700
700
700
700
700
700
700
700
700
700
520.0000001
520
520
520
520
520
520
520
520
520
520.0000001
520.0000003
520.0000004
520.0000003
520.0000001
635.220692
699.9999998
700
700
700
700
700
700
700
700
700
700
700
700
700
700
700
700
700
700
700
700
700
700
700
520.0000001
520
520
520
520
520
520
520
520
520
520.0000001
520.0000001
520.0000002
520.0000002
520.0011641
689.7632563
699.9999991
700
700
700
700
700
700
700
700
700
700
700
700
700
700
700
700
700
700
700
700
700
700
700
520
520
520
520
520
520
520
520
520
520
520.0000001
520.0000002
520.0000002
520.0000002
520
636.8305931
699.9999839
700
700
700
700
700
700
700
700
700
700
700
700
700
700
700
700
700
700
700
700
700
700
700
520
520
520
520
520
520
520
520
520
520.0000001
520.0000001
520.0000002
520.0000002
520.0000002
520.0000001
586.291888
699.9998586
700
700
700
700
700
700
700
700
700
700
700
700
700
700
700
700
700
700
700
700
700
700
700
520
520
520
520
520
520
520
520
520.0000001
520.0000001
520.0000001
520.0000001
520.0000001
520.0000002
520.0000001
563.7802267
699.9999176
700
700
700
700
700
700
700
700
700
700
700
700
700
700
700
700
700
700
700
700
700
700
700
520
520
520
520
520
520
520
520
520.0000001
520.0000001
520.0000001
520
520.1132208
535.0859483
632.8152787
669.9785142
699.9998168
700
700
700
700
700
700
700
700
700
700
700
700
700
700
700
700
700
700
700
700
700
700
700
520
520
520
520
520
520
520
520
520
520
520
520.0000001
520
548.4930872
697.0425988
699.9999994
699.9998539
700
700
700
700
700
700
700
700
700
700
700
700
700
700
700
700
700
700
700
700
700
700
700
520
520
520
520
520
520
520
520
520
520
520.0144336
520
520
521.7366522
592.5557614
558.6458599
699.9999438
700
700
700
700
700
700
700
700
700
700
700
700
700
700
700
700
700
700
700
700
700
700
700
520
520
520
520
520
520
520
520
520
520
528.0136981
522.7081493
520
520
529.277227
555.5242379
699.9999068
700
700
700
700
700
700
700
700
700
700
700
700
700
700
700
700
700
700
700
700
700
700
700
520
520
520
520
520
520
520
520
520
520
520
523.1381293
520.1586626
520
615.1161365
565.0226523
699.9998897
700
700
700
700
700
700
700
700
700
700
700
700
700
700
700
700
700
700
700
700
700
700
700
520
520
520
520
520
520
520
520
520
520
520
520
525.5744001
520.0097217
597.8807369
559.9282324
699.9999079
700
700
700
700
700
700
700
700
700
700
700
700
700
700
700
700
700
700
700
700
700
700
700
520
520
520
520
520
520
520
520
520
520
520
520
570.6370492
520.4013474
651.9318442
564.3158907
699.9998882
700
700
700
700
700
700
700
700
700
700
700
700
700
700
700
700
700
700
700
700
700
700
700
520
520
520
520
520
520
520
520
520
520
520
520
608.6131708
520
616.8053118
583.1737259
699.9998238
700
700
700
700
700
700
700
700
700
700
700
700
700
700
700
700
700
700
700
700
700
700
700
520
520
520
520
520
520
520
520
520
520
520
520.0000003
647.7895192
531.3783067
555.4074208
529.6253989
699.9998001
700
700
700
700
700
700
700
700
700
700
700
700
700
700
700
700
700
700
700
700
700
700
700
520
520
520
520
520
520
520
520
520
520
520
520.0000002
635.1575816
531.8237344
520
529.1956021
699.999755
700
700
700
700
700
700
700
700
700
700
700
700
700
700
700
700
700
700
700
700
700
700
700
520
520
520
520
520
520
520
520
520
520
520
520.0000001
612.4415878
533.065059
529.0503577
628.6206136
699.9998515
700
700
700
700
700
700
700
700
700
700
700
700
700
700
700
700
700
700
700
700
700
700
700
520
520
520
520
520
520
520
520
520
520
520
520
692.5069396
561.144577
593.5968733
659.5136153
699.9996653
700
700
700
700
700
700
700
700
700
700
700
700
700
700
700
700
700
700
700
700
700
700
700
520
520
520
520
520
520
520
520
520
520
520
520
606.4255055
524.9229579
521.5972926
642.2394772
699.999768
700
700
700
700
700
700
700
700
700
700
700
700
700
700
700
700
700
700
700
700
700
700
700
520
520
520
520
520
520
520
520
520
520
520
520
520
520
585.2488251
700
699.9992041
700
700
700
700
700
700
700
700
700
700
700
700
700
700
700
700
700
700
700
700
700
700
700
520
520
520
520
520
520
520
520
520
520
520
520
520
520
532.2363371
673.889249
699.9997067
700
700
700
700
700
700
700
700
700
700
700
700
700
700
700
700
700
700
700
700
700
700
700
520
520
520
520
520
520
520
520
520
520
520
520
520
520
520
558.9533672
699.9999664
700
700
700
700
700
700
700
700
700
700
700
700
700
700
700
700
700
700
700
700
700
700
700
520
520
520
520
520
520
520
520
520
520
520
520
520
520
520
542.1955263
699.9999122
700
700
700
700
700
700
700
700
700
700
700
700
700
700
700
700
700
700
700
700
700
700
700
520
520
520
520
520
520
520
520
520
520
520
520
520
520
520
546.1051338
699.9999991
700
700
700
700
700
700
700
700
700
700
700
700
700
700
700
700
700
700
700
700
700
700
700
520
520
520
520
520
520
520
520
520
520
520
520
520
520
520
559.1936515
699.9999987
700
700
700
700
700
700
700
700
700
700
700
700
700
700
700
700
700
700
700
700
700
700
700
520
520
520
520
520
520
520
520
520
520
520
520
520
520
520.0000001
577.7327935
699.9999987
700
700
700
700
700
700
700
700
700
700
700
700
700
700
700
700
700
700
700
700
700
700
700
520
520
520
520
520
520
520
520
520.0000001
520
520
520
520
520.0000001
520.0000001
602.792433
699.9999995
700
700
700
700
700
700
700
700
700
700
700
700
700
700
700
700
700
700
700
700
700
700
700
520
520
520
520
520
520
520
520
520.0000001
520.0000001
520.0000001
520.0000001
520.0000001
520.0000001
520.0000001
523.4825338
681.7295331
700
700
700
700
700
700
700
700
700
700
700
700
700
700
700
700
700
700
700
700
700
700
700
520
520
520
520
520
520
520
520
520.0000001
520.0000001
520.0000001
520.0000001
520.0000001
520.0000001
520.0000001
520
620.9808067
700
700
700
700
700
700
700
700
700
700
700
700
700
700
700
700
700
700
700
700
700
700
700
520
520
520
520
520
520
520
520
520.0000001
520.0000001
520.0000001
520.0000001
520.0000001
520.0000001
520
520
608.9427089
700
700
700
700
700
700
700
700
700
700
700
700
700
700
700
700
700
700
700
700
700
700
700
520
520
520
520
520
520
520
520
520.0000001
520.0000001
520.0000001
520.0000001
520.0000001
520.0000001
520.0000001
520
604.096674
700
700
700
700
700
700
700
700
700
700
700
700
700
700
700
700
700
700
700
700
700
700
700
520
520
520
520
520
520
520
520
520.0000001
520.0000002
520.0000002
520.0000001
520.0000001
520.0000001
520.0000001
520
595.3171417
699.9999999
700
700
700
700
700
700
700
700
700
700
700
700
700
700
700
700
700
700
700
700
700
700
520
520
520
520
520
520
520
520
520.0000002
520.0000002
520.0000002
520.0000002
520.0000001
520.0000001
520.0000001
520
595.3483625
699.9999999
700
700
700
700
700
700
700
700
700
700
700
700
700
700
700
700
700
700
700
700
700
700
520
520
520
520
520
520
520
520
520.0000002
520.0000002
520.0000002
520.0000002
520.0000001
520.0000001
520
520
568.4025116
699.9999999
700
700
700
700
700
700
700
700
700
700
700
700
700
700
700
700
700
700
700
700
700
700
520
520
520
520
520
520
520
520
520.0000001
520.0000001
520.0000001
520.0000001
520.0000001
520
520
520
542.5820342
700
700
700
700
700
700
700
700
700
700
700
700
700
700
700
700
700
700
700
700
700
700
700
520
520
520
520
520
520
520
520
520
520
520
520
520
520
520
520
541.1200421
700
700
700
700
700
700
700
700
700
700
700
700
700
700
700
700
700
700
700
700
700
700
700
520
520
520
520
520
520
520
520
520
520
520
520
520
520
520
520
559.7491908
699.9999998
700
700
700
700
700
700
700
700
700
700
700
700
700
700
700
700
700
700
700
700
700
700
520
520
520
520
520
520
520
520
520
520
520
520
520
520
520
520
672.7761376
700
700
700
700
700
700
700
700
700
700
700
700
700
700
700
700
700
700
700
700
700
700
700
520
520
520
520
520
520
520
520
520
520
520
520
520
520
520
593.2052175
700
699.9999999
700
700
700
700
700
700
700
700
700
700
700
700
700
700
700
700
700
700
700
700
700
700
520
520
520
520
520
520
520
520
520
520
520
520
520
520
520
528.0038198
594.4064583
699.9999999
700
700
700
700
700
700
700
700
700
700
700
700
700
700
700
700
700
700
700
700
700
700
520
520
520
520
520
520
520
520
520
520
520
520
520
520
520
520
597.312311
699.9999994
700
700
700
700
700
700
700
700
700
700
700
700
700
700
700
700
700
700
700
700
700
700
520
520
520
520
520
520
520
520
520
520
520
520
520
520
520
520
672.3279529
699.9999995
700
700
700
700
700
700
700
700
700
700
700
700
700
700
700
700
700
700
700
700
700
700
520
520
520
520
520
520
520
520
520
520
520
520
520
520
520
541.1238617
687.5248273
699.9999997
700
700
700
700
700
700
700
700
700
700
700
700
700
700
700
700
700
700
700
700
700
700
520
520
520
520
520
520
520
520
520
520
520
520
520
520
520
582.8830579
699.9999989
699.9999998
700
700
700
700
700
700
700
700
700
700
700
700
700
700
700
700
700
700
700
700
700
700
520
520
520
520
520
520
520
520
520
520
520
520
520
520
520
577.6915064
700
700
700
700
700
700
700
700
700
700
700
700
700
700
700
700
700
700
700
700
700
700
700
700
520
520
520
520
520
520
520
520
520
520
520
520
520
520
520
603.2674448
699.9999998
700
700
700
700
700
700
700
700
700
700
700
700
700
700
700
700
700
700
700
700
700
700
700
520.0000001
520
520
520
520
520
520
520
520
520
520
520
520
520
529.982796
686.6911333
699.9999999
699.9999998
700
700
700
700
700
700
700
700
700
700
700
700
700
700
700
700
700
700
700
700
700
700
520.0000001
520
520
520
520
520
520
520
520
520
520
520
520
520
527.0414757
606.7919529
699.9928143
700
700
700
700
700
700
700
700
700
700
700
700
700
700
700
700
700
700
700
700
700
700
700
520.0000001
520
520
520
520
520
520
520
)
;

boundaryField
{
    lowerWall
    {
        type            calculated;
        value           uniform 0;
    }
    atmosphere
    {
        type            calculated;
        value           uniform 0;
    }
    rightWall
    {
        type            empty;
    }
    leftWall
    {
        type            empty;
    }
    frontAndBack
    {
        type            calculated;
        value           uniform 0;
    }
}


// ************************************************************************* //
