/*--------------------------------*- C++ -*----------------------------------*\
| =========                 |                                                 |
| \\      /  F ield         | OpenFOAM: The Open Source CFD Toolbox           |
|  \\    /   O peration     | Version:  2506                                  |
|   \\  /    A nd           | Website:  www.openfoam.com                      |
|    \\/     M anipulation  |                                                 |
\*---------------------------------------------------------------------------*/
FoamFile
{
    version     2.0;
    format      ascii;
    arch        "LSB;label=32;scalar=64";
    class       volScalarField;
    location    "0.005";
    object      kappa;
}
// * * * * * * * * * * * * * * * * * * * * * * * * * * * * * * * * * * * * * //

dimensions      [1 1 -3 -1 0 0 0];

internalField   nonuniform List<scalar> 
3200
(
0.4
0.4
4.9954631
0.4000000039
0.4000000068
0.4000000118
6.686242838
24.99999999
24.99999131
25
25
25
25
25
25
25
25
25
25
25
25
25
25
25
25
25
25
25
25
25
25
25
0.4000000074
0.4
0.4
0.4
0.4
0.4
0.4
0.4
0.4
0.4
0.4
0.4000000003
0.4000000001
0.4000000042
5.450242622
24.99999999
24.99998765
25
25
25
25
25
25
25
25
25
25
25
25
25
25
25
25
25
25
25
25
25
25
25
0.4000000074
0.4
0.4
0.4
0.4
0.4
0.4
0.4
0.4
0.4
0.4
0.4000000001
0.4000000001
0.4000000004
12.5007371
21.58152107
24.99998281
25
25
25
25
25
25
25
25
25
25
25
25
25
25
25
25
25
25
25
25
25
25
25
0.4000000074
0.4
0.4
0.4
0.4
0.4
0.4
0.4
0.4
0.4
0.4
0.4
0.4
0.4000000003
8.74569205
9.15858758
24.99998072
25
25
25
25
25
25
25
25
25
25
25
25
25
25
25
25
25
25
25
25
25
25
25
0.4000000075
0.4
0.4
0.4
0.4
0.4
0.4
0.4
0.4000000001
0.4000000001
0.4
0.4
0.4
0.4000000002
20.00786487
19.40202097
24.99996322
25
25
25
25
25
25
25
25
25
25
25
25
25
25
25
25
25
25
25
25
25
25
25
0.4000000075
0.4
0.4
0.4
0.4
0.4
0.4
0.4
0.4000000005
0.4000000006
0.4000000004
0.4000000003
0.4000000001
0.4000000002
11.65804099
12.53778941
24.99990739
25
25
25
25
25
25
25
25
25
25
25
25
25
25
25
25
25
25
25
25
25
25
25
0.4000000075
0.4
0.4
0.4
0.4
0.4
0.4
0.4
0.4000000014
0.4000000013
0.4000000009
0.4000000005
0.4000000003
0.4000000002
0.4
7.644749058
24.99993158
25
25
25
25
25
25
25
25
25
25
25
25
25
25
25
25
25
25
25
25
25
25
25
0.4000000076
0.4
0.4
0.4
0.4
0.4
0.4
0.4
0.4000000016
0.4000000014
0.4000000006
0.4000000003
0.4000000002
0.4000000001
0.4
10.50374529
24.99999981
25
25
25
25
25
25
25
25
25
25
25
25
25
25
25
25
25
25
25
25
25
25
25
0.4000000077
0.4
0.4
0.4
0.4
0.4
0.4
0.4
0.400000002
0.4000000023
0.4000000025
0.4000000023
0.4000000027
0.4000000037
0.4000000078
0.4000002163
20.5059984
24.99999997
25
25
25
25
25
25
25
25
25
25
25
25
25
25
25
25
25
25
25
25
25
25
0.4000000077
0.4
0.4
0.4
0.4
0.4
0.4
0.4
0.4000000012
0.4000000015
0.4000000017
0.4000000017
0.4000000015
1.030487036
0.5131243182
0.4
3.22602457
24.03156269
25
25
25
25
25
25
25
25
25
25
25
25
25
25
25
25
25
25
25
25
25
25
0.4000000078
0.4
0.4
0.4
0.4
0.4
0.4
0.4
0.4000000007
0.4000000015
0.4000000019
0.400000002
0.4000000016
0.4003684529
0.4656977025
0.4000000001
0.4631925281
6.576162938
24.99999993
25
25
25
25
25
25
25
25
25
25
25
25
25
25
25
25
25
25
25
25
25
0.4000000079
0.4
0.4
0.4
0.4
0.4
0.4
0.4
0.4000000001
0.4000000001
0.4000000001
0.4
0.4000000001
0.4000000001
0.4000000001
0.4000000002
0.4
1.641519435
24.99999976
25
25
25
25
25
25
25
25
25
25
25
25
25
25
25
25
25
25
25
25
25
0.4000000079
0.4
0.4
0.4
0.4
0.4
0.4
0.4
0.4
0.4
0.4
0.4000000001
0.4000000002
0.4000000003
0.4000000005
0.4000000008
0.9595345459
7.441951062
24.99999995
25
25
25
25
25
25
25
25
25
25
25
25
25
25
25
25
25
25
25
25
25
0.400000008
0.4
0.4
0.4
0.4
0.4
0.4
0.4
0.4
0.4
0.4000000001
0.4000000003
0.4000000006
0.4000000011
0.4000000016
0.4000000019
8.327989178
13.51845952
25
25
25
25
25
25
25
25
25
25
25
25
25
25
25
25
25
25
25
25
25
25
0.400000008
0.4
0.4
0.4
0.4
0.4
0.4
0.4
0.4
0.4000000001
0.4000000003
0.4000000008
0.4000000014
0.400000002
0.4000000024
0.4000000027
2.852894668
24.67348384
24.99999999
25
25
25
25
25
25
25
25
25
25
25
25
25
25
25
25
25
25
25
25
25
0.4000000081
0.4
0.4
0.4
0.4
0.4
0.4
0.4
0.4000000001
0.4000000001
0.4000000004
0.4000000009
0.4000000016
0.4000000022
0.4000000027
0.4000000037
0.4000000004
9.370719662
24.99999994
25
25
25
25
25
25
25
25
25
25
25
25
25
25
25
25
25
25
25
25
25
0.4000000081
0.4
0.4
0.4
0.4
0.4
0.4
0.4
0.4000000045
0.4000000003
0.4000000002
0.4000000006
0.4000000012
0.4000000016
0.4000000024
0.4000000044
0.4000000001
2.009275314
24.99999981
25
25
25
25
25
25
25
25
25
25
25
25
25
25
25
25
25
25
25
25
25
0.4000000082
0.4
0.4
0.4
0.4
0.4
0.4
0.4
0.4000000188
0.4000000044
0.4000000016
0.4000000009
0.400000001
0.4000000011
0.4000000026
0.4000000064
0.4
8.65085171
24.99999945
25
25
25
25
25
25
25
25
25
25
25
25
25
25
25
25
25
25
25
25
25
0.4000000082
0.4
0.4
0.4
0.4
0.4
0.4
0.4
0.4000000366
0.4000000218
0.4000000088
0.4000000047
0.4000000032
0.4000000029
0.4000000048
0.4000000109
0.7322297583
12.78593349
24.99999888
25
25
25
25
25
25
25
25
25
25
25
25
25
25
25
25
25
25
25
25
25
0.4000000082
0.4
0.4
0.4
0.4
0.4
0.4
0.4
0.4000000462
0.400000025
0.4000000262
0.4000000176
0.4000000122
0.4000000097
0.40000001
0.4000000165
0.4000000361
12.55887681
24.99996189
25
25
25
25
25
25
25
25
25
25
25
25
25
25
25
25
25
25
25
25
25
0.4000000082
0.4
0.4
0.4
0.4
0.4
0.4
0.4
0.40000001
0.4000000118
0.4000000152
0.4000000178
0.4000000184
0.4000000208
0.4000000147
0.4000000196
0.4000000882
11.43929435
24.99999859
25
25
25
25
25
25
25
25
25
25
25
25
25
25
25
25
25
25
25
25
25
0.4000000082
0.4
0.4
0.4
0.4
0.4
0.4
0.4
0.4000000014
0.4000000028
0.4000000043
0.4000000071
0.4000000082
1.380207248
0.4000000003
0.4000000167
0.6054601279
14.35935415
24.9999997
25
25
25
25
25
25
25
25
25
25
25
25
25
25
25
25
25
25
25
25
25
0.4000000082
0.4
0.4
0.4
0.4
0.4
0.4
0.4
0.4000000001
0.4000000003
0.4000000012
0.4000000017
0.4000000014
0.4000000004
0.4000000005
0.4000000143
0.5741952745
17.36675955
24.99999663
25
25
25
25
25
25
25
25
25
25
25
25
25
25
25
25
25
25
25
25
25
0.4000000082
0.4
0.4
0.4
0.4
0.4
0.4
0.4
0.4
0.4
0.4000000003
0.4000000006
0.4000000004
0.4000000003
0.4000000005
0.4000000055
0.4000000007
18.3417391
24.99999993
25
25
25
25
25
25
25
25
25
25
25
25
25
25
25
25
25
25
25
25
25
0.4000000081
0.4
0.4
0.4
0.4
0.4
0.4
0.4
0.4
0.4
0.4000000001
0.4000000002
0.4000000002
0.4000000002
0.4000000005
0.4000000013
0.5762695128
21.15660831
25
25
25
25
25
25
25
25
25
25
25
25
25
25
25
25
25
25
25
25
25
25
0.4000000081
0.4
0.4
0.4
0.4
0.4
0.4
0.4
0.4
0.4
0.4
0.4
0.4000000001
0.4000000003
0.4000000008
0.4000000011
4.37820475
24.99999994
25
25
25
25
25
25
25
25
25
25
25
25
25
25
25
25
25
25
25
25
25
25
0.400000008
0.4
0.4
0.4
0.4
0.4
0.4
0.4
0.4
0.4
0.4
0.4
0.4000000002
0.4000000008
0.4000000013
0.4000000013
5.630031656
24.9999999
25
25
25
25
25
25
25
25
25
25
25
25
25
25
25
25
25
25
25
25
25
25
0.4000000079
0.4
0.4
0.4
0.4
0.4
0.4
0.4
0.4
0.4
0.4000000001
0.4000000003
0.4000000008
0.4000000019
0.4000000024
0.4000000016
5.617137266
24.99999999
25
25
25
25
25
25
25
25
25
25
25
25
25
25
25
25
25
25
25
25
25
25
0.4000000078
0.4
0.4
0.4
0.4
0.4
0.4
0.4
0.4
0.4000000001
0.4000000005
0.4000000013
0.4000000024
0.4000000035
0.4000000036
0.4000000007
9.510691871
25
25
25
25
25
25
25
25
25
25
25
25
25
25
25
25
25
25
25
25
25
25
25
0.4000000077
0.4
0.4
0.4
0.4
0.4
0.4
0.4
0.4
0.4000000003
0.4000000013
0.4000000026
0.4000000045
0.4000000062
0.4000000036
0.9598408579
22.469937
24.99999999
25
25
25
25
25
25
25
25
25
25
25
25
25
25
25
25
25
25
25
25
25
25
0.4000000075
0.4
0.4
0.4
0.4
0.4
0.4
0.4
0.4000000002
0.4000000009
0.4000000035
0.4000000025
0.4000000015
0.4000000106
0.4000000052
0.4000000019
11.90846346
24.99999998
25
25
25
25
25
25
25
25
25
25
25
25
25
25
25
25
25
25
25
25
25
25
0.4000000074
0.4
0.4
0.4
0.4
0.4
0.4
0.4
0.4000000005
0.4000000014
0.4000000107
0.4000000172
0.4000000135
0.4000000497
0.4000000302
0.4000000107
9.611669032
25
25
25
25
25
25
25
25
25
25
25
25
25
25
25
25
25
25
25
25
25
25
25
0.4000000073
0.4
0.4
0.4
0.4
0.4
0.4
0.4
0.4000000006
0.4000000001
0.400000033
0.400000067
0.4000000566
0.4000000135
0.4000000002
2.228122609
17.72338408
24.99999999
25
25
25
25
25
25
25
25
25
25
25
25
25
25
25
25
25
25
25
25
25
25
0.4000000071
0.4
0.4
0.4
0.4
0.4
0.4
0.4
0.4000000001
0.4000000001
0.400000019
0.4000000424
0.400000048
0.4000000384
0.4000000119
16.14682791
24.99999997
25
25
25
25
25
25
25
25
25
25
25
25
25
25
25
25
25
25
25
25
25
25
25
0.4000000069
0.4
0.4
0.4
0.4
0.4
0.4
0.4
0.4
0.4000000007
0.4000000105
0.4000000188
0.4000000226
0.4000000237
0.4001591001
23.60097837
24.99999988
25
25
25
25
25
25
25
25
25
25
25
25
25
25
25
25
25
25
25
25
25
25
25
0.4000000068
0.4
0.4
0.4
0.4
0.4
0.4
0.4
0.4000000002
0.4000000032
0.400000012
0.4000000214
0.4000000278
0.4000000275
0.4
16.36684772
24.99999779
25
25
25
25
25
25
25
25
25
25
25
25
25
25
25
25
25
25
25
25
25
25
25
0.4000000066
0.4
0.4
0.4
0.4
0.4
0.4
0.4
0.4000000017
0.400000009
0.4000000154
0.4000000216
0.4000000305
0.4000000296
0.400000016
9.459891362
24.99998068
25
25
25
25
25
25
25
25
25
25
25
25
25
25
25
25
25
25
25
25
25
25
25
0.4000000065
0.4
0.4
0.4
0.4
0.4
0.4
0.4
0.4000000087
0.4000000143
0.4000000146
0.4000000148
0.4000000178
0.4000000233
0.4000000143
6.383297649
24.99998874
25
25
25
25
25
25
25
25
25
25
25
25
25
25
25
25
25
25
25
25
25
25
25
0.4000000063
0.4
0.4
0.4
0.4
0.4
0.4
0.4
0.4000000088
0.4000000086
0.4000000076
0.4000000064
0.4154735071
2.461746262
15.8180881
20.8970636
24.99997496
25
25
25
25
25
25
25
25
25
25
25
25
25
25
25
25
25
25
25
25
25
25
25
0.4000000061
0.4
0.4
0.4
0.4
0.4
0.4
0.4
0.4000000018
0.4000000046
0.4000000065
0.4000000106
0.4
4.294055249
24.59582184
24.99999991
24.99998004
25
25
25
25
25
25
25
25
25
25
25
25
25
25
25
25
25
25
25
25
25
25
25
0.400000006
0.4
0.4
0.4
0.4
0.4
0.4
0.4
0.4000000003
0.4000000009
0.401972586
0.4
0.4
0.6373424717
10.31595406
5.681600851
24.99999231
25
25
25
25
25
25
25
25
25
25
25
25
25
25
25
25
25
25
25
25
25
25
25
0.4000000059
0.4
0.4
0.4
0.4
0.4
0.4
0.4
0.4000000003
0.4000000005
1.495205408
0.7701137325
0.4000000002
0.4000000015
1.66788769
5.254979173
24.99998726
25
25
25
25
25
25
25
25
25
25
25
25
25
25
25
25
25
25
25
25
25
25
25
0.4000000057
0.4
0.4
0.4
0.4
0.4
0.4
0.4
0.4000000002
0.4000000004
0.4000000004
0.8288776763
0.4216838897
0.400000001
13.39920532
6.553095821
24.99998493
25
25
25
25
25
25
25
25
25
25
25
25
25
25
25
25
25
25
25
25
25
25
25
0.4000000056
0.4
0.4
0.4
0.4
0.4
0.4
0.4
0.4000000001
0.4000000002
0.4000000003
0.4000000003
1.161834674
0.4013286312
11.04370071
5.856858433
24.99998742
25
25
25
25
25
25
25
25
25
25
25
25
25
25
25
25
25
25
25
25
25
25
25
0.4000000055
0.4
0.4
0.4
0.4
0.4
0.4
0.4
0.4
0.4000000001
0.4000000002
0.4000000002
7.320396723
0.4548508091
18.43068538
6.456505059
24.99998473
25
25
25
25
25
25
25
25
25
25
25
25
25
25
25
25
25
25
25
25
25
25
25
0.4000000054
0.4
0.4
0.4
0.4
0.4
0.4
0.4
0.4
0.4
0.4000000001
0.4000000001
12.51046667
0.4
13.63005928
9.033742541
24.99997591
25
25
25
25
25
25
25
25
25
25
25
25
25
25
25
25
25
25
25
25
25
25
25
0.4000000053
0.4
0.4
0.4
0.4
0.4
0.4
0.4
0.4
0.4
0.4
0.4000000347
17.86456762
1.955035245
5.239014172
1.715471182
24.99997268
25
25
25
25
25
25
25
25
25
25
25
25
25
25
25
25
25
25
25
25
25
25
25
0.4000000052
0.4
0.4
0.4
0.4
0.4
0.4
0.4
0.4
0.4
0.4
0.4000000265
16.13820282
2.01591037
0.4
1.656732284
24.99996652
25
25
25
25
25
25
25
25
25
25
25
25
25
25
25
25
25
25
25
25
25
25
25
0.4000000052
0.4
0.4
0.4
0.4
0.4
0.4
0.4
0.4
0.4
0.4
0.4000000134
13.03368367
2.185558068
1.636882216
15.24481719
24.99997971
25
25
25
25
25
25
25
25
25
25
25
25
25
25
25
25
25
25
25
25
25
25
25
0.4000000051
0.4
0.4
0.4
0.4
0.4
0.4
0.4
0.4
0.4
0.4
0.4000000054
23.97594841
6.023092192
10.45823935
19.46686076
24.99995426
25
25
25
25
25
25
25
25
25
25
25
25
25
25
25
25
25
25
25
25
25
25
25
0.4000000051
0.4
0.4
0.4
0.4
0.4
0.4
0.4
0.4
0.4
0.4
0.4000000014
12.21148574
1.072804246
0.6182966547
17.10606189
24.99996829
25
25
25
25
25
25
25
25
25
25
25
25
25
25
25
25
25
25
25
25
25
25
25
0.4000000051
0.4
0.4
0.4
0.4
0.4
0.4
0.4
0.4
0.4
0.4
0.4000000002
0.4000000002
0.4000000013
9.317339429
24.99999999
24.99989123
25
25
25
25
25
25
25
25
25
25
25
25
25
25
25
25
25
25
25
25
25
25
25
0.4000000051
0.4
0.4
0.4
0.4
0.4
0.4
0.4
0.4
0.4000000001
0.4000000001
0.4000000002
0.4000000004
0.4000000022
2.072299409
21.4315307
24.99995992
25
25
25
25
25
25
25
25
25
25
25
25
25
25
25
25
25
25
25
25
25
25
25
0.4000000051
0.4
0.4
0.4
0.4
0.4
0.4
0.4
0.4000000001
0.4000000003
0.4000000003
0.4000000003
0.4000000005
0.4000000034
0.4000000023
5.723626856
24.9999954
25
25
25
25
25
25
25
25
25
25
25
25
25
25
25
25
25
25
25
25
25
25
25
0.4000000051
0.4
0.4
0.4
0.4
0.4
0.4
0.4
0.4000000005
0.4000000007
0.4000000006
0.4000000005
0.4000000007
0.4000000038
0.4000000036
3.433388594
24.999988
25
25
25
25
25
25
25
25
25
25
25
25
25
25
25
25
25
25
25
25
25
25
25
0.4000000052
0.4
0.4
0.4
0.4
0.4
0.4
0.4
0.4000000014
0.4000000011
0.4000000007
0.4000000007
0.4000000011
0.4000000037
0.4000000048
3.967701617
24.99999988
25
25
25
25
25
25
25
25
25
25
25
25
25
25
25
25
25
25
25
25
25
25
25
0.4000000052
0.4
0.4
0.4
0.4
0.4
0.4
0.4
0.4000000024
0.4000000013
0.4000000009
0.400000001
0.4000000015
0.4000000043
0.4000000058
5.756465706
24.99999983
25
25
25
25
25
25
25
25
25
25
25
25
25
25
25
25
25
25
25
25
25
25
25
0.4000000053
0.4
0.4
0.4
0.4
0.4
0.4
0.4
0.4000000039
0.4000000024
0.4000000015
0.4000000013
0.4000000018
0.4000000054
0.4000000069
8.290148448
24.99999982
25
25
25
25
25
25
25
25
25
25
25
25
25
25
25
25
25
25
25
25
25
25
25
0.4000000053
0.4
0.4
0.4
0.4
0.4
0.4
0.4
0.400000007
0.4000000054
0.4000000037
0.4000000029
0.4000000035
0.4000000072
0.4000000078
11.71496584
24.99999993
25
25
25
25
25
25
25
25
25
25
25
25
25
25
25
25
25
25
25
25
25
25
25
0.4000000054
0.4
0.4
0.4
0.4
0.4
0.4
0.4
0.40000001
0.4000000097
0.4000000087
0.4000000075
0.4000000074
0.4000000094
0.4000000086
0.8759462874
22.5030362
25
25
25
25
25
25
25
25
25
25
25
25
25
25
25
25
25
25
25
25
25
25
25
0.4000000055
0.4
0.4
0.4
0.4
0.4
0.4
0.4
0.4000000121
0.4000000132
0.4000000132
0.4000000126
0.4000000108
0.40000001
0.4000000078
0.4000000024
14.20071025
25
25
25
25
25
25
25
25
25
25
25
25
25
25
25
25
25
25
25
25
25
25
25
0.4000000055
0.4
0.4
0.4
0.4
0.4
0.4
0.4
0.4000000129
0.4000000154
0.4000000155
0.4000000143
0.4000000116
0.4000000089
0.4000000066
0.4000000023
12.55550355
25
25
25
25
25
25
25
25
25
25
25
25
25
25
25
25
25
25
25
25
25
25
25
0.4000000056
0.4
0.4
0.4
0.4
0.4
0.4
0.4
0.400000013
0.4000000177
0.4000000175
0.4000000148
0.4000000114
0.4000000085
0.4000000069
0.4000000025
11.89321212
25
25
25
25
25
25
25
25
25
25
25
25
25
25
25
25
25
25
25
25
25
25
25
0.4000000057
0.4
0.4
0.4
0.4
0.4
0.4
0.4
0.4000000169
0.400000023
0.4000000217
0.4000000173
0.400000013
0.4000000105
0.4000000093
0.4000000036
10.69334269
24.99999998
25
25
25
25
25
25
25
25
25
25
25
25
25
25
25
25
25
25
25
25
25
25
0.4000000058
0.4
0.4
0.4
0.4
0.4
0.4
0.4
0.4000000277
0.4000000323
0.4000000273
0.4000000211
0.4000000158
0.4000000121
0.4000000077
0.4000000031
10.69760954
24.99999999
25
25
25
25
25
25
25
25
25
25
25
25
25
25
25
25
25
25
25
25
25
25
0.4000000059
0.4
0.4
0.4
0.4
0.4
0.4
0.4
0.4000000271
0.4000000331
0.4000000277
0.400000021
0.4000000151
0.4000000096
0.400000005
0.4000000025
7.015009913
24.99999998
25
25
25
25
25
25
25
25
25
25
25
25
25
25
25
25
25
25
25
25
25
25
0.400000006
0.4
0.4
0.4
0.4
0.4
0.4
0.4
0.4000000122
0.4000000193
0.4000000182
0.4000000135
0.4000000096
0.4000000057
0.4000000032
0.4000000023
3.486211345
25
25
25
25
25
25
25
25
25
25
25
25
25
25
25
25
25
25
25
25
25
25
25
0.4000000061
0.4
0.4
0.4
0.4
0.4
0.4
0.4
0.4000000024
0.4000000056
0.4000000065
0.4000000046
0.4000000034
0.4000000023
0.4000000017
0.4000000017
3.286405758
25
25
25
25
25
25
25
25
25
25
25
25
25
25
25
25
25
25
25
25
25
25
25
0.4000000062
0.4
0.4
0.4
0.4
0.4
0.4
0.4
0.4000000002
0.4000000007
0.4000000011
0.4000000007
0.4000000005
0.4000000007
0.4000000008
0.4000000011
5.832389407
24.99999997
25
25
25
25
25
25
25
25
25
25
25
25
25
25
25
25
25
25
25
25
25
25
0.4000000063
0.4
0.4
0.4
0.4
0.4
0.4
0.4
0.4
0.4
0.4000000001
0.4000000001
0.4000000001
0.4000000002
0.4000000004
0.4000000007
21.27940547
25
25
25
25
25
25
25
25
25
25
25
25
25
25
25
25
25
25
25
25
25
25
25
0.4000000064
0.4
0.4
0.4
0.4
0.4
0.4
0.4
0.4
0.4
0.4
0.4000000001
0.4000000001
0.4000000001
0.4000000001
10.40471305
25
24.99999998
25
25
25
25
25
25
25
25
25
25
25
25
25
25
25
25
25
25
25
25
25
25
0.4000000064
0.4
0.4
0.4
0.4
0.4
0.4
0.4
0.4
0.4
0.4
0.4
0.4000000001
0.4000000001
0.4000000001
1.493855372
10.56888263
24.99999999
25
25
25
25
25
25
25
25
25
25
25
25
25
25
25
25
25
25
25
25
25
25
0.4000000065
0.4
0.4
0.4
0.4
0.4
0.4
0.4
0.4
0.4
0.4
0.4
0.4
0.4000000001
0.4000000001
0.4000000002
10.96601584
24.99999992
25
25
25
25
25
25
25
25
25
25
25
25
25
25
25
25
25
25
25
25
25
25
0.4000000066
0.4
0.4
0.4
0.4
0.4
0.4
0.4
0.4
0.4
0.4
0.4
0.4
0.4000000001
0.4000000002
0.4000000039
21.21815357
24.99999993
25
25
25
25
25
25
25
25
25
25
25
25
25
25
25
25
25
25
25
25
25
25
0.4000000067
0.4
0.4
0.4
0.4
0.4
0.4
0.4
0.4
0.4
0.4
0.4
0.4
0.4
0.4
3.286927772
23.29505973
24.99999995
25
25
25
25
25
25
25
25
25
25
25
25
25
25
25
25
25
25
25
25
25
25
0.4000000067
0.4
0.4
0.4
0.4
0.4
0.4
0.4
0.4
0.4
0.4
0.4
0.4
0.4
0.4
8.994017907
24.99999984
24.99999997
25
25
25
25
25
25
25
25
25
25
25
25
25
25
25
25
25
25
25
25
25
25
0.4000000068
0.4
0.4
0.4
0.4
0.4
0.4
0.4
0.4
0.4
0.4
0.4
0.4
0.4
0.4
8.284505875
25
25
25
25
25
25
25
25
25
25
25
25
25
25
25
25
25
25
25
25
25
25
25
25
0.4000000068
0.4
0.4
0.4
0.4
0.4
0.4
0.4
0.4
0.4
0.4
0.4
0.4
0.4
0.4
11.77988412
24.99999997
25
25
25
25
25
25
25
25
25
25
25
25
25
25
25
25
25
25
25
25
25
25
25
0.4000000068
0.4
0.4
0.4
0.4
0.4
0.4
0.4
0.4
0.4
0.4
0.4
0.4
0.4
1.764315448
23.18112155
24.99999998
24.99999997
25
25
25
25
25
25
25
25
25
25
25
25
25
25
25
25
25
25
25
25
25
25
0.4000000069
0.4
0.4
0.4
0.4
0.4
0.4
0.4
0.4
0.4
0.4
0.4
0.4
0.4
1.362335006
12.2615669
24.99901795
25
25
25
25
25
25
25
25
25
25
25
25
25
25
25
25
25
25
25
25
25
25
25
0.4000000069
0.4
0.4
0.4
0.4
0.4
0.4
0.4
)
;

boundaryField
{
    lowerWall
    {
        type            calculated;
        value           uniform 0;
    }
    atmosphere
    {
        type            calculated;
        value           uniform 0;
    }
    rightWall
    {
        type            empty;
    }
    leftWall
    {
        type            empty;
    }
    frontAndBack
    {
        type            calculated;
        value           uniform 0;
    }
}


// ************************************************************************* //
