/*--------------------------------*- C++ -*----------------------------------*\
| =========                 |                                                 |
| \\      /  F ield         | OpenFOAM: The Open Source CFD Toolbox           |
|  \\    /   O peration     | Version:  2506                                  |
|   \\  /    A nd           | Website:  www.openfoam.com                      |
|    \\/     M anipulation  |                                                 |
\*---------------------------------------------------------------------------*/
FoamFile
{
    version     2.0;
    format      ascii;
    arch        "LSB;label=32;scalar=64";
    class       volScalarField;
    location    "0.005";
    object      p;
}
// * * * * * * * * * * * * * * * * * * * * * * * * * * * * * * * * * * * * * //

dimensions      [1 -1 -2 0 0 0 0];

internalField   nonuniform List<scalar> 
3200
(
-2.692960616
-0.4362503761
1218.412144
-8.12450449
-7.129651324
-7.354336906
1175.360649
18142.15252
18241.86871
14990.22091
13001.7962
11653.88987
10657.13355
9865.216788
9197.760967
8607.075934
8063.033251
7545.752811
7041.804934
6542.073053
6040.451187
5532.993215
5017.325665
4492.230121
3957.340845
3412.921085
2859.695109
2298.723261
1731.309686
1158.932129
583.1862279
5.740425383
-0.07006511848
-0.07222173947
-0.07437835962
-0.07653497977
-0.07869159989
-0.08084822001
-0.08300484011
-0.08516146021
-4.027331214
-2.541637152
-6.470655814
-10.0936019
-7.158055201
-7.861479024
720.4401745
17572.66095
15511.31946
13727.29015
12361.27993
11302.74364
10452.29894
9740.762059
9120.99707
8560.441084
8036.279148
7532.428949
7037.59788
6543.972331
6046.297299
5541.212271
5026.761687
4502.031544
3966.879792
3421.735432
2867.447078
2305.169185
1736.277333
1162.304292
584.8899743
5.740425383
-0.07006511847
-0.07222173947
-0.07437835962
-0.07653497976
-0.07869159989
-0.08084822001
-0.08300484011
-0.08516146022
-4.325985643
-4.428871514
-4.227344657
-5.60314864
-5.519080153
-4.240471293
4161.34493
11573.08122
12505.32082
12046.34845
11413.29666
10743.51502
10108.56723
9524.547758
8985.037773
8477.426648
7989.228506
7510.102178
7032.202128
6549.937348
6059.569299
5558.812696
5046.49229
4522.267893
3986.423047
3439.704281
2883.197812
2318.23648
1746.331405
1169.121173
588.331715
5.740425383
-0.07006511846
-0.07222173946
-0.07437835962
-0.07653497976
-0.07869159989
-0.08084822001
-0.08300484011
-0.08516146021
-5.420377699
-6.745612649
-7.686487172
-8.293580506
-7.928092548
-4.567841777
2025.071047
2111.43323
9401.002949
10539.49082
10502.04926
10149.46016
9713.916374
9263.834113
8817.190831
8375.01145
7933.119029
7486.562827
7031.185178
6564.019885
6083.244218
5587.990195
5078.137921
4554.13433
4016.850125
3467.470554
2907.410748
2338.251493
1761.692815
1179.520146
593.577114
5.740425384
-0.07006511845
-0.07222173946
-0.07437835962
-0.07653497976
-0.07869159989
-0.08084822001
-0.08300484011
-0.08516146021
-5.88245984
-10.49554998
-13.67170417
-13.77916987
-14.74196297
-15.42774069
13776.89645
12996.12066
11142.76834
10208.56514
9905.955022
9638.366632
9333.812275
8999.691001
8644.890563
8272.320823
7881.685617
7471.858305
7041.969095
6591.725242
6121.409633
5631.777903
5123.945427
4599.290294
4059.381147
3505.925496
2940.729985
2365.670422
1782.671471
1193.692861
600.7174788
5.740425384
-0.07006511844
-0.07222173946
-0.07437835962
-0.07653497976
-0.07869159989
-0.08084822
-0.08300484011
-0.08516146021
-4.03407024
-18.35453242
-26.87051376
-24.12946787
-42.14520627
-33.70321571
3639.672252
5474.730426
8884.508405
9246.04818
9274.844636
9164.245532
8983.282821
8756.236131
8490.369794
8187.706685
7849.45536
7477.227689
7073.11932
6639.513388
6178.901755
5693.777091
5186.585242
4659.708186
4115.466149
3556.127902
2983.919868
2401.033577
1809.63372
1211.865834
609.8610374
5.740425385
-0.07006511844
-0.07222173946
-0.07437835962
-0.07653497976
-0.07869159989
-0.08084822
-0.08300484011
-0.08516146021
-4.820984661
-29.50628433
-38.47716222
-29.7693853
-17.4791057
-3.491778169
67.30552509
514.9355528
7673.667302
8616.275352
8783.134865
8760.494918
8678.845219
8551.609669
8372.655338
8138.690956
7851.21116
7514.488453
7133.777356
6714.316718
6260.915414
5777.852439
5268.918623
4737.497726
4186.653316
3619.205939
3037.792959
2444.913989
1842.967258
1234.278453
621.1221434
5.740425385
-0.07006511843
-0.07222173946
-0.07437835962
-0.07653497976
-0.07869159989
-0.08084822
-0.08300484011
-0.08516146021
-10.07517699
-41.68357985
-55.05707903
-37.32503336
-9.581843064
-15.19284178
50.52667987
1618.497504
9342.475201
8762.294485
8480.929042
8415.760043
8420.000672
8398.709893
8309.959618
8143.200056
7902.218759
7595.746979
7233.194374
6823.069341
6372.597457
5887.805856
5373.746288
4834.716691
4274.448588
3696.254254
3103.135584
2497.864568
1883.045065
1261.160451
634.6101934
5.740425386
-0.07006511843
-0.07222173946
-0.07437835962
-0.07653497976
-0.07869159989
-0.08084822
-0.08300484011
-0.08516146021
-6.187881481
-19.45632737
-30.05658389
-23.14586621
-3.186137017
28.16768098
56.89288476
-38.70402177
7832.304212
8601.072962
7962.531191
8001.621013
8186.694173
8313.276709
8325.281277
8221.939828
8018.726288
7733.094666
7380.192649
6972.176975
6518.604729
6027.032822
5503.549793
4953.179342
4380.17499
3788.23144
3180.633905
2560.365831
1930.189887
1292.709878
650.4191524
5.740425387
-0.07006511842
-0.07222173946
-0.07437835962
-0.07653497976
-0.07869159988
-0.08084822
-0.08300484011
-0.08516146021
-1.463759624
1.371141512
1.818386624
1.474254391
3.574621735
72.86633276
68.92763089
-9.908123433
185.1590517
6532.906027
6765.897864
7441.503361
8011.884483
8342.428437
8455.956966
8400.55942
8217.661207
7937.719676
7582.312622
7166.848335
6702.616351
6198.174907
5660.244228
5094.278941
4504.844
3895.866271
3270.80576
2632.777186
1984.640808
1329.072185
668.6176439
5.740425387
-0.07006511841
-0.07222173946
-0.07437835961
-0.07653497976
-0.07869159988
-0.08084822
-0.08300484011
-0.08516146021
-0.1402552728
3.036519368
3.748420415
3.131963731
3.319710494
-5.277050258
16.79737569
0.807954883
3.816371485
216.8508479
4894.666219
6986.614065
8076.91768
8588.601678
8755.565457
8706.685934
8513.64736
8217.815347
7844.497823
7410.293171
6926.841418
6402.809523
5844.97515
5258.849125
4649.057243
4019.586044
3373.9478
2715.298287
2046.526092
1370.322828
689.2404299
5.740425388
-0.0700651184
-0.07222173946
-0.07437835961
-0.07653497976
-0.07869159988
-0.08084822
-0.08300484011
-0.08516146021
0.1281646826
1.302627342
0.9576815209
0.7324260374
0.3938681381
-3.395697708
6.675152222
1.893605294
20.28343554
-0.9432491592
4838.389991
7533.373121
8720.57501
9179.499705
9271.023046
9156.979119
8912.434654
8575.398716
8167.576959
7702.989837
7191.65051
6641.251017
6058.001078
5447.087287
4812.951831
4159.475079
3490.10315
2807.944055
2115.844765
1416.45508
712.2822609
5.740425388
-0.07006511839
-0.07222173945
-0.07437835961
-0.07653497975
-0.07869159988
-0.08084822
-0.0830048401
-0.0851614602
-0.005334818996
0.7074356159
0.4708348971
-0.18742483
-1.294584243
-2.461797918
2.458225657
0.1192643706
17.71878373
948.4881757
7795.518004
9587.920503
10092.51543
10137.80537
9992.051547
9737.778053
9403.72064
9003.770043
8547.42615
8042.443529
7495.524268
6912.547279
6298.694169
5658.549683
4996.190326
4315.261905
3619.047971
2910.532259
2192.456373
1467.372822
737.6941556
5.740425389
-0.07006511838
-0.07222173945
-0.07437835961
-0.07653497975
-0.07869159988
-0.08084821999
-0.0830048401
-0.0851614602
0.1942198491
0.6838557729
0.7933744399
0.06277731778
-1.047544471
-0.4289056772
0.274949374
-1.658325861
2199.751002
4737.917674
14025.99182
12930.27636
11923.76361
11287.15832
10821.60303
10398.36571
9960.906084
9488.542111
8975.915808
8423.83385
7835.456996
7214.721749
6565.680624
5892.229089
5198.000503
4486.336951
3760.297035
3022.683091
2276.07826
1522.887746
765.3817828
5.74042539
-0.07006511837
-0.07222173945
-0.07437835961
-0.07653497975
-0.07869159988
-0.08084821999
-0.0830048401
-0.0851614602
0.1379297258
0.1884127445
-0.2102496335
-3.628189589
-10.39079426
-12.90332857
-8.378742795
-4.944020439
180.8525225
26527.90178
25396.52587
16183.43004
13385.10599
12265.46532
11608.84035
11073.1811
10552.99529
10013.58378
9443.867379
8841.523496
8207.751999
7545.205341
6857.080171
6146.688337
5417.248759
4671.791406
3913.12289
3143.827511
2366.288454
1582.719916
795.2054223
5.74042539
-0.07006511837
-0.07222173945
-0.07437835961
-0.07653497975
-0.07869159987
-0.08084821999
-0.0830048401
-0.0851614602
0.2023047435
-0.3222572553
-1.309113095
-7.007831898
-20.23963643
-27.82585337
-19.20032611
-8.30340608
3.587042461
2409.652549
10346.87775
13021.66901
13167.76892
12780.76046
12275.11408
11732.52771
11164.3134
10568.93278
9944.449066
9290.644284
8608.826042
7901.271056
7170.749906
6420.199134
5652.518743
4870.460693
4076.578868
3273.218634
2462.530783
1646.499803
826.9806302
5.740425391
-0.07006511836
-0.07222173945
-0.0743783596
-0.07653497975
-0.07869159987
-0.08084821999
-0.0830048401
-0.0851614602
0.001570382161
-0.9417657417
-2.47821686
-7.964561878
-19.69926278
-26.57193029
-16.89861616
-4.50939316
3.733623761
76.1630296
7633.201056
12388.30399
13483.54119
13414.69313
12978.32579
12417.50184
11802.80121
11153.38595
10474.3538
9767.781911
9035.640544
8280.306683
7504.453412
6710.844179
5902.171113
5080.958148
4249.517145
3409.940769
2564.119
1713.769927
860.4787284
5.740425391
-0.07006511835
-0.07222173945
-0.0743783596
-0.07653497974
-0.07869159987
-0.08084821999
-0.08300484009
-0.08516146019
-0.2307634148
-1.024226787
-2.290770284
-5.514457686
-10.85324116
-13.84435412
-9.147400115
-0.2609676915
4.27524197
2816.328207
15732.24775
15407.49951
14963.39339
14416.15527
13805.99515
13156.35695
12476.00901
11767.45914
11031.80228
10270.49356
9485.652064
8679.86659
7855.918391
7016.558925
6164.369209
5301.689116
4430.595631
3552.91227
2670.237613
1783.984842
895.4265663
5.740425392
-0.07006511835
-0.07222173944
-0.0743783596
-0.07653497974
-0.07869159987
-0.08084821998
-0.08300484009
-0.08516146019
-0.3194857272
-0.4303926307
-1.039785794
-2.092892662
-3.945062404
-5.505065758
-3.536484177
-0.3708410959
7.659647506
7487.312573
23852.61811
18540.47503
16546.36964
15480.5347
14673.14146
13925.92354
13177.42068
12408.64231
11614.90782
10796.74385
9956.613534
9097.595786
8222.801812
7335.111183
6437.064797
5530.84034
4618.270151
3700.88001
2779.93819
1856.508848
931.5053816
5.740425392
-0.07006511834
-0.07222173944
-0.0743783596
-0.07653497974
-0.07869159987
-0.08084821998
-0.08300484009
-0.08516146019
-0.05616935261
0.02120905538
-0.2870850988
-0.4105340017
-0.7915820078
-1.119519788
0.2374499951
1.63835176
-0.7340172283
6668.628985
19672.10917
18357.50808
17201.07064
16286.47061
15480.11423
14696.77668
13899.10927
13074.78494
12222.44752
11344.96599
10446.46889
9531.108877
8602.590246
7664.027467
6717.946626
5766.345484
4810.772239
3852.405694
2892.131347
1930.611657
968.3489398
5.740425392
-0.07006511834
-0.07222173944
-0.0743783596
-0.07653497974
-0.07869159986
-0.08084821998
-0.08300484009
-0.08516146019
-0.08925790835
-0.03421652633
-0.03970653658
-0.1211575296
-0.3229939763
-0.9278532419
1.063240396
2.883956005
3.998792598
5032.540316
17621.13032
18018.88615
17613.93081
16984.16265
16264.06858
15481.96041
14647.45585
13768.94412
12855.13587
11914.20931
10953.19409
9977.789041
8992.431925
8000.470641
7004.357497
6005.831772
5006.076393
4005.846777
3005.576292
2005.463145
1005.54147
5.740425393
-0.07006511834
-0.07222173944
-0.07437835959
-0.07653497974
-0.07869159986
-0.08084821998
-0.08300484008
-0.08516146019
-0.1160805668
0.01873071114
0.05859642945
0.3050961678
-0.02839528716
92.13023425
4.549135633
4.888469366
9.592739823
8070.812418
18420.81741
18483.57305
18251.60221
17772.18033
17110.03571
16319.54106
15439.81195
14498.40329
13514.94699
12503.54692
11474.31619
10434.42999
9388.887215
8341.07477
7293.189861
6246.556995
5201.864073
4159.337229
3118.871427
2080.129305
1042.616316
5.740425393
-0.07006511834
-0.07222173944
-0.07437835959
-0.07653497973
-0.07869159986
-0.08084821997
-0.08300484008
-0.08516146018
-0.0862513998
0.1701781314
0.3753998148
0.9433985337
0.7829383976
2.210027371
2.755561544
3.107087252
4.46618285
12021.92739
19701.47288
19242.77655
19136.72328
18742.91809
18084.35196
17246.35556
16293.84898
15269.9126
14202.70609
13110.72068
12006.10049
10896.73597
9787.62175
8681.760794
7580.779299
6485.351541
5395.49499
4310.775478
3230.450834
2153.572306
1079.056631
5.740425393
-0.07006511834
-0.07222173943
-0.07437835959
-0.07653497973
-0.07869159986
-0.08084821997
-0.08300484008
-0.08516146018
-0.1134713457
0.1246997199
0.3621549736
0.6430809135
1.037374722
1.658530159
3.051439129
3.710343084
4.625513617
10593.79092
15733.5233
19649.40704
20309.59448
19978.41326
19238.0966
18287.67962
17219.31679
16084.69433
14915.24848
13730.53462
12542.63536
11358.79962
10183.11259
9017.577295
7862.824658
6718.584375
5583.998192
4457.827712
3338.591923
2224.657752
1114.29957
5.740425393
-0.07006511834
-0.07222173943
-0.07437835959
-0.07653497973
-0.07869159985
-0.08084821997
-0.08300484008
-0.08516146018
-0.1179008531
0.1452814616
0.4292149723
0.7873369683
1.189341752
1.851107004
2.934255471
3.300208197
10.7133068
20630.9661
25432.09949
23312.74628
22473.83031
21623.04224
20601.93988
19446.94833
18211.04453
16934.30152
15643.06327
14353.53904
13075.11212
11812.7216
10568.46079
9342.621315
8134.367923
6942.173114
5764.095294
4597.954166
3441.438821
2292.171812
1147.745255
5.740425393
-0.07006511835
-0.07222173943
-0.07437835958
-0.07653497973
-0.07869159985
-0.08084821997
-0.08300484008
-0.08516146018
-0.1372587489
0.1030989936
0.3607888074
0.6701830554
1.029506527
1.391360483
2.01611376
2.707093916
1198.430018
25844.3733
26524.02477
25696.20449
24649.933
23437.98251
22099.66986
20687.12725
19243.61084
17798.40503
16369.16738
14965.45038
13591.55686
12248.51949
10935.39544
9650.088736
8389.862792
7151.655113
5932.265607
4728.46387
3537.044563
2354.849749
1178.771172
5.740425393
-0.07006511835
-0.07222173943
-0.07437835958
-0.07653497972
-0.07869159985
-0.08084821996
-0.08300484007
-0.08516146017
-0.1684926542
0.03580721471
0.2487586914
0.5010340677
0.8082672569
1.154784949
1.691698433
1.788172635
2252.450783
27603.55641
28810.37238
28298.14158
26991.71099
25379.28124
23671.62654
21958.27728
20277.86496
18646.5402
17069.75242
15547.54139
14077.14907
12654.40851
11274.51898
9932.483375
8623.348552
7342.328646
6084.857817
4846.60001
3623.432807
2411.416014
1206.751935
5.740425393
-0.07006511836
-0.07222173942
-0.07437835958
-0.07653497972
-0.07869159985
-0.08084821996
-0.08300484007
-0.08516146017
-0.1877304126
-0.0354791142
0.1180207918
0.3056003447
0.4989273599
0.6920309586
1.121950262
0.1444586139
2473.606974
30644.04821
32817.00333
31694.27727
29639.48364
27415.80092
25249.27379
23196.48785
21263.02951
19440.13754
17715.76105
16077.81613
14515.09306
13017.4506
11575.79375
10181.9837
8828.726975
7509.461425
6218.245504
4949.653427
3698.677049
2460.634345
1231.083535
5.740425393
-0.07006511837
-0.07222173942
-0.07437835958
-0.07653497972
-0.07869159984
-0.08084821996
-0.08300484007
-0.08516146017
-0.2249951522
-0.164586667
-0.1099575691
-0.007273227257
0.179770654
0.4193248551
1.031688665
2.209367121
9196.746427
43693.20449
40123.03291
36022.47691
32456.14023
29395.1612
26713.17483
24315.36845
22137.62526
20135.21751
18275.33732
16532.87054
14887.95944
13324.51081
11829.22625
10390.93611
9000.120486
7648.551384
6329.016137
5035.097259
3760.992705
2501.365098
1251.210715
5.740425392
-0.07006511838
-0.07222173942
-0.07437835957
-0.07653497972
-0.07869159984
-0.08084821996
-0.08300484006
-0.08516146017
-0.2256696874
-0.230894374
-0.2692071457
-0.2396861602
-0.2590283643
0.07490478421
-0.2028501254
29.93866273
56332.04579
65421.41052
47961.09626
39816.44912
34767.43372
30995.52428
27892.88916
25214.18231
22836.88318
20687.76643
18717.49781
16890.36964
15179.36568
13563.41048
12025.6688
10552.41939
9132.27365
7755.613943
6414.176267
5100.731405
3808.835006
2532.625804
1266.655819
5.740425391
-0.07006511839
-0.07222173942
-0.07437835957
-0.07653497971
-0.07869159984
-0.08084821995
-0.08300484006
-0.08516146016
-0.2423342135
-0.3655694017
-0.5145813557
-0.6375733738
-0.5776856121
-1.283578939
-1.41336416
-10.10635108
18224.44143
54584.58608
46483.72131
40514.78621
35801.61658
31926.60868
28648.66804
25811.58148
23307.95674
21061.4649
19016.51626
17131.74466
15375.72463
13724.09926
12157.62294
10660.80416
9220.94731
7827.461593
6471.34984
5144.821454
3840.992883
2553.649247
1277.046636
5.740425391
-0.0700651184
-0.07222173942
-0.07437835957
-0.07653497971
-0.07869159984
-0.08084821995
-0.08300484006
-0.08516146016
-0.215918403
-0.4828811485
-0.9088921423
-1.323159247
-1.556860041
-2.277879232
-2.715807516
-5.89842557
9358.524095
39388.90776
42877.35057
39957.35074
35997.63109
32260.61999
28963.59024
26075.51322
23521.89414
21233.61707
19155.35615
17244.36803
15467.6895
13799.64014
12219.92143
10712.23031
9263.255373
7861.942526
6498.947067
5166.216739
3856.668692
2563.932869
1282.140192
5.74042539
-0.07006511842
-0.07222173941
-0.07437835957
-0.07653497971
-0.07869159983
-0.08084821995
-0.08300484006
-0.08516146016
-0.4010104355
-0.4417497572
-0.8639742967
-1.110824327
-1.616236446
-1.692615613
-6.343909949
312.634729
33204.84124
51984.7299
45681.60628
40439.6321
35970.93322
32154.64378
28869.55362
26004.98227
23470.4866
21195.75086
19126.92293
17222.68326
15451.02742
13786.85242
12210.19353
10704.9416
9257.904775
7858.112163
6496.286224
5164.435524
3855.535724
2563.274387
1281.839869
5.740425389
-0.07006511843
-0.07222173941
-0.07437835956
-0.07653497971
-0.07869159983
-0.08084821995
-0.08300484005
-0.08516146015
-0.7063744791
-0.7131070351
-1.514658381
-2.373218625
-2.373195102
-1.639143928
-1.620090669
25921.26574
68801.85299
61381.04528
47424.81365
40148.63437
35291.8199
31517.46626
28354.9918
25604.37065
23159.31524
20951.97425
18933.90067
17068.41592
15326.88786
13686.55235
12129.06061
10639.43805
9205.311114
7816.31903
6463.656051
5139.709135
3837.768112
2551.790307
1276.204185
5.740425389
-0.07006511845
-0.07222173941
-0.07437835956
-0.0765349797
-0.07869159983
-0.08084821994
-0.08300484005
-0.08516146015
-0.5928674293
-1.083362351
-2.017807004
-2.992385654
-2.931239604
-0.3354002642
0.1104573764
47739.53089
60863.2106
49770.24425
42487.74966
37438.27668
33530.24022
30268.40734
27428.57234
24898.18685
22610.42167
20518.9235
18588.28504
16790.1905
15101.5586
13503.4137
11980.06222
10518.4397
9107.582602
7738.198618
6402.313913
5092.98165
3804.040883
2529.915957
1265.446686
5.740425388
-0.07006511846
-0.07222173941
-0.07437835956
-0.0765349797
-0.07869159983
-0.08084821994
-0.08300484005
-0.08516146015
0.4452910967
-2.457589399
-5.91519852
-7.55248545
-7.206104462
-4.898408837
-0.2935879113
21948.9191
19348.93256
33816.59007
35317.66673
33586.47992
31122.45382
28597.34358
26192.70236
23949.38433
21865.26127
19925.01093
18110.1221
16402.50045
14785.74482
13245.48808
11769.34124
10346.67919
8968.381928
7626.580159
6314.422161
5025.866394
3755.50087
2498.387488
1249.927262
5.740425387
-0.07006511848
-0.0722217394
-0.07437835956
-0.0765349797
-0.07869159982
-0.08084821994
-0.08300484004
-0.08516146015
2.268465964
-3.95699507
-12.46823216
-17.73679728
-14.18259879
-8.52458509
0.9844920496
5825.285841
30270.23394
30830.97408
31379.86574
30467.51698
28775.75305
26805.80964
24795.50638
22841.3871
20976.22965
19205.73703
17524.68994
15923.94167
14393.4329
12923.45833
11505.1431
10130.55965
8792.688863
7485.320094
6202.930902
4940.564112
3693.711401
2458.20755
1230.135708
5.740425386
-0.07006511849
-0.0722217394
-0.07437835955
-0.07653497969
-0.07869159982
-0.08084821993
-0.08300484004
-0.08516146014
2.433370272
0.6052963157
-8.647612711
-14.43069629
-12.6812309
-9.510628885
-4.582522319
2084.001782
20586.30521
27858.38526
28903.29817
28127.96296
26707.22214
25054.63156
23342.12331
21644.42941
19992.53528
18397.01952
16858.95878
15375.1402
13940.58441
12549.77131
11197.21876
9877.73316
8586.497826
7319.083488
6071.420332
4839.750955
3620.575718
2410.597492
1206.668789
5.740425386
-0.07006511851
-0.0722217394
-0.07437835955
-0.07653497969
-0.07869159982
-0.08084821993
-0.08300484004
-0.08516146014
-3.723419604
-15.10574446
-18.14344781
-8.84064187
-0.4860624578
261.3860861
14497.08243
33219.19928
38355.61755
31111.39175
28246.97994
26433.8204
24870.54272
23363.37056
21873.92559
20401.67565
18952.46549
17530.85167
16138.98945
14777.07523
13443.98985
12137.82244
10856.22955
9596.659786
8356.488818
7133.098449
5923.919035
4726.446869
3538.245757
2356.939955
1180.202551
5.740425385
-0.07006511852
-0.07222173939
-0.07437835955
-0.07653497969
-0.07869159981
-0.08084821993
-0.08300484004
-0.08516146014
-2.02253635
-11.07900407
-8.832938255
0.910251855
10.15120158
724.4466072
31719.599
47146.91075
36644.36959
29982.79448
26539.40295
24489.79369
22977.75696
21654.37967
20388.53349
19135.88505
17884.80154
16634.94072
15389.0838
14150.18853
12920.47898
11701.29942
10493.21864
9296.189566
8109.700941
6932.904349
5764.713081
4603.874752
3449.023225
2298.716049
1151.461847
5.740425384
-0.07006511854
-0.07222173939
-0.07437835955
-0.07653497969
-0.07869159981
-0.08084821993
-0.08300484003
-0.08516146013
-0.8748574362
-2.565006928
-1.972594186
-1.176797919
16.45720955
25.45368754
2393.562906
38877.93739
29501.1052
25636.11816
23438.06085
22008.19467
20896.31252
19887.85789
18889.94888
17868.53174
16815.91482
15735.03564
14632.23345
13514.13062
12386.4468
11253.68276
10119.15969
8985.181261
7853.22231
6724.106186
5598.156262
4475.318531
3355.258907
2237.440957
1121.188953
5.740425384
-0.07006511855
-0.07222173939
-0.07437835954
-0.07653497968
-0.07869159981
-0.08084821992
-0.08300484003
-0.08516146013
-0.8955466489
-4.99038972
64.21775278
-13.76237371
20.54976694
-31.41679098
23.88171381
15397.83566
18683.02853
19622.49269
19568.52963
19208.61149
18711.44482
18110.79415
17414.87847
16632.37247
15775.28064
14857.05554
13890.69629
12887.66735
11857.50517
10807.8326
9744.561363
8672.156466
7593.902125
6512.142815
5428.488984
4343.986579
3259.255176
2174.601322
1090.112969
5.740425383
-0.07006511856
-0.07222173939
-0.07437835954
-0.07653497968
-0.0786915998
-0.08084821992
-0.08300484003
-0.08516146013
-1.228110258
-3.564537735
-6.759354056
5.029015754
52.97917427
11.06888573
5122.547057
2863.849507
11357.47854
14602.30143
16004.95315
16546.27152
16630.06236
16428.99759
16026.40463
15470.78589
14795.76119
14027.20309
13185.83459
12288.34719
11348.08318
10375.58876
9379.102277
8364.984169
7338.088124
6302.07483
5259.671791
4212.885667
3163.175736
2111.597144
1058.92138
5.740425383
-0.07006511857
-0.07222173938
-0.07437835954
-0.07653497968
-0.0786915998
-0.08084821991
-0.08300484002
-0.08516146012
-1.499904421
-2.073207748
-3.470800539
-0.3542382395
5.063081379
-90.7018279
3269.733434
1922.196544
8188.593969
11424.28246
13302.70783
14341.45843
14833.5421
14948.73951
14790.97451
14428.60257
13909.76415
13270.15741
12537.09742
11731.81315
10870.90114
9967.344925
9031.280287
8070.59257
7091.392357
6098.397274
5095.23891
4084.710148
3068.96621
2049.690591
1028.234979
5.740425383
-0.07006511858
-0.07222173938
-0.07437835953
-0.07653497967
-0.0786915998
-0.08084821991
-0.08300484002
-0.08516146012
-1.989080462
-1.942460472
-3.425420572
-1.851540507
1503.628672
-433.61623
11348.55649
3252.594646
7292.20486
9603.53345
11440.13828
12683.31934
13413.92048
13741.47292
13760.18248
13542.89677
13144.5352
12606.5659
11960.59019
11230.91549
10436.37254
9591.6174
8708.086623
7794.715997
6858.49237
5904.883629
4938.177399
3961.750873
2978.288959
1989.96398
998.587261
5.740425382
-0.07006511859
-0.07222173937
-0.07437835953
-0.07653497967
-0.07869159979
-0.08084821991
-0.08300484001
-0.08516146012
-1.69159289
-1.500633276
-0.4558820594
1.865949409
5507.250455
-758.1954537
5107.353935
3470.28138
6001.875939
8257.527463
10170.99998
11537.76398
12397.33401
12843.07132
12965.40853
12838.27501
12518.91418
12050.98214
11467.78691
10794.89374
10052.0647
9254.67283
8414.737608
7541.694811
6642.978557
5724.468265
4790.837053
3845.82764
2892.474827
1933.288684
970.4092018
5.740425382
-0.0700651186
-0.07222173937
-0.07437835953
-0.07653497966
-0.07869159979
-0.0808482199
-0.08300484001
-0.08516146011
-2.179447631
-2.459371929
-2.277547048
-1.258795804
17101.6886
-1586.050809
-1051.289614
2340.721179
3998.643777
7253.696751
9448.567068
10899.3779
11794.53263
12268.06304
12420.11473
12325.88855
12041.86766
11610.66413
11064.68591
10428.81437
9722.327003
8960.277746
8154.500098
7314.349142
6447.259933
5559.174764
4654.875713
3738.248167
2812.493744
1880.306131
944.0199479
5.740425382
-0.0700651186
-0.07222173937
-0.07437835952
-0.07653497966
-0.07869159979
-0.0808482199
-0.08300484001
-0.08516146011
-2.910405266
-3.889857638
-3.88827213
-5.338903089
9334.224224
-818.3920827
-694.4025453
-838.379931
3779.286856
7310.025024
9470.21633
10816.61446
11613.33174
12014.53191
12121.10364
12003.30078
11712.00617
11285.1232
10751.48205
10133.35642
9448.157253
8709.615815
7928.638775
7113.943269
6272.538279
5410.096008
4531.24348
3639.795663
2738.94541
1831.421553
919.6236769
5.740425382
-0.0700651186
-0.07222173936
-0.07437835952
-0.07653497966
-0.07869159978
-0.0808482199
-0.08300484
-0.0851614601
-4.04290688
-6.910528232
-10.52412949
-12.81528858
6832.480043
-1936.755952
-642.4404786
2959.545715
6470.007194
8736.937819
10305.74049
11283.54619
11827.64894
12055.63349
12046.47309
11854.20825
11517.73474
11066.34207
10522.7656
9904.976584
9227.334544
8501.392988
7736.497929
6940.248027
6118.854769
5277.428231
4420.206951
3550.745541
2672.070276
1786.810585
897.3126591
5.740425382
-0.0700651186
-0.07222173936
-0.07437835951
-0.07653497965
-0.07869159978
-0.08084821989
-0.08300484
-0.0851614601
-5.299768616
-6.865471791
-8.739394099
-14.22356932
32882.98093
-668.6145718
1656.254219
7977.826612
9547.973571
10862.05076
11732.251
12184.15871
12358.07822
12333.88317
12154.95118
11849.32629
11438.38307
10939.74558
10368.26378
9736.453352
9054.81504
8332.126296
7575.713518
6791.697241
5985.205474
5160.555949
4321.410984
3470.909358
2611.779481
1746.437835
877.0761355
5.740425382
-0.0700651186
-0.07222173935
-0.07437835951
-0.07653497965
-0.07869159977
-0.08084821989
-0.08300483999
-0.0851614601
-8.961742622
-15.87371621
-45.3286814
-55.37617044
5226.007508
94.39752141
218.6391958
6341.909263
11038.20012
13431.03709
13577.04896
13362.74959
13086.61667
12766.87062
12390.12402
11949.76295
11446.72528
10885.99362
10274.09208
9617.760532
8923.348411
8196.585316
7442.533722
6665.622906
5869.714871
5058.179928
4233.972312
3399.701909
2557.700931
1710.085686
858.8141611
5.740425382
-0.0700651186
-0.07222173935
-0.0743783595
-0.07653497964
-0.07869159977
-0.08084821988
-0.08300483999
-0.08516146009
-4.189733994
3.01319176
15.1185827
24.33779947
81.3246906
61.43670862
1954.357942
27992.61846
24747.32464
18246.65817
15782.15003
14603.16717
13858.76575
13256.85826
12688.91078
12112.87476
11512.75998
10883.41065
10224.35081
9537.149433
8824.233738
8088.33343
7332.213681
6558.546504
5769.85205
4968.47753
4156.597436
3336.226144
2509.237862
1677.391009
842.3552936
5.740425382
-0.0700651186
-0.07222173935
-0.0743783595
-0.07653497964
-0.07869159976
-0.08084821988
-0.08300483999
-0.08516146009
-4.927742592
2.647025507
11.05555607
17.97284466
44.41630647
21.25792388
126.1235373
21317.80526
24460.86015
19025.95909
16701.72806
15408.99952
14488.41931
13712.88457
12995.78345
12300.062
11608.02694
10910.53672
10202.75094
9482.253247
8748.104228
8000.301395
7239.441618
6466.498209
5682.670385
4889.282056
4087.715409
3279.369307
2465.635424
1647.887048
827.4768047
5.740425382
-0.07006511859
-0.07222173934
-0.07437835949
-0.07653497964
-0.07869159976
-0.08084821987
-0.08300483998
-0.08516146008
-7.847289737
-1.863496359
6.860058888
17.27256856
47.63162873
11.69450614
9.498234428
1237.415768
14060.98607
16693.48004
16589.80193
15842.6807
14973.02527
14110.47484
13281.27284
12483.55858
11708.74643
10947.95708
10193.86271
9441.008457
8685.628673
7925.326632
7158.753903
6385.335474
5605.05079
4818.266928
4025.615362
3227.903145
2426.050396
1621.047405
813.9259498
5.740425383
-0.07006511859
-0.07222173934
-0.07437835949
-0.07653497963
-0.07869159976
-0.08084821987
-0.08300483998
-0.08516146008
-12.35479719
-12.32704613
-5.512379067
4.644040771
30.08796005
18.5298419
13.71799654
409.3491812
15164.94862
17098.0016
17121.31531
16398.89372
15450.52367
14474.71318
13535.26994
12644.1485
11795.43899
10978.67979
10183.73302
9402.28859
8628.075236
7856.622968
7084.912941
6311.040672
5533.932671
4753.12246
3968.579519
3180.581383
2389.619296
1596.329149
801.4408466
5.740425383
-0.07006511858
-0.07222173933
-0.07437835949
-0.07653497963
-0.07869159975
-0.08084821986
-0.08300483997
-0.08516146007
-14.78465944
-24.14741303
-20.26645653
-9.374996258
11.77156442
17.69325077
11.67648059
599.848196
19919.86911
19415.35238
18398.56205
17181.0526
15955.4595
14802.58001
13740.93897
12762.32169
11850.17774
10987.58794
10160.09984
9356.337186
8567.760894
7788.177985
7013.235942
6239.984127
5466.5201
4691.714822
3915.003526
3136.228351
2355.520564
1573.212295
789.7696322
5.740425383
-0.07006511857
-0.07222173933
-0.07437835948
-0.07653497962
-0.07869159975
-0.08084821986
-0.08300483997
-0.08516146007
-13.68291252
-25.9970602
-22.62220596
-10.18030918
1.131496518
4.700586469
9.129882575
1277.359295
22495.38251
22246.76602
19876.52523
17971.29269
16387.67812
15039.20391
13863.57912
12814.01667
11855.35861
10961.39214
10112.74008
9295.199221
8498.453898
7715.093825
6939.871394
6169.143469
5400.453386
4632.218564
3863.497147
3093.813486
2323.027074
1551.233274
778.6867489
5.740425384
-0.07006511856
-0.07222173932
-0.07437835948
-0.07653497962
-0.07869159974
-0.08084821986
-0.08300483996
-0.08516146006
-7.640109048
-11.85371061
-5.802511956
3.919459881
3.940922737
-2.784684956
10.51929385
2853.202363
24017.91762
24264.3433
20889.47793
18439.91194
16584.75238
15102.97231
13860.15121
12774.80241
11795.84437
10889.87983
10034.26822
9213.265975
8415.763087
7633.874664
6862.016191
6096.269974
5333.937392
4573.215489
3812.959689
3052.507516
2291.546014
1530.010494
768.0054368
5.740425384
-0.07006511855
-0.07222173932
-0.07437835947
-0.07653497961
-0.07869159974
-0.08084821985
-0.08300483996
-0.08516146006
-0.7279574338
4.120812933
12.39167994
17.7329388
14.02427884
7.089503176
15.15817026
5656.419657
23671.13081
25003.09117
20977.09346
18314.12186
16408.44272
14927.77668
13699.24601
12629.19323
11663.33373
10768.0129
9921.186508
9107.834232
8317.460081
7542.629268
6778.053872
6019.98924
5265.818008
4513.753958
3762.625987
3011.717394
2260.644138
1509.260771
757.5858292
5.740425385
-0.07006511853
-0.07222173931
-0.07437835947
-0.07653497961
-0.07869159973
-0.08084821985
-0.08300483995
-0.08516146005
2.902213956
10.22033895
18.07884989
21.78981015
19.60690355
15.3397721
17.43036643
28.64412081
20230.28995
23699.42113
19701.7321
17431.03453
15807.11523
14500.44081
13379.85836
12379.38712
11460.28198
10597.65021
9774.630655
8979.425844
8203.616868
7441.133289
6687.587213
5939.822791
5195.599835
4453.364785
3712.080742
2971.098627
2230.057557
1488.806109
747.3384189
5.740425385
-0.07006511852
-0.07222173931
-0.07437835946
-0.0765349796
-0.07869159973
-0.08084821984
-0.08300483995
-0.08516146005
3.438555771
9.527809688
15.39534272
18.81128477
18.58430333
17.23264449
17.63196031
17.78610641
7402.682317
16297.33871
16699.56594
15901.16494
14888.5389
13887.00881
12940.35572
12048.2118
11200.75481
10387.67427
9600.260435
8831.623699
8076.452216
7330.705668
6591.346439
5856.123572
5123.402912
4392.033502
3661.241589
2930.545525
2199.686491
1468.571137
737.2230437
5.740425385
-0.07006511851
-0.0722217393
-0.07437835946
-0.0765349796
-0.07869159972
-0.08084821984
-0.08300483995
-0.08516146005
3.024802418
7.975757974
12.19816402
14.95275729
15.89080498
15.85514413
16.22155737
16.02357154
5624.766741
14478.02575
14899.16659
14585.51701
13958.86338
13218.69636
12446.34081
11672.34692
10906.8493
10152.03077
9407.113781
8670.35886
7939.867259
7213.89736
6490.977562
5769.931385
5049.864192
4330.133689
3610.314536
2890.161984
2169.57679
1448.572314
727.2439259
5.740425386
-0.07006511849
-0.0722217393
-0.07437835945
-0.07653497959
-0.07869159972
-0.08084821983
-0.08300483994
-0.08516146004
2.488108263
6.540209125
9.830478949
12.10800289
13.42316791
13.81048743
14.29631523
13.79497819
4796.176276
13884.88073
13834.05524
13582.87098
13142.69875
12582.56969
11953.9615
11287.98331
10602.26285
9906.484973
9205.805934
8502.833599
7798.765658
7094.045984
6388.743567
5682.769471
4975.998056
4268.331201
3559.728532
2850.217442
2139.89128
1428.90076
717.4416381
5.740425386
-0.07006511848
-0.07222173929
-0.07437835945
-0.07653497959
-0.07869159971
-0.08084821983
-0.08300483994
-0.08516146004
1.967317253
5.236163477
7.914380766
9.891866449
11.23319804
11.85839813
12.32954164
11.92235234
3623.253099
13019.73776
12969.89222
12769.21151
12446.48905
12014.91981
11498.94965
10923.35958
10307.73194
9665.839715
9006.792481
8336.407075
7658.320989
6974.784329
6287.189451
5596.413617
4903.036004
4207.47259
3510.058095
2811.093981
2110.874831
1409.70106
707.8831032
5.740425387
-0.07006511846
-0.07222173929
-0.07437835944
-0.07653497958
-0.07869159971
-0.08084821983
-0.08300483993
-0.08516146003
1.529418313
4.1721329
6.406265017
8.124799807
9.388281532
10.24482536
10.75434641
11.70557216
3463.068447
12763.1238
12257.22175
12077.59284
11859.12451
11531.66867
11103.55514
10598.77109
10039.46388
9442.34895
8819.118378
8177.684317
7523.331816
6859.587298
6188.823648
5512.66729
4832.267399
4148.472246
3461.943742
2773.231083
2082.817392
1391.148605
698.6508306
5.740425387
-0.07006511845
-0.07222173928
-0.07437835944
-0.07653497958
-0.07869159971
-0.08084821982
-0.08300483993
-0.08516146003
1.225374628
3.387426376
5.258495547
6.710164781
7.819007046
8.543118706
8.827025885
9.214642362
1213.924267
10690.78137
11216.44764
11424.81273
11380.74591
11149.07309
10784.8287
10328.70347
9809.002028
9244.973529
8649.648976
8031.882826
7397.738952
6751.414812
6095.856675
5433.170914
4764.90045
4092.211368
3416.019155
2737.074106
2056.018981
1373.42788
689.8325322
5.740425387
-0.07006511843
-0.07222173928
-0.07437835944
-0.07653497958
-0.0786915997
-0.08084821982
-0.08300483993
-0.08516146003
1.013473181
2.818383822
4.378273852
5.541417641
6.496896555
6.803777676
6.756371328
6.110523574
189.3294689
9072.810607
10490.36078
11024.46364
11089.97175
10899.04708
10557.98102
10122.21028
9622.866167
9078.894088
8502.622286
7902.46138
7284.329712
6652.480463
6010.021976
5359.264164
4701.957126
4039.458528
3372.852022
2703.031298
2030.759862
1356.713694
681.5120643
5.740425388
-0.07006511842
-0.07222173928
-0.07437835943
-0.07653497957
-0.0786915997
-0.08084821981
-0.08300483992
-0.08516146002
0.8111060286
2.283286508
3.584989939
4.451155505
5.426237352
5.40133956
6.020385125
6.131742876
149.8125014
9055.79665
10647.72106
11092.70835
11055.62905
10799.1609
10425.83652
9979.289298
9481.357682
8945.114478
8379.485594
7791.012335
7184.640326
6564.158115
5932.489738
5291.910055
4644.208953
3990.817235
3332.902611
2671.442356
2007.278031
1341.156705
673.7623522
5.740425388
-0.07006511841
-0.07222173927
-0.07437835943
-0.07653497957
-0.0786915997
-0.08084821981
-0.08300483992
-0.08516146002
0.6785302244
1.934996185
3.099666516
3.818008752
4.575315617
4.117963181
5.179832449
3.624445311
639.5075751
11602.10887
11952.01776
11643.01896
11240.67433
10816.13011
10366.91421
9887.752306
9378.160685
8840.720807
8279.193905
7697.462999
7099.062389
6487.023447
5863.870584
5231.679399
4592.153647
3946.701222
3296.501176
2642.559613
1985.754911
1326.873861
666.6406196
5.740425388
-0.07006511839
-0.07222173927
-0.07437835943
-0.07653497957
-0.07869159969
-0.08084821981
-0.08300483992
-0.08516146002
0.5030387178
1.395562735
2.296309141
2.419827693
3.138940956
2.197343513
4.69654931
3.200131978
14917.01639
18116.67426
13914.81251
12286.67503
11447.91901
10857.771
10337.93806
9826.645317
9302.81229
8760.414548
8199.106626
7620.583784
7027.123238
6421.003244
5804.290454
5178.784201
4546.026091
3907.334031
3263.842484
2616.541122
1966.309009
1313.943721
660.1859333
5.740425389
-0.07006511838
-0.07222173927
-0.07437835942
-0.07653497956
-0.07869159969
-0.08084821981
-0.08300483991
-0.08516146001
0.5148872233
1.483361937
2.419442622
3.139907052
3.105952773
0.9625307633
1.25097439
3360.25462
20076.28607
15552.08925
13303.86419
12140.94988
11406.55625
10829.09761
10300.42261
9778.079458
9246.029325
8699.019004
8136.234595
7558.642411
6967.843542
6365.575798
5753.503771
5133.140924
4505.832638
3872.766556
3234.993861
2593.453608
1948.996414
1302.406078
654.4188216
5.740425389
-0.07006511837
-0.07222173926
-0.07437835942
-0.07653497956
-0.07869159969
-0.0808482198
-0.08300483991
-0.08516146001
0.3739018181
1.002633021
1.524010186
1.712801585
1.130456811
-0.5200723073
-0.6837828771
31.05709475
2050.044522
10531.12116
11607.62212
11566.70483
11208.25971
10751.64192
10256.57673
9739.221874
9204.207634
8653.398352
8088.170836
7509.907925
6920.032679
6319.952416
5711.007572
5094.442676
4471.39654
3842.905239
3209.912355
2573.282613
1933.816566
1292.265006
649.3425695
5.74042539
-0.07006511836
-0.07222173926
-0.07437835942
-0.07653497956
-0.07869159969
-0.0808482198
-0.08300483991
-0.08516146001
0.3095058417
0.8032236954
1.222051289
1.435852867
1.318438722
1.238382548
0.759445421
2.619842698
1318.177987
9529.13452
11028.79879
11309.98876
11108.13738
10712.63537
10235.02229
9718.02536
9178.182485
8622.197165
8053.143385
7472.786361
6882.427105
6283.193593
5676.131143
5062.225171
4442.404948
3817.544754
3188.466926
2555.947185
1920.721592
1283.494321
644.9457322
5.74042539
-0.07006511835
-0.07222173926
-0.07437835942
-0.07653497956
-0.07869159968
-0.0808482198
-0.08300483991
-0.08516146001
0.165397061
0.4644625532
0.7076950926
0.8695405291
0.8255900704
0.4234332743
0.1949975052
1.751685477
9257.737029
11533.20371
11668.45516
11536.31544
11201.66738
10755.74183
10252.85374
9719.676851
9168.301758
8604.066235
8029.420717
7445.668251
6853.696654
6254.264199
5648.098361
5035.921717
4418.452866
3796.401277
3170.462706
2541.316928
1909.627716
1276.044544
641.205424
5.74042539
-0.07006511834
-0.07222173926
-0.07437835941
-0.07653497956
-0.07869159968
-0.0808482198
-0.0830048399
-0.08516146001
0.07499957138
0.2267931748
0.3633828421
0.5017304354
0.7745433001
0.3147766535
0.4637677829
215.7691621
13183.38465
13352.78898
12575.51058
11965.15177
11406.47659
10855.81286
10300.97629
9739.529004
9171.283976
8596.347754
8014.807271
7426.771269
6832.428704
6232.069424
5626.07721
5014.910918
4399.083656
3779.144683
3155.665464
2529.229832
1900.427567
1269.850585
638.0909983
5.740425391
-0.07006511833
-0.07222173925
-0.07437835941
-0.07653497955
-0.07869159968
-0.0808482198
-0.0830048399
-0.08516146
0.07312825704
0.2323210081
0.3725078621
0.5451081937
0.7866384647
1.152137734
0.8233307999
2240.62829
18003.16112
14874.97469
13315.64721
12342.30574
11603.27607
10960.05892
10355.7121
9766.181753
9180.960435
8595.236638
8006.692369
7414.183668
6817.179979
6215.509721
5609.231891
4998.562465
4383.827201
3765.4291
3143.825187
2519.509776
1893.002454
1264.839504
635.5678062
5.740425391
-0.07006511832
-0.07222173925
-0.07437835941
-0.07653497955
-0.07869159968
-0.08084821979
-0.0830048399
-0.08516146
0.09768376789
0.2743782322
0.4099565417
0.4911240669
0.4800191682
0.4450250196
0.2588525351
1733.691066
16723.46735
14827.9132
13469.79853
12485.14917
11704.2648
11025.43694
10395.63423
9788.528695
9191.142899
8596.94968
8002.545605
7406.094652
6806.601213
6203.560705
5596.780972
4986.282325
4372.23572
3754.92114
3134.697911
2511.982856
1887.23394
1260.937906
633.6007871
5.740425391
-0.07006511831
-0.07222173925
-0.07437835941
-0.07653497955
-0.07869159968
-0.08084821979
-0.0830048399
-0.08516146
0.09134619109
0.2713279084
0.4217274206
0.4949122829
0.5528122959
0.7854780819
0.4441376962
3813.235701
15409.82287
14243.55705
13250.48525
12424.22889
11703.19887
11041.79227
10412.8622
9801.159408
9198.136678
8598.877728
8000.449993
7401.052416
6799.573731
6195.354982
5588.052822
4977.55372
4363.915461
3747.324695
3128.064918
2506.491825
1883.014138
1258.078543
632.1577002
5.740425391
-0.07006511831
-0.07222173925
-0.07437835941
-0.07653497955
-0.07869159968
-0.08084821979
-0.0830048399
-0.08516146
0.07786653035
0.2724486198
0.4449997895
0.4927592495
0.5951630458
0.4929808041
47.5671027
15512.46302
14415.34572
13486.32111
12864.35729
12258.0836
11642.51148
11025.67361
10412.86608
9805.113761
9201.370823
8599.979044
7999.328944
7398.09615
6795.291232
6190.237558
5582.526374
4971.968794
4358.551888
3742.401003
3123.748471
2502.908061
1880.25432
1256.205884
631.2118527
5.740425392
-0.07006511832
-0.07222173925
-0.07437835941
-0.07653497955
-0.07869159968
-0.08084821979
-0.0830048399
-0.08516146
0.07701594872
0.2854349284
0.4550153919
0.5346824228
0.5678236231
0.5843105937
20.8882963
2436.50603
11317.0187
12422.02538
12462.54005
12101.23817
11583.09187
11005.52727
10407.81798
9805.062548
9202.258109
8600.343386
7998.795617
7396.717276
6793.262909
6187.783104
5579.851695
4969.248341
4355.927069
3739.983242
3121.623597
2501.140661
1878.891528
1255.280412
630.7442303
5.740425392
-0.07006511832
-0.07222173926
-0.07437835941
-0.07653497955
-0.07869159968
-0.08084821979
-0.0830048399
-0.08516146
)
;

boundaryField
{
    lowerWall
    {
        type            calculated;
        value           nonuniform List<scalar> 
80
(
-0.08623977027
-0.08623977027
-0.08623977027
-0.08623977026
-0.08623977026
-0.08623977026
-0.08623977026
-0.08623977026
-0.08623977026
-0.08623977026
-0.08623977026
-0.08623977025
-0.08623977025
-0.08623977025
-0.08623977025
-0.08623977025
-0.08623977025
-0.08623977024
-0.08623977024
-0.08623977024
-0.08623977024
-0.08623977023
-0.08623977023
-0.08623977023
-0.08623977023
-0.08623977022
-0.08623977022
-0.08623977022
-0.08623977022
-0.08623977021
-0.08623977021
-0.08623977021
-0.0862397702
-0.0862397702
-0.0862397702
-0.0862397702
-0.08623977019
-0.08623977019
-0.08623977019
-0.08623977018
-0.08623977018
-0.08623977018
-0.08623977017
-0.08623977017
-0.08623977017
-0.08623977016
-0.08623977016
-0.08623977015
-0.08623977015
-0.08623977015
-0.08623977014
-0.08623977014
-0.08623977013
-0.08623977013
-0.08623977012
-0.08623977012
-0.08623977011
-0.08623977011
-0.08623977011
-0.0862397701
-0.0862397701
-0.08623977009
-0.08623977009
-0.08623977008
-0.08623977008
-0.08623977008
-0.08623977007
-0.08623977007
-0.08623977007
-0.08623977006
-0.08623977006
-0.08623977006
-0.08623977006
-0.08623977006
-0.08623977005
-0.08623977005
-0.08623977005
-0.08623977005
-0.08623977005
-0.08623977005
)
;
    }
    atmosphere
    {
        type            calculated;
        value           nonuniform List<scalar> 
80
(
-1.389577673
-3.057005662
-4.429635033
-5.827811169
-6.9530592
-4.902915919
-0.1426829619
0
0
0
0
0
0
0
0
0
-0.001627586019
0
0
-0.02702771794
-0.1450350774
-0.1900020205
-0.1741850244
-0.2322416841
-0.2461877954
-0.2532639659
-0.2685780056
-0.2654621365
-0.2627587418
-0.2214556786
-0.1817648598
-0.05785567166
-0.001840138494
-0.1237578843
-0.5123279313
-0.3701057913
0
0
0
-0.3812690064
0
-0.08981481345
-0.7536072238
-1.003810575
-1.583702141
-1.153329675
-1.620883568
-1.87546714
-2.438176811
-3.385917398
-5.399328984
-5.958328869
-8.484300629
-12.16934574
-13.63443636
-5.465537449
0
0
0
0
0
0
0
0
0
0
0
0
0
0
0
0
0
0
0
0
0
0
0
0
)
;
    }
    rightWall
    {
        type            empty;
    }
    leftWall
    {
        type            empty;
    }
    frontAndBack
    {
        type            calculated;
        value           nonuniform List<scalar> 
80
(
-2.692960616
-0.4362503761
1218.412144
-8.12450449
-7.129651324
-7.354336906
1175.360649
18142.15252
18241.86871
14990.22091
13001.7962
11653.88987
10657.13355
9865.216788
9197.760967
8607.075934
8063.033251
7545.752811
7041.804934
6542.073053
6040.451187
5532.993215
5017.325665
4492.230121
3957.340845
3412.921085
2859.695109
2298.723261
1731.309686
1158.932129
583.1862279
5.740425383
-0.07006511848
-0.07222173947
-0.07437835962
-0.07653497977
-0.07869159989
-0.08084822001
-0.08300484011
-0.08516146021
0.07701594872
0.2854349284
0.4550153919
0.5346824228
0.5678236231
0.5843105937
20.8882963
2436.50603
11317.0187
12422.02538
12462.54005
12101.23817
11583.09187
11005.52727
10407.81798
9805.062548
9202.258109
8600.343386
7998.795617
7396.717276
6793.262909
6187.783104
5579.851695
4969.248341
4355.927069
3739.983242
3121.623597
2501.140661
1878.891528
1255.280412
630.7442303
5.740425392
-0.07006511832
-0.07222173926
-0.07437835941
-0.07653497955
-0.07869159968
-0.08084821979
-0.0830048399
-0.08516146
)
;
    }
}


// ************************************************************************* //
