/*--------------------------------*- C++ -*----------------------------------*\
| =========                 |                                                 |
| \\      /  F ield         | OpenFOAM: The Open Source CFD Toolbox           |
|  \\    /   O peration     | Version:  2506                                  |
|   \\  /    A nd           | Website:  www.openfoam.com                      |
|    \\/     M anipulation  |                                                 |
\*---------------------------------------------------------------------------*/
FoamFile
{
    version     2.0;
    format      ascii;
    arch        "LSB;label=32;scalar=64";
    class       volScalarField;
    location    "0.005";
    object      p_rgh;
}
// * * * * * * * * * * * * * * * * * * * * * * * * * * * * * * * * * * * * * //

dimensions      [1 -1 -2 0 0 0 0];

internalField   nonuniform List<scalar> 
3200
(
-2.69195073
-0.4332225107
1222.756214
-8.117435595
-7.120529969
-7.343157195
1191.087104
18215.71754
18325.25368
15083.41591
13104.8012
11766.70487
10779.75855
9997.651788
9340.005967
8759.130934
8224.898251
7717.427811
7223.289934
6733.368053
6241.556187
5743.908215
5238.050665
4722.765121
4197.685845
3663.076085
3119.660109
2568.498261
2010.894686
1448.327129
882.3912279
314.7554253
2.513198246e-05
2.503621233e-05
2.503555327e-05
2.503497974e-05
2.503450709e-05
2.50341406e-05
2.503388718e-05
2.503375975e-05
-4.026320933
-2.538607115
-6.465607996
-10.08652371
-7.148928812
-7.850285877
733.3643357
17646.23595
15594.70442
13820.48515
12464.28493
11415.55864
10574.92394
9873.197059
9263.24207
8712.496084
8198.144148
7704.103949
7219.08288
6735.267331
6247.402299
5752.127271
5247.486687
4732.566544
4207.224792
3671.890432
3127.412078
2574.944185
2015.862333
1451.699292
884.0949743
314.7554253
2.513238601e-05
2.503621374e-05
2.503555337e-05
2.503498037e-05
2.503450712e-05
2.503414044e-05
2.50338876e-05
2.503375958e-05
-4.324975045
-4.425839758
-4.222291059
-5.596065328
-5.509951257
-4.229272646
4192.575339
11636.43432
12588.70576
12139.54345
11516.30166
10856.33002
10231.19223
9656.982758
9127.282773
8629.481648
8151.093506
7681.777178
7213.687128
6741.232348
6260.674299
5769.727696
5267.21729
4752.802893
4226.768047
3689.859281
3143.162812
2588.01148
2025.916405
1458.516173
887.536715
314.7554253
2.513269412e-05
2.50362155e-05
2.50355544e-05
2.50349812e-05
2.503450767e-05
2.503414089e-05
2.503388803e-05
2.503375968e-05
-5.419367356
-6.742581082
-7.681432265
-8.286495625
-7.918963269
-4.556643108
2046.578439
2137.639426
9484.387884
10632.68582
10605.05426
10262.27516
9836.541374
9396.269113
8959.435831
8527.06645
8094.984029
7658.237827
7212.670178
6755.314885
6284.349218
5798.905195
5298.862921
4784.66933
4257.195125
3717.625554
3167.375748
2608.026493
2041.277815
1468.915146
892.782114
314.7554253
2.513318954e-05
2.503621693e-05
2.503555555e-05
2.50349821e-05
2.503450844e-05
2.50341416e-05
2.503388865e-05
2.50337602e-05
-5.881450715
-10.49252132
-13.66665231
-13.77208756
-14.73283569
-15.41654183
13827.66259
13052.95665
11226.15322
10301.76014
10008.96002
9751.181632
9456.437275
9132.126001
8787.135563
8424.375823
8043.550617
7643.533305
7223.454095
6783.020242
6322.514633
5842.692903
5344.670427
4829.825294
4299.726147
3756.080496
3200.694985
2635.445422
2062.256471
1483.087861
899.9224788
314.7554253
2.513372672e-05
2.503621789e-05
2.503555651e-05
2.503498298e-05
2.503450928e-05
2.503414245e-05
2.503388951e-05
2.503376112e-05
-4.033063346
-18.35150961
-26.86546876
-24.12239184
-42.13608197
-33.69199952
3668.861613
5511.041071
8967.893092
9339.24318
9377.849636
9277.060532
9105.907821
8888.671131
8632.614794
8339.761685
8011.32036
7648.902689
7254.60432
6830.808388
6380.006755
5904.692091
5407.310242
4890.243186
4355.811149
3806.282902
3243.884868
2670.808577
2089.21872
1501.260834
909.0660374
314.7554253
2.513434766e-05
2.503621861e-05
2.503555733e-05
2.503498384e-05
2.503451019e-05
2.50341434e-05
2.503389051e-05
2.503376221e-05
-4.81998038
-29.50326827
-38.47212506
-29.76231586
-17.4699845
-3.480566754
67.31889225
536.6150864
7757.05207
8709.470352
8886.139865
8873.309918
8801.470219
8684.044669
8514.900338
8290.745956
8013.07616
7686.163453
7315.262356
6905.611718
6462.020414
5988.767439
5489.643623
4968.032726
4426.998316
3869.360939
3297.757959
2714.688989
2122.552258
1523.673453
920.3271434
314.7554253
2.513505445e-05
2.503621933e-05
2.503555816e-05
2.503498475e-05
2.503451116e-05
2.503414443e-05
2.50338916e-05
2.503376338e-05
-10.0741752
-41.68057071
-55.05205115
-37.31797241
-9.572722369
-15.18160912
50.54010852
1648.725974
9425.8602
8855.489485
8583.934042
8528.575043
8542.625672
8531.144893
8452.204618
8295.255056
8064.083759
7767.421979
7414.679374
7014.364341
6573.702457
6098.720856
5594.471288
5065.251691
4514.793588
3946.409254
3363.100584
2767.639568
2162.630065
1550.555451
933.8151934
314.7554253
2.513583035e-05
2.503622014e-05
2.503555908e-05
2.503498576e-05
2.503451224e-05
2.503414556e-05
2.503389277e-05
2.50337646e-05
-6.186882442
-19.45332808
-30.05157807
-23.13884734
-3.177101117
28.17873657
56.9061247
-38.68852985
7900.45958
8694.267962
8065.536191
8114.436013
8309.319173
8445.711709
8467.526277
8373.994828
8180.591288
7904.769666
7561.677649
7163.471975
6719.709729
6237.947822
5724.274793
5183.714342
4620.51999
4038.38644
3440.598905
2830.140831
2209.774887
1582.104878
949.6241524
314.7554254
2.513665448e-05
2.503622111e-05
2.503556013e-05
2.503498689e-05
2.503451343e-05
2.503414679e-05
2.503389404e-05
2.503376588e-05
-1.462763574
1.374127133
1.823355424
1.481191887
3.583472371
74.10532614
69.20357049
-9.892832187
194.7546629
6622.433001
6868.902864
7554.318361
8134.509483
8474.863437
8598.201966
8552.61442
8379.526207
8109.394676
7763.797622
7358.143335
6903.721351
6409.089907
5880.969228
5324.813941
4745.189
4146.021271
3530.77076
2902.552186
2264.225808
1618.467185
967.8226439
314.7554254
2.513750605e-05
2.503622222e-05
2.503556134e-05
2.503498816e-05
2.503451473e-05
2.503414813e-05
2.50338954e-05
2.503376725e-05
-0.1392598314
3.039503066
3.7533859
3.138899464
3.328589652
-5.265558026
16.96385182
0.8231946134
4.037997512
240.2642438
4997.671219
7099.429065
8199.54268
8721.036678
8897.810457
8858.740934
8675.51236
8389.490347
8025.982823
7601.588171
7127.946418
6613.724523
6065.70015
5489.384125
4889.402243
4269.741044
3633.9128
2985.073287
2326.111092
1659.717828
988.4454299
314.7554254
2.51383634e-05
2.50362235e-05
2.503556269e-05
2.503498956e-05
2.503451617e-05
2.503414959e-05
2.503389687e-05
2.503376871e-05
0.1291605832
1.305613976
0.9626568956
0.7393891843
0.4028204485
-3.384741688
6.688193014
1.908900985
20.30104448
3.77983062
4941.39499
7646.188121
8843.20001
9311.934705
9413.268046
9309.034119
9074.299654
8747.073716
8349.061959
7894.284837
7392.75551
6852.166017
6278.726078
5677.622287
5053.296831
4409.630079
3750.06815
3077.719055
2395.429765
1705.85008
1011.487261
314.7554254
2.513920545e-05
2.503622491e-05
2.503556419e-05
2.50349911e-05
2.503451772e-05
2.503415116e-05
2.503389845e-05
2.503377028e-05
-0.004338158986
0.710426263
0.4758223496
-0.180433635
-1.285576172
-2.450749553
2.471352852
0.1345276064
19.51486645
975.1808062
7898.523004
9700.735503
10215.14043
10270.24037
10134.29655
9889.833053
9565.58564
9175.445043
8728.91115
8233.738529
7696.629268
7123.462279
6519.419169
5889.084683
5236.535326
4565.416905
3879.012971
3180.307259
2472.041373
1756.767822
1036.899156
314.7554254
2.514001397e-05
2.503622643e-05
2.503556581e-05
2.503499275e-05
2.50345194e-05
2.503415285e-05
2.503390014e-05
2.503377197e-05
0.19521696
0.6868492241
0.7983709677
0.06978871972
-1.038503523
-0.4178200782
0.2880980369
-1.643067833
2226.341028
4787.625516
14128.99682
13043.09136
12046.38861
11419.59332
10963.84803
10550.42071
10122.77108
9660.217111
9157.400808
8615.12885
8036.561996
7425.636749
6786.405624
6122.764089
5438.345503
4736.491951
4020.262035
3292.458091
2555.66326
1812.282746
1064.586783
314.7554254
2.514076958e-05
2.503622806e-05
2.503556754e-05
2.503499452e-05
2.503452118e-05
2.503415464e-05
2.503390194e-05
2.503377377e-05
0.138926632
0.1914065251
-0.2052501469
-3.621171952
-10.38174731
-12.89224517
-8.365612825
-4.928795527
189.0889331
26619.85948
25499.53087
16296.24504
13507.73099
12397.90032
11751.08535
11225.2361
10714.86029
10185.25878
9625.352379
9032.818496
8408.856999
7756.120341
7077.805171
6377.223337
5657.593759
4921.946406
4173.08789
3413.602511
2645.873454
1872.114916
1094.410422
314.7554254
2.514145419e-05
2.503622976e-05
2.503556936e-05
2.503499638e-05
2.503452307e-05
2.503415654e-05
2.503390385e-05
2.503377567e-05
0.2033007025
-0.3192660894
-1.304117945
-7.000821915
-20.23060495
-27.814801
-19.1872481
-8.288260413
3.604325105
2442.960882
10449.88275
13134.48401
13290.39392
12913.19546
12417.35908
11884.58271
11326.1784
10740.60778
10125.93407
9481.939284
8809.931042
8112.186056
7391.474906
6650.734134
5892.863743
5120.615693
4336.543868
3542.993634
2742.115783
1935.894803
1126.18563
314.7554254
2.514205196e-05
2.503623153e-05
2.503557126e-05
2.503499833e-05
2.503452504e-05
2.503415853e-05
2.503390584e-05
2.503377767e-05
0.002564802497
-0.9387793937
-2.473230844
-7.957567247
-19.69025632
-26.56091723
-16.88559252
-4.494311376
3.750841088
82.13425597
7736.206055
12501.11899
13606.16619
13547.12813
13120.57079
12569.55684
11964.66621
11325.06095
10655.8388
9959.076911
9236.745544
8491.221683
7725.178412
6941.379179
6142.516113
5331.113148
4509.482145
3679.715769
2843.704
2003.164927
1159.683728
314.7554254
2.514254661e-05
2.503623337e-05
2.503557324e-05
2.503500036e-05
2.503452709e-05
2.50341606e-05
2.503390793e-05
2.503377975e-05
-0.2297709721
-1.021246656
-2.285796134
-5.507483058
-10.84426531
-13.83338294
-9.134431032
-0.2459707572
4.29230383
2846.334481
15835.25275
15520.31451
15086.01839
14548.59027
13948.24015
13308.41195
12637.87401
11939.13414
11213.28728
10461.78856
9686.757064
8890.78159
8076.643391
7247.093925
6404.714209
5551.844116
4690.560631
3822.68727
2949.822613
2073.379842
1194.631566
314.7554254
2.514292277e-05
2.503623528e-05
2.503557528e-05
2.503500246e-05
2.503452922e-05
2.503416275e-05
2.503391009e-05
2.503378191e-05
-0.3184955381
-0.4274198343
-1.03482569
-2.085941559
-3.936121338
-5.49413939
-3.523566714
-0.3559125781
8.706020372
7532.935739
23955.6231
18653.29003
16668.99464
15612.9697
14815.38646
14077.97854
13339.28568
12580.31731
11796.39282
10988.03885
10157.71853
9308.510786
8443.526812
7565.646183
6677.409797
5780.99534
4878.235151
3970.65501
3059.52319
2145.903848
1230.710382
314.7554254
2.514316452e-05
2.503623723e-05
2.503557738e-05
2.503500462e-05
2.503453141e-05
2.503416496e-05
2.503391232e-05
2.503378415e-05
-0.0551813259
0.02417432079
-0.2821401752
-0.4036088725
-0.7826804877
-1.108645198
0.2503194272
1.653254172
-0.7170293758
6713.367709
19775.11401
18470.32308
17323.69564
16418.90561
15622.35923
14848.83168
14060.97427
13246.45994
12403.93252
11536.26099
10647.57389
9742.023877
8823.315246
7894.562467
6958.291626
6016.500484
5070.737239
4122.180694
3171.716347
2220.006657
1267.55394
314.7554254
2.514325862e-05
2.503623924e-05
2.503557954e-05
2.503500684e-05
2.503453366e-05
2.503416723e-05
2.503391461e-05
2.503378644e-05
-0.08827170114
-0.03125769538
-0.03477549296
-0.1142579555
-0.3141367635
-0.9170511848
1.076057174
2.898839973
4.015823963
5073.071454
17724.13532
18131.70115
17736.55581
17116.59765
16406.31358
15634.01541
14809.32085
13940.61912
13036.62087
12105.50431
11154.29909
10188.70404
9213.156925
8231.005641
7244.702497
6255.986772
5266.041393
4275.621777
3285.161292
2294.858145
1304.74647
314.7554254
2.514319154e-05
2.503624128e-05
2.503558175e-05
2.503500911e-05
2.503453596e-05
2.503416956e-05
2.503391695e-05
2.503378879e-05
-0.115095665
0.02168491417
0.06351739972
0.3119762204
-0.01957755853
94.07682901
4.561896346
4.903332909
10.2489324
8122.643455
18523.8224
18596.38805
18374.22721
17904.61533
17252.28071
16471.59606
15601.67695
14670.07829
13696.43199
12694.84192
11675.42119
10645.34499
9609.612215
8571.60977
7533.534861
6496.711995
5461.829073
4429.112229
3398.456427
2369.524305
1341.821316
314.7554254
2.51429514e-05
2.503624338e-05
2.5035584e-05
2.503501143e-05
2.503453831e-05
2.503417194e-05
2.503391935e-05
2.503379118e-05
-0.08526725628
0.1731296459
0.3803153657
0.9502711518
0.7917575199
2.220790157
2.768331169
3.121931567
5.024039114
12085.46872
19804.47786
19355.59155
19259.34828
18875.35309
18226.59696
17398.41056
16455.71398
15441.5876
14384.19109
13302.01568
12207.20549
11107.65097
10008.34675
8912.295794
7821.124299
6735.506541
5655.45999
4580.550478
3510.035834
2442.967306
1378.261631
314.7554254
2.514252979e-05
2.503624552e-05
2.50355863e-05
2.503501379e-05
2.503454071e-05
2.503417437e-05
2.503392179e-05
2.503379363e-05
-0.1124874817
0.1276501061
0.3670679503
0.6499496094
1.046191039
1.669293646
3.064179585
3.725140686
4.642683548
10661.22732
15836.5283
19762.22204
20432.21948
20110.84826
19380.3416
18439.73462
17381.18179
16256.36933
15096.73348
13921.82962
12743.74036
11569.71462
10403.83759
9248.112295
8103.169658
6968.739375
5843.963192
4727.602712
3618.176923
2514.052752
1413.50457
314.7554254
2.514191917e-05
2.50362477e-05
2.503558863e-05
2.503501619e-05
2.503454315e-05
2.503417683e-05
2.503392427e-05
2.503379612e-05
-0.1169169071
0.1482317389
0.4341265818
0.7942012342
1.19814704
1.861841821
2.946914214
3.314785903
11.26087204
20709.4537
25535.10449
23425.56128
22596.45531
21755.47724
20744.18488
19599.00333
18372.90953
17105.97652
15824.54827
14544.83404
13276.21712
12023.6366
10789.18579
9573.156315
8374.712923
7192.328114
6024.060294
4867.729166
3721.023821
2581.566812
1446.950255
314.7554254
2.514111814e-05
2.503624991e-05
2.5035591e-05
2.503501863e-05
2.503454563e-05
2.503417934e-05
2.503392679e-05
2.503379864e-05
-0.1362744366
0.1060498987
0.3656996942
0.6770419193
1.038295287
1.402054674
2.028685444
2.721513158
1210.664207
25937.5683
26627.02977
25809.01949
24772.558
23570.41751
22241.91486
20839.18225
19405.47584
17970.08003
16550.65238
15156.74538
13792.66186
12459.43449
11156.12044
9880.623736
8630.207792
7401.810113
6192.230607
4998.23887
3816.629563
2644.244749
1477.976172
314.7554254
2.514012668e-05
2.503625216e-05
2.503559341e-05
2.50350211e-05
2.503454814e-05
2.503418188e-05
2.503392935e-05
2.50338012e-05
-0.1675077016
0.0387594782
0.2536696426
0.5078872908
0.8170360414
1.16542925
1.704168105
1.802424854
2268.524767
27696.75141
28913.37738
28410.95658
27114.33599
25511.71624
23813.87154
22110.33228
20439.72996
18818.2152
17251.23742
15738.83639
14278.25407
12865.32351
11495.24398
10163.01838
8863.693552
7592.483646
6344.822817
5116.37501
3903.017807
2700.811014
1505.956935
314.7554254
2.513894976e-05
2.503625446e-05
2.503559584e-05
2.503502361e-05
2.503455068e-05
2.503418445e-05
2.503393194e-05
2.50338038e-05
-0.1867444989
-0.0325245652
0.1229331673
0.3124491341
0.5076753882
0.7026171436
1.134285575
0.1584377
2489.384798
30737.24321
32920.00833
31807.09227
29762.10864
27548.23592
25391.51879
23348.54285
21424.89451
19611.81254
17897.24605
16269.11113
14716.19806
13228.3656
11796.51875
10412.5187
9069.071975
7759.616425
6478.210504
5219.428427
3978.262049
2750.029345
1530.288535
314.7554254
2.513759646e-05
2.503625679e-05
2.503559831e-05
2.503502614e-05
2.503455326e-05
2.503418706e-05
2.503393457e-05
2.503380643e-05
-0.2240078889
-0.1616286371
-0.1050416643
-0.0004257570194
0.1885016315
0.4298545331
1.043867559
2.222921041
9224.41625
43786.39949
40226.03791
36135.29191
32578.76523
29527.5962
26855.41983
24467.42345
22299.49026
20306.89251
18456.82232
16724.16554
15089.06444
13535.42581
12049.95125
10621.47111
9240.465486
7898.706384
6588.981137
5304.872259
4040.577705
2790.760098
1550.415715
314.7554254
2.513607916e-05
2.503625917e-05
2.503560081e-05
2.503502871e-05
2.503455588e-05
2.50341897e-05
2.503393722e-05
2.50338091e-05
-0.2246806442
-0.2279315324
-0.2642852823
-0.2328359036
-0.25030686
0.08539730051
-0.1907428807
31.36879287
56404.62903
65514.60552
48064.10126
39929.26412
34890.05872
31127.95928
28035.13416
25366.23731
22998.74818
20859.44143
18898.98281
17081.66464
15380.47068
13774.32548
12246.3938
10782.95439
9372.61865
8005.768943
6674.141267
5370.506405
4088.420006
2822.020804
1565.860819
314.7554254
2.513441424e-05
2.503626158e-05
2.503560334e-05
2.503503131e-05
2.503455852e-05
2.503419238e-05
2.503393992e-05
2.503381179e-05
-0.241342964
-0.3626004085
-0.5096510144
-0.6307158492
-0.5689661915
-1.273124207
-1.40145206
-10.09382719
18258.32802
54677.78108
46586.72631
40627.60121
35924.24158
32059.04368
28790.91304
25963.63648
23469.82174
21233.1399
19198.00126
17323.03966
15576.82963
13935.01426
12378.34794
10891.33916
9461.29231
8077.616593
6731.31484
5414.596454
4120.577883
2843.044247
1576.251636
314.7554254
2.51326205e-05
2.503626402e-05
2.503560588e-05
2.503503393e-05
2.503456119e-05
2.503419508e-05
2.503394264e-05
2.503381452e-05
-0.2149245803
-0.4799048567
-0.9039511917
-1.31629021
-1.54813069
-2.267406828
-2.703776207
-5.885136922
9386.103666
39482.10276
42980.35557
40070.16574
36120.25609
32393.05499
29105.83524
26227.56822
23683.75914
21405.29207
19336.84115
17435.66303
15668.7945
14010.55514
12440.64643
10942.76531
9503.600373
8112.097526
6758.912067
5435.991739
4136.253692
2853.327869
1581.345192
314.7554254
2.513071929e-05
2.503626649e-05
2.503560845e-05
2.503503657e-05
2.503456389e-05
2.503419782e-05
2.50339454e-05
2.503381729e-05
-0.400013796
-0.4387651869
-0.8590205038
-1.10393972
-1.607492737
-1.682132181
-6.331798566
317.3805257
33259.84026
52077.9249
45784.61128
40552.4471
36093.55822
32287.07878
29011.79862
26157.03727
23632.3516
21367.42586
19308.40793
17413.97826
15652.13242
13997.76742
12430.91853
10935.4766
9498.249775
8108.267163
6756.251224
5434.210524
4135.120724
2852.669387
1581.044869
314.7554254
2.51287331e-05
2.503626899e-05
2.503561105e-05
2.503503925e-05
2.503456662e-05
2.503420059e-05
2.50339482e-05
2.50338201e-05
-0.7053749884
-0.7101134917
-1.509688728
-2.366310155
-2.364420003
-1.628638864
-1.608126503
25965.92678
68884.49948
61474.24028
47527.81865
40261.44937
35414.4449
31649.90126
28497.2368
25756.42565
23321.18024
21123.64925
19115.38567
17259.71092
15527.99286
13897.46735
12349.78561
10869.97305
9445.656114
8066.47403
6723.621051
5409.484135
4117.353112
2841.185307
1575.409185
314.7554254
2.512668655e-05
2.503627151e-05
2.503561366e-05
2.503504195e-05
2.503456939e-05
2.50342034e-05
2.503395103e-05
2.503382295e-05
-0.5918653299
-1.080360396
-2.012821049
-2.985448553
-2.92241361
-0.3247884188
0.1231357795
47808.09051
60946.5956
49863.43925
42590.75466
37551.09168
33652.86522
30400.84234
27570.81734
25050.24185
22772.28667
20690.5985
18769.77004
16981.4855
15302.6636
13714.3287
12200.78722
10748.9747
9347.927602
7988.353618
6662.278913
5362.75665
4083.625883
2819.310957
1564.651686
314.7554254
2.512460399e-05
2.503627406e-05
2.503561631e-05
2.503504468e-05
2.503457219e-05
2.503420626e-05
2.503395392e-05
2.503382584e-05
0.4462952212
-2.454581311
-5.910200523
-7.545525377
-7.197237465
-4.887736633
-0.2812695231
21994.8144
19432.31755
33909.78507
35420.67173
33699.29492
31245.07882
28729.77858
26334.94736
24101.43933
22027.12627
20096.68593
18291.6071
16593.79545
14986.84982
13456.40308
11990.06624
10577.21419
9208.726928
7876.735159
6574.387161
5295.641394
4035.08587
2787.782488
1549.132262
314.7554254
2.512251094e-05
2.503627666e-05
2.503561899e-05
2.503504746e-05
2.503457505e-05
2.503420916e-05
2.503395686e-05
2.503382879e-05
2.269471217
-3.953984405
-12.46322984
-17.72982787
-14.17371052
-8.513864074
0.9969001354
5850.486355
30353.61887
30924.16908
31482.87074
30580.33198
28898.37805
26938.24464
24937.75138
22993.4421
21138.09465
19377.41203
17706.17494
16115.23667
14594.5379
13134.37333
11725.8681
10361.09465
9033.033863
7735.475094
6462.895902
5210.339112
3973.296401
2747.60255
1529.340708
314.7554253
2.512043202e-05
2.503627932e-05
2.503562173e-05
2.503505029e-05
2.503457796e-05
2.503421213e-05
2.503395985e-05
2.50338318e-05
2.434375865
0.6083072285
-8.642608437
-14.42371683
-12.67231092
-9.499816431
-4.569827755
2100.443117
20669.69017
27951.58026
29006.30317
28240.77796
26829.84714
25187.06656
23484.36831
21796.48441
20154.40028
18568.69452
17040.44378
15566.4352
14141.68941
12760.68631
11417.94376
10108.26816
8826.842826
7569.238488
6331.385332
5109.525955
3900.160718
2699.992492
1505.873789
314.7554253
2.511839117e-05
2.503628207e-05
2.503562453e-05
2.503505319e-05
2.503458093e-05
2.503421516e-05
2.503396292e-05
2.503383488e-05
-3.722412421
-15.10272666
-18.1384251
-8.833628265
-0.4517586727
265.5376471
14536.03703
33279.62966
38439.00246
31204.58675
28349.98494
26546.6354
24993.16772
23495.80556
22016.17059
20553.73065
19114.33049
17702.52667
16320.47445
14968.37023
13645.09485
12348.73744
11076.95455
9827.194786
8596.833818
7383.253449
6183.884035
4996.221869
3817.830757
2646.334955
1479.407551
314.7554253
2.511641035e-05
2.50362849e-05
2.503562741e-05
2.503505616e-05
2.503458398e-05
2.503421827e-05
2.503396606e-05
2.503383804e-05
-2.021526092
-11.07597463
-8.827890986
0.9173037935
10.16021636
732.4565406
31782.24095
47220.47501
36727.75452
30075.98948
26642.40795
24602.60869
23100.38196
21786.81467
20530.77849
19287.94005
18046.66654
16806.61572
15570.5688
14341.48353
13121.58398
11912.21442
10713.94364
9526.724566
8350.045941
7183.059349
6024.678081
4873.649752
3728.608225
2588.111049
1450.666847
314.7554253
2.511451119e-05
2.503628781e-05
2.503563038e-05
2.503505921e-05
2.503458712e-05
2.503422146e-05
2.503396929e-05
2.503384128e-05
-0.8738443907
-2.561967249
-1.965696957
-1.169702931
16.46632964
25.95054769
2419.261421
38893.74674
29584.49018
25729.31316
23541.06585
22121.00967
21018.93752
20020.29289
19032.19388
18020.58674
16977.77982
15906.71064
14813.71845
13705.42562
12587.5518
11464.59776
10339.88469
9215.716261
8093.56731
6974.261186
5858.121262
4745.093531
3634.843907
2526.835957
1420.393953
314.7554253
2.511271293e-05
2.503629084e-05
2.503563345e-05
2.503506237e-05
2.503459035e-05
2.503422474e-05
2.50339726e-05
2.503384461e-05
-0.8945316516
-4.987343088
65.24557044
-13.27323407
20.55891547
-31.40558742
27.18162795
15412.36934
18766.41349
19715.68769
19671.53463
19321.42649
18834.06982
18243.22915
17557.12347
16784.42747
15937.14564
15028.73054
14072.18129
13078.96235
12058.61017
11018.7476
9965.286363
8902.691466
7834.247125
6762.297815
5688.453984
4613.761579
3538.840176
2463.996322
1389.317969
314.7554253
2.511103192e-05
2.503629401e-05
2.503563664e-05
2.503506563e-05
2.503459368e-05
2.503422812e-05
2.503397602e-05
2.503384803e-05
-1.227094235
-3.561489174
-6.754271808
5.594874749
53.02457469
11.08008276
5156.035595
2882.264792
11440.86348
14695.49643
16107.95815
16659.08652
16752.68736
16561.43259
16168.64963
15622.84089
14957.62619
14198.87809
13367.31959
12479.64219
11549.18818
10586.50376
9599.827277
8595.519169
7578.433124
6552.22983
5519.636791
4482.660667
3442.760736
2400.992144
1358.12638
314.7554253
2.510948312e-05
2.503629732e-05
2.503563996e-05
2.503506901e-05
2.503459712e-05
2.503423161e-05
2.503397953e-05
2.503385156e-05
-1.498887799
-2.070157864
-3.465717432
-0.3471225124
6.350631906
-90.68792254
3297.040809
1938.529948
8271.978926
11517.47746
13405.71283
14454.27343
14956.1671
15081.17451
14933.21951
14580.65757
14071.62915
13441.83241
12718.58242
11923.10815
11072.00614
10178.25993
9252.005287
8301.12757
7331.737357
6348.552274
5355.20391
4354.485148
3348.55121
2339.085591
1327.439979
314.7554253
2.51080794e-05
2.503630076e-05
2.503564341e-05
2.503507252e-05
2.503460069e-05
2.503423521e-05
2.503398316e-05
2.503385519e-05
-1.988063438
-1.939409602
-3.420336604
-1.84442534
1515.614753
-433.4929403
11395.16418
3270.721107
7375.589808
9696.72845
11543.14328
12796.13434
13536.54548
13873.90792
13902.42748
13694.95177
13306.4002
12778.2409
12142.07519
11422.21049
10637.47754
9802.5324
8928.811623
8025.250997
7098.83737
6155.038629
5198.142399
4231.525873
3257.873959
2279.35898
1297.792261
314.7554253
2.51068322e-05
2.503630436e-05
2.5035647e-05
2.503507616e-05
2.503460437e-05
2.503423893e-05
2.503398689e-05
2.503385893e-05
-1.690575539
-1.49758155
-0.4507970317
1.873065997
5528.614607
-758.1842601
5141.653774
3496.114266
6085.260858
8350.722463
10274.00498
11650.57898
12519.95901
12975.50632
13107.65353
12990.33001
12680.77918
12222.65714
11649.27191
10986.18874
10253.1697
9465.58783
8635.462608
7772.229811
6883.323557
5974.623265
5050.802053
4115.60264
3172.059827
2222.683684
1269.614202
314.7554253
2.51057484e-05
2.503630813e-05
2.503565075e-05
2.503507994e-05
2.503460818e-05
2.503424276e-05
2.503399074e-05
2.503386278e-05
-2.178429983
-2.456319417
-2.272461134
-1.251679065
17132.81816
-1582.753975
-1038.735138
2344.671056
4082.028685
7346.891751
9551.572068
11012.1929
11917.15763
12400.49804
12562.35973
12477.94355
12203.73266
11782.33913
11246.17091
10620.10937
9923.432003
9171.192746
8375.225098
7544.884142
6687.604933
5809.329764
4914.840713
4008.023167
3092.078744
2169.701131
1243.224948
314.7554253
2.510483435e-05
2.503631206e-05
2.503565465e-05
2.503508385e-05
2.503461212e-05
2.503424671e-05
2.50339947e-05
2.503386674e-05
-2.909387338
-3.88680439
-3.883185416
-5.331786361
9362.195589
-814.9824145
-694.3891209
-834.6056945
3862.671742
7403.220024
9573.22133
10929.42946
11735.95674
12146.96691
12263.34864
12155.35578
11873.87117
11456.7982
10932.96705
10324.65142
9649.262253
8920.530815
8149.363775
7344.478269
6512.883279
5660.251008
4791.20848
3909.570663
3018.53041
2120.816553
1218.828677
314.7554253
2.510409366e-05
2.503631616e-05
2.50356587e-05
2.50350879e-05
2.503461618e-05
2.503425078e-05
2.503399876e-05
2.503387081e-05
-4.041888705
-6.907474306
-10.51904199
-12.80817157
6854.798199
-1932.988255
-639.2209151
3003.950882
6553.392125
8830.132819
10408.74549
11396.36119
11950.27394
12188.06849
12188.71809
12006.26325
11679.59974
11238.01707
10704.2506
10096.27158
9428.439544
8712.307988
7957.222929
7170.783027
6359.199769
5527.583231
4680.171951
3820.520541
2951.655276
2076.205585
1196.517659
314.7554253
2.510352842e-05
2.503632041e-05
2.50356629e-05
2.503509208e-05
2.503462035e-05
2.503425495e-05
2.503400293e-05
2.503387497e-05
-5.298750266
-6.862417347
-8.734306013
-14.21645321
32925.25828
-656.645716
1682.334299
8034.856485
9631.358416
10955.24576
11835.256
12296.97371
12480.70322
12466.31817
12297.19618
12001.38129
11600.24807
11111.42058
10549.74878
9927.748352
9255.92004
8543.041296
7796.438518
7022.232241
6225.550474
5410.710949
4581.375984
3740.684358
2891.364481
2035.832835
1176.281135
314.7554253
2.510313828e-05
2.503632482e-05
2.503566722e-05
2.503509638e-05
2.503462463e-05
2.503425922e-05
2.503400719e-05
2.503387922e-05
-8.960724233
-15.87066156
-45.3235927
-55.36905327
5246.819985
95.78835309
219.1846946
6391.879647
11121.58501
13524.23209
13680.05396
13475.56459
13209.24167
12899.30562
12532.36902
12101.81795
11608.59028
11057.66862
10455.57708
9809.055532
9124.453411
8407.500316
7663.258722
6896.157906
6110.059871
5308.334928
4493.937312
3669.476909
2837.285931
1999.480686
1158.019161
314.7554253
2.510292109e-05
2.503632936e-05
2.503567167e-05
2.503510078e-05
2.503462901e-05
2.503426358e-05
2.503401154e-05
2.503388356e-05
-4.188715776
3.016246052
15.12367139
24.34491873
81.33383865
61.44787505
1976.755937
28066.16789
24830.70927
18339.85317
15885.15503
14715.98217
13981.39075
13389.29326
12831.15578
12264.92976
11674.62498
11055.08565
10405.83581
9728.444433
9025.338738
8299.24843
7552.938681
6789.081504
6010.19705
5218.63253
4416.562436
3606.001144
2788.822862
1966.786009
1141.560294
314.7554253
2.51028727e-05
2.503633401e-05
2.503567623e-05
2.503510528e-05
2.503463348e-05
2.503426802e-05
2.503401596e-05
2.503388798e-05
-4.92672481
2.650078639
11.06064317
17.97996128
44.42544291
21.26904615
130.1795934
21380.37992
24544.24502
19119.15409
16804.73306
15521.81452
14611.04431
13845.31957
13138.02845
12452.117
11769.89194
11082.21172
10384.23594
9673.548247
8949.209228
8211.216395
7460.166618
6697.033209
5923.015385
5139.437056
4347.680409
3549.144307
2745.220424
1937.282048
1126.681805
314.7554253
2.510298756e-05
2.503633875e-05
2.503568087e-05
2.503510986e-05
2.503463802e-05
2.503427253e-05
2.503402045e-05
2.503389245e-05
-7.846272659
-1.860445208
6.865142926
17.27968019
47.64075333
11.70559725
9.511236583
1252.412808
14144.37105
16786.67504
16692.80693
15955.4957
15095.65027
14242.90984
13423.51784
12635.61358
11870.61143
11119.63208
10375.34771
9632.303457
8886.733673
8136.241632
7379.478903
6615.870474
5845.39579
5068.421928
4285.580362
3497.678145
2705.635396
1910.442405
1113.13095
314.7554253
2.510325844e-05
2.503634357e-05
2.503568558e-05
2.50351145e-05
2.503464261e-05
2.503427708e-05
2.503402498e-05
2.503389697e-05
-12.35378104
-12.32399766
-5.507299512
4.651144918
30.09706983
18.54090558
13.73096394
417.790782
15248.33358
17191.1966
17224.32031
16511.70872
15573.14867
14607.14818
13677.51494
12796.2035
11957.30399
11150.35479
10365.21802
9593.58359
8829.180236
8067.537968
7305.637941
6541.575672
5774.277671
5003.27746
4228.544519
3450.356383
2669.204296
1885.724149
1100.645847
314.7554253
2.510367631e-05
2.503634845e-05
2.503569034e-05
2.503511919e-05
2.503464724e-05
2.503428167e-05
2.503402954e-05
2.503390152e-05
-14.78364431
-24.1443677
-20.26138276
-9.367902599
11.78065819
17.70429838
11.68944814
609.808311
20003.25411
19508.54738
18501.56705
17293.8676
16078.0845
14935.01501
13883.18397
12914.37669
12012.04274
11159.26294
10341.58484
9547.632186
8768.865894
7999.092985
7233.960942
6470.519127
5706.8651
4941.869822
4174.968526
3406.003351
2635.105564
1862.607295
1088.974632
314.7554253
2.510423147e-05
2.503635336e-05
2.503569514e-05
2.50351239e-05
2.503465189e-05
2.503428628e-05
2.503403412e-05
2.503390608e-05
-13.68189844
-25.99401835
-22.61713882
-10.17322516
1.140579294
4.711632577
9.142878362
1292.48572
22578.76691
22339.96102
19979.53023
18084.10769
16510.30312
15171.63891
14005.82412
12966.07167
12017.22361
11133.06714
10294.22508
9486.494221
8699.558898
7926.008825
7160.596394
6399.678469
5640.798386
4882.373564
4123.462147
3363.588486
2602.612074
1840.628274
1077.891749
314.7554253
2.510491306e-05
2.503635829e-05
2.503569994e-05
2.503512861e-05
2.503465654e-05
2.503429089e-05
2.50340387e-05
2.503391064e-05
-7.639095913
-11.85067195
-5.797450466
3.926536897
3.949999409
-2.773631334
10.53230812
2875.760476
24101.28984
24357.5383
20992.48293
18552.72694
16707.37738
15235.40731
14002.39621
12926.85741
11957.70937
11061.55483
10215.75322
9404.560975
8616.868087
7844.789664
7082.741191
6326.804974
5574.282392
4823.370489
4072.924689
3322.282516
2571.131014
1819.405494
1067.210437
314.7554253
2.510570798e-05
2.503636322e-05
2.503570473e-05
2.503513331e-05
2.503466117e-05
2.503429547e-05
2.503404325e-05
2.503391518e-05
-0.726944972
4.123849278
12.39673733
17.74001113
14.0333525
7.100568214
15.1712237
5689.270923
23754.48922
25096.28617
21080.09846
18426.93686
16531.06772
15060.21168
13841.49101
12781.24823
11825.19873
10939.6879
10102.67151
9299.129232
8518.565081
7753.544268
6998.778872
6250.52424
5506.163008
4763.908958
4022.590987
3281.492394
2540.229138
1798.655771
1056.790829
314.7554253
2.510660425e-05
2.503636809e-05
2.503570948e-05
2.503513797e-05
2.503466576e-05
2.503430001e-05
2.503404776e-05
2.503391967e-05
2.903226034
10.22337396
18.08390464
21.79687892
19.6159758
15.35083953
17.44341883
29.97021155
20304.88769
23792.61613
19804.7371
17543.84953
15929.74023
14632.87581
13522.10336
12531.44212
11622.14698
10769.32521
9956.115655
9170.720844
8404.721868
7652.048289
6908.312213
6170.357791
5435.944835
4703.519785
3972.045742
3240.873627
2509.642557
1778.201109
1046.543419
314.7554253
2.510758788e-05
2.503637292e-05
2.503571416e-05
2.503514256e-05
2.503467029e-05
2.503430449e-05
2.50340522e-05
2.50339241e-05
3.43956768
9.530844136
15.40039635
18.81835217
18.5933765
17.24371687
17.6450249
17.80115371
7448.426226
16390.53371
16802.57094
16013.97994
15011.1639
14019.44381
13082.60072
12200.2668
11362.61981
10559.34927
9781.745435
9022.918699
8277.557216
7541.620668
6812.071439
6086.658572
5363.747912
4642.188502
3921.206589
3200.320525
2479.271491
1757.966137
1036.428044
314.7554253
2.510864552e-05
2.503637765e-05
2.503571877e-05
2.503514707e-05
2.503467473e-05
2.503430888e-05
2.503405656e-05
2.503392844e-05
3.025814364
7.97879259
12.20321815
14.95982634
15.89988343
15.86622797
16.23464523
16.03866492
5664.92031
14571.22075
15002.17159
14698.33201
14081.48838
13351.13136
12588.58581
11824.40192
11068.7143
10323.70577
9588.598781
8861.65386
8140.972259
7424.81236
6711.702562
6000.466385
5290.209192
4580.288689
3870.279536
3159.936984
2449.16179
1737.967314
1026.448926
314.7554253
2.510976401e-05
2.503638226e-05
2.503572326e-05
2.503515147e-05
2.503467907e-05
2.503431317e-05
2.503406082e-05
2.503393268e-05
2.489120469
6.543244687
9.835535269
12.11507662
13.43225597
13.82158901
14.30943348
13.81012244
4834.134505
13978.07573
13937.06024
13695.68598
13265.32375
12715.00469
12096.2065
11440.03831
10764.12785
10078.15997
9387.290934
8694.128599
7999.870658
7304.960984
6609.468567
5913.304471
5216.343056
4518.486201
3819.693532
3119.992442
2419.47628
1718.29576
1016.646638
314.7554253
2.511092984e-05
2.503638675e-05
2.503572762e-05
2.503515575e-05
2.503468328e-05
2.503431734e-05
2.503406495e-05
2.503393679e-05
1.968329899
5.239200623
7.919440602
9.898947098
11.24229882
11.8695213
12.34269314
11.93754154
3657.174708
13112.93276
13072.89722
12882.02651
12569.11405
12147.35481
11641.19465
11075.41458
10469.59694
9837.514715
9188.277481
8527.702075
7859.425989
7185.699329
6507.914451
5826.948617
5143.381004
4457.62759
3770.023095
3080.868981
2390.459831
1699.09606
1007.088103
314.7554254
2.511212975e-05
2.503639108e-05
2.503573183e-05
2.503515988e-05
2.503468735e-05
2.503432136e-05
2.503406894e-05
2.503394077e-05
1.530431526
4.175172037
6.411329122
8.131888521
9.397396561
10.25597219
10.76753374
11.72080438
3497.059063
12856.3188
12360.22675
12190.40784
11981.74951
11664.10367
11245.80014
10750.82609
10201.32888
9614.02395
9000.603378
8368.979317
7724.436816
7070.502298
6409.548648
5743.20229
5072.612399
4398.627246
3721.908742
3043.006083
2362.402392
1680.543605
997.8558306
314.7554254
2.511335111e-05
2.503639524e-05
2.503573588e-05
2.503516384e-05
2.503469125e-05
2.503432522e-05
2.503407277e-05
2.503394458e-05
1.226388483
3.390467713
5.26356418
6.71726167
7.828136041
8.554289082
8.840254041
9.229947968
1236.360294
10783.97637
11319.45264
11537.62773
11503.37091
11281.50809
10927.0737
10480.75847
9970.867028
9416.648529
8831.133976
8223.177826
7598.843952
6962.329812
6316.581675
5663.705914
5005.24545
4342.366368
3675.984155
3006.849106
2335.603981
1662.82288
989.0375322
314.7554254
2.511458126e-05
2.503639922e-05
2.503573975e-05
2.503516763e-05
2.503469498e-05
2.50343289e-05
2.503407642e-05
2.503394822e-05
1.014487716
2.821427413
4.383346884
5.548521936
6.50603724
6.814966675
6.769634878
6.125921978
199.8068218
9166.005607
10593.36578
11137.27864
11212.59675
11031.48208
10700.22602
10274.26528
9784.731167
9250.569088
8684.107286
8093.75638
7485.434712
6863.395463
6230.746976
5589.799164
4942.302126
4289.613528
3632.817022
2972.806298
2310.344862
1646.108694
980.7170643
314.7554254
2.511580769e-05
2.5036403e-05
2.503574341e-05
2.503517122e-05
2.503469851e-05
2.503433238e-05
2.503407987e-05
2.503395166e-05
0.8121212512
2.286332304
3.59006703
4.458266034
5.435386536
5.412538852
6.033659729
6.14714982
159.6127372
9148.99165
10750.72606
11205.52335
11178.25405
10931.5959
10568.08152
10131.3443
9643.222682
9116.789478
8560.970594
7982.307335
7385.745326
6775.073115
6153.214738
5522.445055
4884.553953
4240.972235
3592.867611
2941.217356
2286.863031
1630.551705
972.9673522
314.7554254
2.511701823e-05
2.503640655e-05
2.503574687e-05
2.503517459e-05
2.503470182e-05
2.503433565e-05
2.503408311e-05
2.503395489e-05
0.6795461209
1.938044092
3.104747304
3.825124446
4.58447037
4.129164342
5.193092885
3.639781632
657.9358438
11695.30387
12055.02276
11755.83396
11363.29933
10948.56511
10509.15921
10039.80731
9540.025685
9012.395807
8460.678905
7888.757999
7300.167389
6697.938447
6084.595584
5462.214399
4832.498647
4196.856222
3556.466176
2912.334613
2265.339911
1616.268861
965.8456196
314.7554254
2.511820017e-05
2.503640988e-05
2.50357501e-05
2.503517774e-05
2.503470491e-05
2.503433869e-05
2.503408612e-05
2.503395789e-05
0.5040552586
1.398612635
2.301393366
2.426948103
3.14810034
2.208544803
4.709792865
3.215400281
14987.66921
18209.86926
14017.81751
12399.49003
11570.54401
10990.206
10480.18306
9978.700317
9464.67729
8932.089548
8380.591626
7811.878784
7228.228238
6631.918244
6025.015454
5409.319201
4786.371091
4157.489031
3523.807484
2886.316122
2245.894009
1603.338721
959.3909333
314.7554254
2.511934171e-05
2.503641298e-05
2.503575309e-05
2.503518065e-05
2.503470776e-05
2.50343415e-05
2.503408889e-05
2.503396064e-05
0.5159043665
1.486413701
2.424530116
3.147032245
3.115117931
0.9737367257
1.264216458
3390.026559
20159.67107
15645.28425
13406.86919
12253.76488
11529.18125
10961.53261
10442.66761
9930.134458
9407.894325
8870.694004
8317.719595
7749.937411
7168.948542
6576.490798
5974.228771
5363.675924
4746.177638
4122.921556
3494.958861
2863.228608
2228.581414
1591.801078
953.6238216
314.7554254
2.512042996e-05
2.503641582e-05
2.503575585e-05
2.503518333e-05
2.503471036e-05
2.503434405e-05
2.503409141e-05
2.503396314e-05
0.3749194965
1.005686377
1.529100323
1.719930651
1.139628197
-0.5088535884
-0.6705096014
34.15164179
2084.524198
10624.31616
11710.62712
11679.51983
11330.88471
10884.07692
10398.82173
9891.276874
9366.072634
8825.073352
8269.655836
7701.202925
7121.137679
6530.867416
5931.732572
5324.977676
4711.74154
4093.060239
3469.877355
2843.057613
2213.401566
1581.660006
948.5475695
314.7554254
2.512145289e-05
2.503641841e-05
2.503575835e-05
2.503518574e-05
2.503471271e-05
2.503434634e-05
2.503409366e-05
2.503396537e-05
0.3105239985
0.8062784623
1.227143724
1.442985261
1.327615618
1.249613503
0.7727505676
2.635271767
1354.0035
9622.329519
11131.80379
11422.80376
11230.76238
10845.07037
10377.26729
9870.08036
9340.047485
8793.872165
8234.628385
7664.081361
7083.532105
6494.108593
5896.856143
5292.760171
4682.749948
4067.699754
3448.431926
2825.722185
2200.306592
1572.889321
944.1507322
314.7554254
2.512239828e-05
2.50364207e-05
2.503576056e-05
2.503518788e-05
2.503471479e-05
2.503434836e-05
2.503409564e-05
2.503396733e-05
0.1664156432
0.4675185575
0.7127894367
0.8766752262
0.8347691538
0.4346648136
0.2082975167
1.767084929
9328.305805
11626.39871
11771.46016
11649.13044
11324.29238
10888.17683
10395.09874
9871.731851
9330.166758
8775.741235
8210.905717
7636.963251
7054.801654
6465.179199
5868.823361
5266.456717
4658.797866
4046.556277
3430.427706
2811.091928
2189.212716
1565.439544
940.410424
314.7554254
2.512325462e-05
2.503642264e-05
2.503576243e-05
2.503518967e-05
2.503471653e-05
2.503435006e-05
2.503409731e-05
2.503396897e-05
0.07601853036
0.2298502669
0.3684787554
0.5088664883
0.7837216397
0.3260004829
0.4770427685
224.4179899
13260.99181
13445.98397
12678.51558
12077.96677
11529.10159
10988.24786
10443.22129
9891.584004
9333.148976
8768.022754
8196.292271
7618.066269
7033.533704
6442.984424
5846.80221
5245.445918
4639.428656
4029.299683
3415.630464
2799.004832
2180.012567
1559.245585
937.2959983
314.7554254
2.512401207e-05
2.503642416e-05
2.503576387e-05
2.503519106e-05
2.503471788e-05
2.503435139e-05
2.503409862e-05
2.503397025e-05
0.07414756031
0.2353790962
0.3776052191
0.5522453855
0.795815327
1.163350765
0.8365669972
2266.022142
18086.54612
14968.16969
13418.65221
12455.12074
11725.90107
11092.49392
10497.9571
9918.236753
9342.825435
8766.911638
8188.177369
7605.478668
7018.284979
6426.424721
5829.956891
5229.097465
4624.172201
4015.5841
3403.790187
2789.284776
2172.587454
1554.234504
934.7728062
314.7554254
2.512466002e-05
2.503642524e-05
2.503576489e-05
2.503519206e-05
2.503471887e-05
2.503435238e-05
2.503409958e-05
2.503397116e-05
0.09870339872
0.2774373213
0.4150556057
0.4982635515
0.4891982041
0.4562375952
0.2720797915
1756.74369
16806.85235
14921.1082
13572.80353
12597.96417
11826.8898
11157.87194
10537.87923
9940.583695
9353.007899
8768.62468
8184.030605
7597.389652
7007.706213
6414.475705
5817.505972
5216.817325
4612.58072
4005.07614
3394.662911
2781.757856
2166.81894
1550.332906
932.8057871
314.7554254
2.512518225e-05
2.503642579e-05
2.503576546e-05
2.503519271e-05
2.503471956e-05
2.503435306e-05
2.503410028e-05
2.503397183e-05
0.09236613717
0.274388049
0.426828658
0.5020559563
0.5619993087
0.7967050591
0.4573858383
3847.077343
15493.20787
14336.75205
13353.49025
12537.04389
11825.82387
11174.22727
10555.1072
9953.214408
9360.001678
8770.552728
8181.934993
7592.347416
7000.678731
6406.269982
5808.777822
5208.08872
4604.260461
3997.479695
3388.029918
2776.266825
2162.599138
1547.473543
931.3627002
314.7554254
2.512555766e-05
2.503642562e-05
2.503576551e-05
2.503519298e-05
2.503471992e-05
2.503435346e-05
2.503410076e-05
2.503397239e-05
0.07888674864
0.2755097495
0.4501033615
0.4999082821
0.6043627594
0.5042381891
51.11690903
15580.59924
14498.73072
13579.51611
12967.36229
12370.8986
11765.13648
11158.10861
10555.11108
9957.168761
9363.235823
8771.654044
8180.813944
7589.39115
6996.396232
6401.152558
5803.251374
5202.503794
4598.896888
3992.556003
3383.713471
2772.683061
2159.83932
1545.600884
930.4168527
314.7554254
2.512582272e-05
2.503642471e-05
2.503576523e-05
2.503519283e-05
2.503471998e-05
2.50343536e-05
2.50341009e-05
2.503397279e-05
0.07803633113
0.2884966982
0.4601206188
0.541835616
0.5770343272
0.5955993744
23.26400346
2471.990718
11400.40037
12515.22038
12565.54505
12214.05317
11705.71687
11137.96227
10550.06298
9957.117548
9364.123109
8772.018386
8180.280617
7588.012276
6994.367909
6398.698104
5800.576695
5199.783341
4596.272069
3990.138242
3381.588597
2770.915661
2158.476528
1544.675412
929.9492303
314.7554254
2.512574977e-05
2.50364235e-05
2.503576534e-05
2.503519228e-05
2.503471994e-05
2.503435375e-05
2.503410054e-05
2.503397309e-05
)
;

boundaryField
{
    lowerWall
    {
        type            fixedFluxPressure;
        gradient        uniform 0;
        value           nonuniform List<scalar> 
80
(
2.503375975e-05
2.503375958e-05
2.503375968e-05
2.50337602e-05
2.503376112e-05
2.503376221e-05
2.503376338e-05
2.50337646e-05
2.503376588e-05
2.503376725e-05
2.503376871e-05
2.503377028e-05
2.503377197e-05
2.503377377e-05
2.503377567e-05
2.503377767e-05
2.503377975e-05
2.503378191e-05
2.503378415e-05
2.503378644e-05
2.503378879e-05
2.503379118e-05
2.503379363e-05
2.503379612e-05
2.503379864e-05
2.50338012e-05
2.50338038e-05
2.503380643e-05
2.50338091e-05
2.503381179e-05
2.503381452e-05
2.503381729e-05
2.50338201e-05
2.503382295e-05
2.503382584e-05
2.503382879e-05
2.50338318e-05
2.503383488e-05
2.503383804e-05
2.503384128e-05
2.503384461e-05
2.503384803e-05
2.503385156e-05
2.503385519e-05
2.503385893e-05
2.503386278e-05
2.503386674e-05
2.503387081e-05
2.503387497e-05
2.503387922e-05
2.503388356e-05
2.503388798e-05
2.503389245e-05
2.503389697e-05
2.503390152e-05
2.503390608e-05
2.503391064e-05
2.503391518e-05
2.503391967e-05
2.50339241e-05
2.503392844e-05
2.503393268e-05
2.503393679e-05
2.503394077e-05
2.503394458e-05
2.503394822e-05
2.503395166e-05
2.503395489e-05
2.503395789e-05
2.503396064e-05
2.503396314e-05
2.503396537e-05
2.503396733e-05
2.503396897e-05
2.503397025e-05
2.503397116e-05
2.503397183e-05
2.503397239e-05
2.503397279e-05
2.503397309e-05
)
;
    }
    atmosphere
    {
        type            totalPressure;
        rho             rho;
        psi             none;
        gamma           1;
        p0              uniform 0;
        value           nonuniform List<scalar> 
80
(
-1.389577673
-3.057005662
-4.429635033
-5.827811169
-6.9530592
-4.902915919
-0.1426829619
0
0
0
0
0
0
0
0
0
-0.001627586019
0
0
-0.02702771794
-0.1450350774
-0.1900020205
-0.1741850244
-0.2322416841
-0.2461877954
-0.2532639659
-0.2685780056
-0.2654621365
-0.2627587418
-0.2214556786
-0.1817648598
-0.05785567166
-0.001840138494
-0.1237578843
-0.5123279313
-0.3701057913
0
0
0
-0.3812690064
0
-0.08981481345
-0.7536072238
-1.003810575
-1.583702141
-1.153329675
-1.620883568
-1.87546714
-2.438176811
-3.385917398
-5.399328984
-5.958328869
-8.484300629
-12.16934574
-13.63443636
-5.465537449
0
0
0
0
0
0
0
0
0
0
0
0
0
0
0
0
0
0
0
0
0
0
0
0
)
;
    }
    rightWall
    {
        type            empty;
    }
    leftWall
    {
        type            empty;
    }
    frontAndBack
    {
        type            fixedFluxPressure;
        gradient        nonuniform List<scalar> 
80
(
2.182724998e-06
6.548174999e-06
0.00767259279
1.527908586e-05
1.964454933e-05
2.401002659e-05
-1204.140444
-87.48109675
0
0
0
0
0
0
0
0
0
0
0
0
0
0
0
0
0
0
0
0
0
0
0
0
0.0001418773156
0.000146242575
0.000150608025
0.0001549734751
0.0001593389251
0.000163704375
0.000168069825
0.000172435275
2.182725e-06
6.548175006e-06
1.0913625e-05
1.527907501e-05
1.9644525e-05
2.4009975e-05
0.004844451089
-7119.217332
0
0
0
0
0
0
0
0
0
0
0
0
0
0
0
0
0
0
0
0
0
0
0
0
0.0001418773028
0.000146242575
0.000150608025
0.0001549734751
0.000159338925
0.000163704375
0.0001680698248
0.000172435275
)
;
        value           nonuniform List<scalar> 
80
(
-2.69195073
-0.4332225103
1222.756214
-8.117435594
-7.120529968
-7.343157194
1191.011845
18215.71207
18325.25368
15083.41591
13104.8012
11766.70487
10779.75855
9997.651788
9340.005967
8759.130934
8224.898251
7717.427811
7223.289934
6733.368053
6241.556187
5743.908215
5238.050665
4722.765121
4197.685845
3663.076085
3119.660109
2568.498261
2010.894686
1448.327129
882.3912279
314.7554253
2.514084979e-05
2.504535249e-05
2.504496627e-05
2.504466559e-05
2.504446577e-05
2.504437212e-05
2.504439154e-05
2.504453695e-05
0.07803633127
0.2884966986
0.4601206194
0.5418356169
0.5770343285
0.5955993759
23.26400376
2471.545767
11400.40037
12515.22038
12565.54505
12214.05317
11705.71687
11137.96227
10550.06298
9957.117548
9364.123109
8772.018386
8180.280617
7588.012276
6994.367909
6398.698104
5800.576695
5199.783341
4596.272069
3990.138242
3381.588597
2770.915661
2158.476528
1544.675412
929.9492303
314.7554254
2.513461711e-05
2.504556366e-05
2.504517834e-05
2.504487812e-05
2.504467863e-05
2.504458527e-05
2.50446049e-05
2.50447503e-05
)
;
    }
}


// ************************************************************************* //
