/*--------------------------------*- C++ -*----------------------------------*\
| =========                 |                                                 |
| \\      /  F ield         | OpenFOAM: The Open Source CFD Toolbox           |
|  \\    /   O peration     | Version:  2506                                  |
|   \\  /    A nd           | Website:  www.openfoam.com                      |
|    \\/     M anipulation  |                                                 |
\*---------------------------------------------------------------------------*/
FoamFile
{
    version     2.0;
    format      ascii;
    arch        "LSB;label=32;scalar=64";
    class       volScalarField;
    location    "0.005";
    object      Qv;
}
// * * * * * * * * * * * * * * * * * * * * * * * * * * * * * * * * * * * * * //

dimensions      [1 0 -3 0 0 0 0];

internalField   nonuniform List<scalar> 
3200
(
14303202.91
14451759.74
14509283.71
14312962.01
13379962.23
12623530.18
12574866.19
12391496.14
2284106.497
79451.26538
4794.242382
1832.777153
1518.901312
1477.750851
1472.825232
1472.308839
1472.260979
1472.257
1472.256699
1472.256678
1472.256677
1472.256677
1472.256677
1472.256674
1472.256656
1472.256551
1472.255995
1472.253409
1472.243011
1472.207569
1472.107429
1471.878447
1471.878833
1471.893453
1471.906086
1471.916686
1471.925214
1471.931638
1471.935935
1471.938087
14204963.88
14271986.11
14383179.28
13977598.08
13233525.21
12292941.54
12131329.98
10432425.17
1953402.952
71109.67434
4670.091047
1830.72721
1519.662508
1477.967457
1472.862422
1472.313851
1472.26156
1472.257061
1472.256705
1472.256679
1472.256677
1472.256677
1472.256677
1472.256674
1472.256656
1472.256551
1472.255995
1472.253409
1472.243011
1472.207569
1472.107429
1471.878447
1471.878833
1471.893453
1471.906086
1471.916686
1471.925214
1471.931638
1471.935935
1471.938087
14126370.06
14129292.34
14094249.61
13791823.03
13161092.65
12156576.11
12072566.74
8161011.506
1316642.828
54324.83926
4384.305273
1823.350154
1520.816943
1478.375189
1472.940077
1472.325495
1472.263085
1472.257244
1472.256726
1472.256681
1472.256677
1472.256677
1472.256677
1472.256674
1472.256656
1472.256551
1472.255995
1472.253409
1472.243011
1472.207569
1472.107429
1471.878447
1471.878833
1471.893453
1471.906086
1471.916686
1471.925214
1471.931638
1471.935935
1471.938087
14192622.16
14146893.91
14029614.44
13735664.85
13150785.88
12156035.17
12046437.13
6417003.196
918772.8571
48519.04273
4455.070211
1851.112989
1527.438343
1479.702216
1473.170138
1472.36124
1472.268175
1472.257916
1472.256809
1472.256691
1472.256678
1472.256677
1472.256677
1472.256674
1472.256656
1472.256551
1472.255995
1472.253409
1472.243011
1472.207569
1472.107429
1471.878447
1471.878833
1471.893453
1471.906086
1471.916686
1471.925214
1471.931638
1471.935935
1471.938087
14498902.01
14392031.08
14185106.47
13830911.88
13209988.62
12151524.16
12111558.6
7602244.417
1298182.451
66483.96615
5276.50622
1954.250486
1547.772067
1483.797007
1473.92673
1472.48782
1472.287414
1472.260586
1472.257149
1472.256731
1472.256683
1472.256678
1472.256677
1472.256674
1472.256656
1472.256551
1472.255995
1472.253409
1472.243011
1472.207569
1472.107429
1471.878447
1471.878833
1471.893453
1471.906086
1471.916686
1471.925214
1471.931638
1471.935935
1471.938087
15046833.41
14873488.48
14529179.95
14060202.69
13297239.07
11717493.39
11358794.22
6557631.465
1363952.522
95437.19965
7352.114367
2245.225084
1609.877122
1497.234899
1476.549264
1472.943334
1472.358335
1472.270575
1472.258432
1472.256882
1472.256699
1472.256679
1472.256677
1472.256674
1472.256656
1472.256551
1472.255995
1472.253409
1472.243011
1472.207569
1472.107429
1471.878447
1471.878833
1471.893453
1471.906086
1471.916686
1471.925214
1471.931638
1471.935935
1471.938087
15669061.28
15415317.56
14913741.54
14296972.72
13386502.76
11838368.01
9264561.22
5327694.988
1825253.452
222303.3368
16950.47324
3327.88729
1814.23113
1540.200687
1484.934651
1474.404626
1472.586101
1472.302617
1472.262538
1472.257365
1472.256752
1472.256685
1472.256677
1472.256674
1472.256656
1472.256551
1472.255995
1472.253409
1472.243011
1472.207569
1472.107429
1471.878447
1471.878833
1471.893453
1471.906086
1471.916686
1471.925214
1471.931638
1471.935935
1471.938087
16243051.77
15953788.99
15358314.64
14597493.73
13399539.27
11299938.25
7870138.863
6990077.129
4087484.961
956614.5157
82539.11806
8112.311181
2446.500746
1657.3227
1507.053264
1478.221956
1473.177515
1472.385308
1472.273063
1472.258595
1472.256885
1472.256698
1472.256679
1472.256674
1472.256656
1472.256551
1472.255995
1472.253409
1472.243011
1472.207569
1472.107429
1471.878447
1471.878833
1471.893453
1471.906086
1471.916686
1471.925214
1471.931638
1471.935935
1471.938087
16857551.88
16695554.32
16380223.3
16029569.7
15728762.24
15476048.21
12035479.01
7933985.087
7962828.569
3296583.135
463515.8546
30498.4473
4198.760859
1911.617689
1552.002073
1485.851792
1474.350044
1472.547926
1472.293576
1472.260968
1472.257138
1472.256723
1472.256681
1472.256674
1472.256656
1472.256551
1472.255995
1472.253409
1472.243011
1472.207569
1472.107429
1471.878447
1471.878833
1471.893453
1471.906086
1471.916686
1471.925214
1471.931638
1471.935935
1471.938087
17502812.75
17677551.46
17973808.59
18513341.25
19947748.89
22803437.69
20682295.21
11773935.71
7656859.755
5331321.216
1309209.693
98295.42169
7890.93302
2311.490441
1616.872988
1496.690323
1476.006705
1472.775901
1472.322011
1472.264212
1472.25748
1472.256756
1472.256684
1472.256675
1472.256656
1472.256551
1472.255995
1472.253409
1472.243011
1472.207569
1472.107429
1471.878447
1471.878833
1471.893453
1471.906086
1471.916686
1471.925214
1471.931638
1471.935935
1471.938087
17632451.66
17813271.26
18112246.64
18565978.76
19378636.95
20826009.75
19735620.34
12717219.85
6066558.767
4229618.64
1466564.319
161284.1117
11893.74939
2693.752716
1676.647175
1506.767463
1477.55903
1472.988822
1472.348213
1472.267138
1472.257779
1472.256785
1472.256686
1472.256675
1472.256656
1472.256551
1472.255995
1472.253409
1472.243011
1472.207569
1472.107429
1471.878447
1471.878833
1471.893453
1471.906086
1471.916686
1471.925214
1471.931638
1471.935935
1471.938087
17535726.71
17609433.34
17706041.42
17775614.79
17783011.59
17513948.47
15933892.01
11709941.46
7049901.804
2886975.869
1435611.788
192625.8139
14445.82842
2932.450065
1713.620934
1513.067347
1478.530972
1473.120067
1472.363838
1472.268798
1472.257938
1472.256799
1472.256688
1472.256675
1472.256656
1472.256551
1472.255995
1472.253409
1472.243011
1472.207569
1472.107429
1471.878447
1471.878833
1471.893453
1471.906086
1471.916686
1471.925214
1471.931638
1471.935935
1471.938087
17373710.63
17325264.89
17193456.26
16920798.65
16442909.54
15639371.16
14332885.49
12299968.85
11431813.44
5479730.528
1887294.217
228630.3495
15945.94445
3039.576856
1728.126555
1515.280286
1478.824994
1473.151373
1472.366271
1472.268881
1472.257924
1472.256795
1472.256687
1472.256675
1472.256656
1472.256551
1472.255995
1472.253409
1472.243011
1472.207569
1472.107429
1471.878447
1471.878833
1471.893453
1471.906086
1471.916686
1471.925214
1471.931638
1471.935935
1471.938087
17275692.22
17122692.22
16796330.84
16276061.63
15601941.92
14827731.76
13914442.78
12389390.65
12150355.47
8461676.796
2361874.033
257021.1776
16884.73485
3092.468585
1733.175983
1515.611185
1478.778787
1473.129289
1472.361385
1472.268075
1472.257814
1472.256782
1472.256686
1472.256675
1472.256656
1472.256551
1472.255995
1472.253409
1472.243011
1472.207569
1472.107429
1471.878447
1471.878833
1471.893453
1471.906086
1471.916686
1471.925214
1471.931638
1471.935935
1471.938087
17318013.54
17097731.97
16665033.91
16073764.02
15446289.38
14879046.83
14279069.3
12980646.74
12050983.56
11927967.88
2248431.814
265247.1683
18224.36664
3192.910989
1743.955234
1516.621613
1478.795338
1473.110785
1472.356454
1472.267228
1472.257698
1472.256768
1472.256684
1472.256675
1472.256656
1472.256551
1472.255995
1472.253409
1472.243011
1472.207569
1472.107429
1471.878447
1471.878833
1471.893453
1471.906086
1471.916686
1471.925214
1471.931638
1471.935935
1471.938087
17518237.4
17284958.72
16856909.22
16323993.76
15851352.68
15557947.31
15259832.6
14343801.62
12546741.88
12416047.5
2550526.756
327656.1949
21727.26016
3403.982403
1766.260816
1519.174322
1479.012716
1473.116497
1472.354271
1472.26668
1472.257613
1472.256758
1472.256683
1472.256674
1472.256656
1472.256551
1472.255995
1472.253409
1472.243011
1472.207569
1472.107429
1471.878447
1471.878833
1471.893453
1471.906086
1471.916686
1471.925214
1471.931638
1471.935935
1471.938087
17839305.67
17624998.45
17253578.11
16814160.93
16487303.63
16383601.19
16237698.88
15392183.9
13590659.38
12281906.36
3176603.511
448594.4728
27052.43064
3663.582378
1790.885967
1521.864771
1479.239461
1473.123865
1472.352522
1472.266222
1472.257543
1472.256749
1472.256682
1472.256674
1472.256656
1472.256551
1472.255995
1472.253409
1472.243011
1472.207569
1472.107429
1471.878447
1471.878833
1471.893453
1471.906086
1471.916686
1471.925214
1471.931638
1471.935935
1471.938087
18243097.02
18053608.65
17755094.01
17432293.35
17234234.15
17222084.91
17168725.2
16692603.2
15822844.58
15610859.22
4158295.433
611674.602
33336.47409
3911.404639
1810.691237
1523.628662
1479.325168
1473.114135
1472.349136
1472.265649
1472.257469
1472.256741
1472.256681
1472.256674
1472.256656
1472.256551
1472.255995
1472.253409
1472.243011
1472.207569
1472.107429
1471.878447
1471.878833
1471.893453
1471.906086
1471.916686
1471.925214
1471.931638
1471.935935
1471.938087
18690545.1
18544583.48
18328721.84
18129875.13
18043141.71
18073795.22
18002261.35
17672695.4
17558192.56
16537908.15
5016774.303
723741.5526
36054.98861
3937.727674
1803.576929
1521.263357
1478.825309
1473.032761
1472.338187
1472.264381
1472.257339
1472.256729
1472.25668
1472.256674
1472.256656
1472.256551
1472.255995
1472.253409
1472.243011
1472.207569
1472.107429
1471.878447
1471.878833
1471.893453
1471.906086
1471.916686
1471.925214
1471.931638
1471.935935
1471.938087
19106963.23
19031489.23
18924622.03
18864113.42
18912870
19001022.93
18737763.39
18028604.03
16793232.83
16655902.59
5670755.41
769126.4402
34471.243
3731.598506
1768.958291
1514.721192
1477.744999
1472.882197
1472.320139
1472.26248
1472.25716
1472.256714
1472.256679
1472.256674
1472.256656
1472.256551
1472.255995
1472.253409
1472.243011
1472.207569
1472.107429
1471.878447
1471.878833
1471.893453
1471.906086
1471.916686
1471.925214
1471.931638
1471.935935
1471.938087
19446559.85
19433922.76
19447071.29
19549945.05
19825616.22
20200877.29
19502036.34
18275662.81
16218640.28
15953120.99
6093513.509
745302.5266
29188.26914
3343.762382
1713.43114
1505.331003
1476.331707
1472.700103
1472.299748
1472.260458
1472.25698
1472.256699
1472.256678
1472.256674
1472.256656
1472.256551
1472.255995
1472.253409
1472.243011
1472.207569
1472.107429
1471.878447
1471.878833
1471.893453
1471.906086
1471.916686
1471.925214
1471.931638
1471.935935
1471.938087
19685851.48
19716302.48
19813827.88
20050254.35
20586096.2
21182655.47
20269874.61
18546603.72
16500348.6
15051250.43
6059977.713
592309.1167
20029.16537
2784.272133
1638.674974
1493.783141
1474.745184
1472.511913
1472.280183
1472.258644
1472.256828
1472.256688
1472.256677
1472.256674
1472.256656
1472.256551
1472.255995
1472.253409
1472.243011
1472.207569
1472.107429
1471.878447
1471.878833
1471.893453
1471.906086
1471.916686
1471.925214
1471.931638
1471.935935
1471.938087
19823450.77
19878105.65
20007413.51
20236086.11
20560380.48
20804161.18
20151881.8
18801373.25
16860845.7
14339123.73
4833774.366
314529.9914
10753.11304
2232.641356
1567.380913
1483.731859
1473.488405
1472.37476
1472.266924
1472.257491
1472.256737
1472.256681
1472.256677
1472.256674
1472.256656
1472.256551
1472.255995
1472.253409
1472.243011
1472.207569
1472.107429
1471.878447
1471.878833
1471.893453
1471.906086
1471.916686
1471.925214
1471.931638
1471.935935
1471.938087
19874520.79
19946063.57
20098905.56
20333579.44
20613547.98
20794423.85
20537070.8
19390091.61
14258325.04
13061559.1
2778830.235
95445.55993
4879.556151
1814.521175
1514.178798
1476.990047
1472.73419
1472.300169
1472.260299
1472.256956
1472.256697
1472.256678
1472.256677
1472.256674
1472.256656
1472.256551
1472.255995
1472.253409
1472.243011
1472.207569
1472.107429
1471.878447
1471.878833
1471.893453
1471.906086
1471.916686
1471.925214
1471.931638
1471.935935
1471.938087
19860915.78
19953528.03
20147719.4
20442786.66
20818233.49
21217575.28
21551794.94
21839923.96
22257370.61
12364316.45
657900.5079
14991.67569
2428.95279
1591.116802
1486.99277
1473.898425
1472.420971
1472.271634
1472.25793
1472.256774
1472.256684
1472.256677
1472.256677
1472.256674
1472.256656
1472.256551
1472.255995
1472.253409
1472.243011
1472.207569
1472.107429
1471.878447
1471.878833
1471.893453
1471.906086
1471.916686
1471.925214
1471.931638
1471.935935
1471.938087
19796236.45
19917316.27
20173878.32
20574421.54
21117791.11
21789484.8
22533379.2
23302926.64
23409853.97
6886015.702
101822.5116
4725.604238
1825.283293
1520.343123
1478.407379
1472.964337
1472.330175
1472.263631
1472.257281
1472.256726
1472.256681
1472.256677
1472.256677
1472.256674
1472.256656
1472.256551
1472.255995
1472.253409
1472.243011
1472.207569
1472.107429
1471.878447
1471.878833
1471.893453
1471.906086
1471.916686
1471.925214
1471.931638
1471.935935
1471.938087
19681578.52
19837409.62
20172595.24
20710337.29
21468954.66
22449332.16
23561878.32
24602810.93
24629473.41
2897017.857
42343.23825
3250.984327
1689.746806
1502.818396
1476.25412
1472.727527
1472.306685
1472.2615
1472.257103
1472.256712
1472.25668
1472.256677
1472.256677
1472.256674
1472.256656
1472.256551
1472.255995
1472.253409
1472.243011
1472.207569
1472.107429
1471.878447
1471.878833
1471.893453
1471.906086
1471.916686
1471.925214
1471.931639
1471.935935
1471.938087
19507048.73
19701228.26
20124030.02
20816659.98
21822241.17
23163164.67
24739686.2
26298461.06
26406817.74
3943292.378
37904.7174
2940.461627
1652.373666
1497.53252
1475.559728
1472.645349
1472.297871
1472.260636
1472.257025
1472.256705
1472.256679
1472.256677
1472.256677
1472.256674
1472.256656
1472.256551
1472.255995
1472.253409
1472.243011
1472.207569
1472.107429
1471.878447
1471.878833
1471.893453
1471.906086
1471.916686
1471.925214
1471.931639
1471.935935
1471.938087
19257653.72
19490642.71
20001516.58
20849898.93
22104994.44
23805858.13
25893764.82
28127522.48
28482049.39
5483702.613
35199.1807
2766.524549
1631.732704
1494.556577
1475.152792
1472.594895
1472.292219
1472.260062
1472.256971
1472.256701
1472.256679
1472.256677
1472.256677
1472.256674
1472.256656
1472.256551
1472.255995
1472.253409
1472.243011
1472.207569
1472.107429
1471.878447
1471.878833
1471.893453
1471.906086
1471.916686
1471.925214
1471.931639
1471.935935
1471.938087
18921243.21
19193552.82
19791110.59
20787166
22261124.93
24205180.54
26360711.49
27308046.34
29271300.33
5202955.311
27044.99001
2598.00332
1614.773044
1492.199278
1474.831524
1472.554877
1472.287717
1472.259603
1472.256929
1472.256697
1472.256678
1472.256677
1472.256677
1472.256674
1472.256656
1472.256551
1472.255995
1472.253409
1472.243011
1472.207569
1472.107429
1471.878447
1471.878833
1471.893453
1471.906086
1471.916686
1471.925214
1471.931639
1471.935935
1471.938087
18492205.01
18803423.62
19484542.9
20616690.67
22297193.57
24587661.87
27420058.79
30125547.96
30337135.32
2745333.874
19717.58619
2446.015807
1599.954169
1490.191898
1474.559881
1472.521125
1472.283934
1472.25922
1472.256894
1472.256694
1472.256678
1472.256677
1472.256677
1472.256674
1472.256656
1472.256551
1472.255995
1472.253409
1472.243011
1472.207569
1472.107429
1471.878447
1471.878833
1471.893453
1471.906086
1471.916686
1471.925214
1471.931639
1471.935935
1471.938087
17974736.64
18325203.58
19089171.15
20338494.02
22138223.91
24412157.9
26806391.52
28913116.05
29301189.49
2158948.584
13937.39143
2304.485938
1586.828457
1488.444948
1474.323902
1472.49188
1472.280674
1472.258892
1472.256864
1472.256691
1472.256678
1472.256677
1472.256677
1472.256674
1472.256656
1472.256551
1472.255995
1472.253409
1472.243011
1472.207569
1472.107429
1471.878447
1471.878833
1471.893453
1471.906086
1471.916686
1471.925215
1471.931639
1471.935935
1471.938087
17386781.15
17762457.87
18593974.08
19950735.56
21901526.59
24292697.04
26331453.4
26538175.21
29710168.33
3505336.814
10738.54264
2195.249018
1575.74536
1486.908491
1474.114168
1472.465962
1472.277807
1472.258607
1472.256838
1472.256689
1472.256678
1472.256677
1472.256677
1472.256674
1472.256656
1472.256551
1472.255995
1472.253409
1472.243011
1472.207569
1472.107429
1471.878447
1471.878833
1471.893453
1471.906086
1471.916687
1471.925215
1471.931639
1471.935935
1471.938087
16768655.52
17128257.93
17955812.87
19329097.49
21366357.19
24064513.35
27151189
27401238.37
25523215.77
366455.3108
7825.818559
2112.980959
1566.304392
1485.527351
1473.923835
1472.442565
1472.275243
1472.258354
1472.256815
1472.256688
1472.256678
1472.256677
1472.256677
1472.256674
1472.256656
1472.256551
1472.255995
1472.253409
1472.243011
1472.207569
1472.107429
1471.878447
1471.878833
1471.893453
1471.906086
1471.916687
1471.925215
1471.931639
1471.935935
1471.938087
16183127.91
16511216.79
17271701.13
18544668.73
20442808.27
22853847.15
24848241.67
24791467.03
11537326.17
147071.6712
6662.31073
2050.896611
1557.77825
1484.227955
1473.744463
1472.420704
1472.272874
1472.258124
1472.256795
1472.256686
1472.256678
1472.256677
1472.256677
1472.256674
1472.256656
1472.256551
1472.255995
1472.253409
1472.243011
1472.207569
1472.10743
1471.878447
1471.878833
1471.893453
1471.906086
1471.916687
1471.925215
1471.931639
1471.935935
1471.938087
15716177.96
16048253.12
16748176.15
17884559.8
19645109.5
22091854.7
24872022.45
25052646.32
3325335.734
100768.1249
5944.471207
1992.789145
1549.193339
1482.926034
1473.567741
1472.399508
1472.270609
1472.257906
1472.256776
1472.256684
1472.256678
1472.256677
1472.256677
1472.256674
1472.256656
1472.256551
1472.255995
1472.253409
1472.243011
1472.207569
1472.10743
1471.878448
1471.878834
1471.893453
1471.906086
1471.916687
1471.925215
1471.931639
1471.935935
1471.938087
15452040.92
15849886.63
16555142.56
17607251.05
19210722.4
21426963.78
24129227.4
24462544.53
2397568.095
74752.6539
5216.805654
1929.900574
1540.302592
1481.640875
1473.399073
1472.379728
1472.268528
1472.257708
1472.256759
1472.256683
1472.256677
1472.256677
1472.256677
1472.256674
1472.256656
1472.256551
1472.255995
1472.253409
1472.243011
1472.207569
1472.10743
1471.878448
1471.878834
1471.893453
1471.906087
1471.916687
1471.925215
1471.931639
1471.935935
1471.938087
15370517.85
15826536.09
16460139.56
17297235.2
18533506.16
20049735.31
21137858.1
23435720.87
1748792.072
53249.10377
4523.007548
1869.741525
1532.230898
1480.523583
1473.256343
1472.363279
1472.266821
1472.257548
1472.256745
1472.256682
1472.256677
1472.256677
1472.256677
1472.256674
1472.256656
1472.256551
1472.255995
1472.253409
1472.243011
1472.207569
1472.10743
1471.878448
1471.878834
1471.893453
1471.906087
1471.916687
1471.925215
1471.931639
1471.935935
1471.938087
14979194.38
15276519.18
15610174.74
16234011.4
17558470.66
19461531.05
19752333.12
21593466.64
1395361.335
40199.51558
4044.985401
1825.614404
1526.136523
1479.661158
1473.144709
1472.350368
1472.265487
1472.257424
1472.256735
1472.256681
1472.256677
1472.256677
1472.256677
1472.256674
1472.256656
1472.256551
1472.255995
1472.253409
1472.243011
1472.207569
1472.10743
1471.878448
1471.878834
1471.893453
1471.906087
1471.916687
1471.925215
1471.931639
1471.935935
1471.938087
14216688.04
14322602.46
14413485.23
14929839.73
16252609.69
16608666.84
14123314.11
12421582.87
837885.1415
29848.34222
3698.913411
1792.834612
1521.408308
1478.970118
1473.053945
1472.339854
1472.264406
1472.257325
1472.256726
1472.25668
1472.256677
1472.256677
1472.256677
1472.256674
1472.256656
1472.256551
1472.255995
1472.253409
1472.243011
1472.207569
1472.10743
1471.878448
1471.878834
1471.893454
1471.906087
1471.916687
1471.925215
1471.931639
1471.935935
1471.938087
13501069.48
13449384.71
13227297.33
13363673.55
13434012.03
12563216.65
11909425.42
5055547.155
312593.1837
21761.68632
3447.014471
1767.490467
1517.51227
1478.383525
1472.976324
1472.330892
1472.263493
1472.257241
1472.25672
1472.25668
1472.256677
1472.256677
1472.256677
1472.256674
1472.256656
1472.256551
1472.255995
1472.253409
1472.243011
1472.207569
1472.10743
1471.878448
1471.878834
1471.893454
1471.906087
1471.916687
1471.925215
1471.931639
1471.935935
1471.938087
12985912.54
12836617.11
12593604.87
12580897.66
12584949.68
12055671.74
11807654.54
2116061.29
219110.7227
18930.95172
3288.906368
1746.882766
1514.101407
1477.863032
1472.907707
1472.323039
1472.262701
1472.25717
1472.256714
1472.25668
1472.256677
1472.256677
1472.256677
1472.256674
1472.256656
1472.256551
1472.255995
1472.253409
1472.243011
1472.207569
1472.10743
1471.878448
1471.878834
1471.893454
1471.906087
1471.916687
1471.925215
1471.931639
1471.935935
1471.938087
12710422.83
12665479.03
12593795.77
12576316.37
12508780.38
12197366.27
12174919.21
2917191.337
217924.8461
18029.1722
3193.962004
1731.363314
1511.311273
1477.423607
1472.849104
1472.316316
1472.262025
1472.257109
1472.256709
1472.256679
1472.256677
1472.256677
1472.256677
1472.256674
1472.256656
1472.256551
1472.255995
1472.253409
1472.243011
1472.207569
1472.10743
1471.878448
1471.878834
1471.893454
1471.906087
1471.916687
1471.925215
1471.931639
1471.935935
1471.938087
12548463.79
12546415.14
12547553.22
12570927.01
12572044.3
12381099.95
12229996.28
2756318.52
192172.1631
16489.2624
3075.95317
1714.467758
1508.491801
1477.000025
1472.794405
1472.310188
1472.26142
1472.257056
1472.256705
1472.256679
1472.256677
1472.256677
1472.256677
1472.256674
1472.256656
1472.256551
1472.255995
1472.253409
1472.243011
1472.207569
1472.10743
1471.878448
1471.878834
1471.893454
1471.906087
1471.916687
1471.925215
1471.931639
1471.935935
1471.938087
12439513.07
12457505.83
12501059.93
12592405.24
12615331.81
12481701.86
12219302.73
2773469.026
178303.2383
15418.8289
2978.860853
1699.489667
1505.927549
1476.612152
1472.744341
1472.304601
1472.260871
1472.257008
1472.256701
1472.256679
1472.256677
1472.256677
1472.256677
1472.256674
1472.256656
1472.256551
1472.255995
1472.253409
1472.243011
1472.207569
1472.10743
1471.878448
1471.878834
1471.893454
1471.906087
1471.916687
1471.925215
1471.931639
1471.935935
1471.938087
12350832.53
12380108.67
12443751.56
12537659.93
12542105.78
12248896.75
11616044.16
1889843.214
157166.8033
13697.06609
2825.028546
1677.397932
1502.44493
1476.12237
1472.684796
1472.298272
1472.260274
1472.256957
1472.256697
1472.256678
1472.256677
1472.256677
1472.256677
1472.256674
1472.256656
1472.256551
1472.255995
1472.253409
1472.243011
1472.207569
1472.10743
1471.878448
1471.878834
1471.893454
1471.906087
1471.916687
1471.925215
1471.931639
1471.935935
1471.938087
12270273.85
12309254.78
12395883.55
12533655.31
12541350.51
12360545.38
9593899.514
993563.0052
89517.80569
10010.86238
2556.186765
1643.573073
1497.663315
1475.505173
1472.614619
1472.2912
1472.259636
1472.256905
1472.256693
1472.256678
1472.256677
1472.256677
1472.256677
1472.256674
1472.256656
1472.256551
1472.255995
1472.253409
1472.243011
1472.207569
1472.10743
1471.878448
1471.878834
1471.893454
1471.906087
1471.916687
1471.925215
1471.931639
1471.935935
1471.938087
12194431.61
12242812.06
12352756.47
12533755.19
12546099.02
12419500.3
7978791.726
953239.083
110888.098
11127.87874
2604.510045
1644.286348
1497.011753
1475.334706
1472.586967
1472.287737
1472.259275
1472.256873
1472.25669
1472.256678
1472.256677
1472.256677
1472.256677
1472.256674
1472.256656
1472.256551
1472.255995
1472.253409
1472.243011
1472.207569
1472.10743
1471.878448
1471.878834
1471.893454
1471.906087
1471.916687
1471.925215
1471.931639
1471.935935
1471.938087
12127368.43
12181745.52
12310500.75
12521639.06
12535267.2
12422885.02
6539481.647
3221036.306
341053.5398
18645.92409
2930.556785
1669.845351
1498.980952
1475.419524
1472.581544
1472.286033
1472.259043
1472.256849
1472.256688
1472.256678
1472.256677
1472.256677
1472.256677
1472.256674
1472.256656
1472.256551
1472.255995
1472.253409
1472.243011
1472.207569
1472.10743
1471.878448
1471.878834
1471.893454
1471.906087
1471.916687
1471.925215
1471.931639
1471.935935
1471.938087
12080029.94
12135181.09
12279367.94
12557078.82
12573550.03
12444204.37
9208104.316
5220543.344
435941.613
18006.47384
2789.778672
1646.215324
1495.088179
1474.877714
1472.518141
1472.279651
1472.25848
1472.256805
1472.256685
1472.256678
1472.256677
1472.256677
1472.256677
1472.256674
1472.256656
1472.256551
1472.255995
1472.253409
1472.243011
1472.207569
1472.10743
1471.878448
1471.878834
1471.893454
1471.906087
1471.916687
1471.925215
1471.931639
1471.935935
1471.938087
12069496.14
12116610.27
12246625.38
12516693.6
12557361.78
12484124.41
10068301.26
11890107.64
398440.4823
9408.963475
2175.914737
1569.338565
1484.99946
1473.709331
1472.400405
1472.269191
1472.257649
1472.256745
1472.256681
1472.256677
1472.256677
1472.256677
1472.256677
1472.256674
1472.256656
1472.256551
1472.255995
1472.253409
1472.243011
1472.207569
1472.10743
1471.878448
1471.878834
1471.893454
1471.906087
1471.916687
1471.925215
1471.931639
1471.935935
1471.938087
12116468.42
12149589.11
12247549.12
12437776.3
12592541.9
12949502.84
12988495.71
12730306.18
311393.5696
5059.7171
1764.96163
1509.805726
1477.022021
1472.794581
1472.309805
1472.261303
1472.257036
1472.256702
1472.256679
1472.256677
1472.256677
1472.256677
1472.256677
1472.256674
1472.256656
1472.256551
1472.255995
1472.253409
1472.243011
1472.207569
1472.10743
1471.878448
1471.878834
1471.893454
1471.906087
1471.916687
1471.925215
1471.931639
1471.935935
1471.938087
12235050.13
12254648.69
12333800.47
12540405.72
12938377.95
13994481.57
14647626.35
15078702.08
276270.9533
3841.131178
1620.209028
1486.121125
1473.717831
1472.409885
1472.271479
1472.257963
1472.256778
1472.256684
1472.256677
1472.256677
1472.256677
1472.256677
1472.256677
1472.256674
1472.256656
1472.256551
1472.255995
1472.253409
1472.243011
1472.207569
1472.10743
1471.878448
1471.878834
1471.893454
1471.906087
1471.916687
1471.925215
1471.931639
1471.935935
1471.938087
12425264.23
12432804.48
12498596.13
12729892.49
13284241.51
14694933.51
16596220.91
17400603.85
1331290.563
5051.315163
1622.801041
1481.757171
1472.89684
1472.305125
1472.260644
1472.256999
1472.256702
1472.256679
1472.256677
1472.256677
1472.256677
1472.256677
1472.256677
1472.256674
1472.256656
1472.256551
1472.255995
1472.253409
1472.243011
1472.207569
1472.10743
1471.878448
1471.878834
1471.893454
1471.906087
1471.916687
1471.925215
1471.931639
1471.935935
1471.938087
12671776.74
12671802.51
12737355.91
13011228.69
13706614.06
15296175.12
17175245.35
17580962.42
3927183.987
9291.862178
1709.972935
1485.652023
1472.980802
1472.29498
1472.258792
1472.2568
1472.256684
1472.256677
1472.256677
1472.256677
1472.256677
1472.256677
1472.256677
1472.256674
1472.256656
1472.256551
1472.255995
1472.253409
1472.243011
1472.207569
1472.10743
1471.878448
1471.878834
1471.893454
1471.906087
1471.916687
1471.925215
1471.931639
1471.935935
1471.938087
12945936.56
12950108.43
13042579.44
13401326.21
14158318.88
15642214.78
17174051.41
17464712.56
8524445.24
22939.39967
1913.777323
1497.785969
1473.721772
1472.335856
1472.260782
1472.25688
1472.256686
1472.256677
1472.256677
1472.256677
1472.256677
1472.256677
1472.256677
1472.256674
1472.256656
1472.256551
1472.255995
1472.253409
1472.243011
1472.207569
1472.10743
1471.878448
1471.878834
1471.893454
1471.906087
1471.916687
1471.925215
1471.931639
1471.935935
1471.938087
13222401.29
13255255.54
13390503.72
13758694.15
14467472.75
15676921.49
16702045.76
16769473.55
12011293.51
62020.87645
2331.563458
1525.200363
1475.750896
1472.473882
1472.26936
1472.257368
1472.256711
1472.256678
1472.256677
1472.256677
1472.256677
1472.256677
1472.256677
1472.256674
1472.256656
1472.256551
1472.255995
1472.253409
1472.243011
1472.207569
1472.10743
1471.878448
1471.878834
1471.893454
1471.906087
1471.916687
1471.925215
1471.931639
1471.935935
1471.938087
13470715.62
13533342.45
13684570.63
14016589.53
14637255.54
15521466.02
16390459.64
16500196.35
12426697.38
141906.0559
3099.055186
1576.691256
1480.089479
1472.80556
1472.29206
1472.258771
1472.25679
1472.256683
1472.256677
1472.256677
1472.256677
1472.256677
1472.256677
1472.256674
1472.256656
1472.256551
1472.255995
1472.253409
1472.243011
1472.207569
1472.10743
1471.878448
1471.878834
1471.893454
1471.906087
1471.916687
1471.925215
1471.931639
1471.935935
1471.938087
13647359.5
13735051.14
13896832.58
14186912.2
14721022.95
15274138.98
15702534.07
15684535.98
12658125.83
262897.5592
4274.410905
1651.516862
1486.96015
1473.379148
1472.334427
1472.261573
1472.256958
1472.256692
1472.256678
1472.256677
1472.256677
1472.256677
1472.256677
1472.256674
1472.256656
1472.256551
1472.255995
1472.253409
1472.243011
1472.207569
1472.10743
1471.878448
1471.878834
1471.893454
1471.906087
1471.916687
1471.925215
1471.931639
1471.935935
1471.938087
13747689.92
13851653.38
14032928.68
14315083.66
14760035.01
15219907.69
15715648.53
16073280.7
15684867.05
560165.9213
6911.597496
1791.436475
1500.029421
1474.509944
1472.420507
1472.267441
1472.257323
1472.256713
1472.256679
1472.256677
1472.256677
1472.256677
1472.256677
1472.256674
1472.256656
1472.256551
1472.255995
1472.253409
1472.243011
1472.207569
1472.10743
1471.878448
1471.878834
1471.893454
1471.906087
1471.916687
1471.925215
1471.931639
1471.935935
1471.938087
13791546.66
13899938.6
14091212.5
14365409.2
14736071.99
15112656.41
15497896.61
15924592.1
15968251.56
818966.6986
10403.87745
1958.467157
1516.984213
1476.162548
1472.561035
1472.278023
1472.258043
1472.256758
1472.256681
1472.256677
1472.256677
1472.256677
1472.256677
1472.256674
1472.256656
1472.256551
1472.255995
1472.253409
1472.243011
1472.207569
1472.10743
1471.878448
1471.878834
1471.893454
1471.906087
1471.916687
1471.925215
1471.931639
1471.935935
1471.938087
13781602.56
13885869.08
14066540.84
14308068.73
14592854.72
14861603.93
15070916.34
15198488.74
15195265.83
1059389.399
15375.37653
2184.063056
1541.296534
1478.776
1472.805234
1472.298082
1472.259522
1472.256857
1472.256688
1472.256678
1472.256677
1472.256677
1472.256677
1472.256674
1472.256656
1472.256551
1472.255995
1472.253409
1472.243011
1472.207569
1472.10743
1471.878448
1471.878834
1471.893454
1471.906087
1471.916687
1471.925215
1471.931639
1471.935935
1471.938087
13714663.73
13805102.14
13955472.54
14140458.35
14327913.42
14464740.36
14498344.45
14366931.07
14334088.46
1422489.693
24346.93881
2526.742854
1577.57706
1482.917164
1473.221607
1472.334933
1472.262449
1472.257069
1472.256702
1472.256679
1472.256677
1472.256677
1472.256677
1472.256674
1472.256656
1472.256551
1472.255995
1472.253409
1472.243011
1472.207569
1472.10743
1471.878448
1471.878834
1471.893454
1471.906087
1471.916687
1471.925215
1471.931639
1471.935935
1471.938087
13600280.76
13668930.55
13775508.24
13889148.4
13970856.86
13970578.09
13853473.96
13604681.69
13566612.99
1928896.689
42209.16477
3078.643726
1631.264334
1489.219246
1473.893988
1472.398701
1472.267894
1472.257494
1472.256732
1472.256681
1472.256677
1472.256677
1472.256677
1472.256674
1472.256656
1472.256551
1472.255995
1472.253409
1472.243011
1472.207569
1472.10743
1471.878448
1471.878834
1471.893454
1471.906087
1471.916687
1471.925215
1471.931639
1471.935935
1471.938087
13453052.66
13496835.37
13554736.7
13592338.22
13563781.46
13415611.63
13137319.95
12854375.9
12864273.23
2226078.426
63286.95413
3738.947618
1696.462427
1497.583982
1474.875662
1472.500445
1472.277328
1472.258288
1472.256794
1472.256685
1472.256678
1472.256677
1472.256677
1472.256674
1472.256656
1472.256551
1472.255995
1472.253409
1472.243011
1472.207569
1472.10743
1471.878448
1471.878834
1471.893454
1471.906087
1471.916687
1471.925215
1471.931639
1471.935935
1471.938087
13284567.72
13304889.12
13318033.65
13287214.03
13157194.3
12850021.9
12294956
11520209.67
11450187.61
2104659.003
74348.79526
4307.614613
1763.180848
1507.535601
1476.199459
1472.652548
1472.292737
1472.259692
1472.256911
1472.256694
1472.256678
1472.256677
1472.256677
1472.256674
1472.256656
1472.256551
1472.255995
1472.253409
1472.243011
1472.207569
1472.10743
1471.878448
1471.878834
1471.893454
1471.906087
1471.916687
1471.925215
1471.931639
1471.935935
1471.938087
13104454.36
13105990.53
13085476.97
13007232.89
12811449.44
12393250
11542287.11
9747856.436
8900898.527
1862928.696
78368.69947
4812.379024
1833.910148
1519.488657
1477.968948
1472.87521
1472.317163
1472.262084
1472.257124
1472.256711
1472.25668
1472.256677
1472.256677
1472.256674
1472.256656
1472.256551
1472.255995
1472.253409
1472.243011
1472.207569
1472.10743
1471.878448
1471.878834
1471.893454
1471.906087
1471.916687
1471.925215
1471.931639
1471.935935
1471.938087
12921411.51
12910017.75
12869137.41
12769307.7
12557445.86
12137679.93
11303257.49
9580582.406
8765336.753
1873947.165
91781.4683
5617.305225
1931.542729
1535.753064
1480.46506
1473.205907
1472.355536
1472.266064
1472.257499
1472.256744
1472.256682
1472.256677
1472.256677
1472.256674
1472.256656
1472.256551
1472.255995
1472.253409
1472.243011
1472.207569
1472.10743
1471.878448
1471.878834
1471.893453
1471.906087
1471.916687
1471.925215
1471.931639
1471.935935
1471.938087
12741315.97
12721774.02
12670940.81
12570997.31
12390095.52
12091435.28
11608474.28
10937653.87
10858920.61
2095481.07
115129.5914
6778.059173
2058.759923
1556.849617
1483.835166
1473.676667
1472.413316
1472.272406
1472.258131
1472.256802
1472.256687
1472.256678
1472.256677
1472.256674
1472.256656
1472.256551
1472.255995
1472.253409
1472.243011
1472.207569
1472.10743
1471.878448
1471.878834
1471.893453
1471.906087
1471.916687
1471.925215
1471.931639
1471.935935
1471.938087
12568224.38
12543172.06
12485818.62
12389065.92
12250678.22
12089169.84
11969478.52
12203203.24
12346114.33
2515576.055
145485.6319
8239.854725
2211.235074
1582.553942
1488.157835
1474.31727
1472.49673
1472.282103
1472.259152
1472.2569
1472.256696
1472.256678
1472.256677
1472.256674
1472.256656
1472.256551
1472.255995
1472.253409
1472.243011
1472.207569
1472.10743
1471.878448
1471.878834
1471.893453
1471.906087
1471.916687
1471.925215
1471.931639
1471.935935
1471.938087
12405469.16
12375130.55
12308684.76
12203373.07
12075840.01
11973609.43
12002604.91
12053895.93
11510114.42
2649078.595
174990.2836
9931.347053
2386.625926
1612.883187
1493.538172
1475.162912
1472.613354
1472.296429
1472.260743
1472.257062
1472.256711
1472.25668
1472.256677
1472.256674
1472.256656
1472.256551
1472.255995
1472.253409
1472.243011
1472.207569
1472.10743
1471.878448
1471.878834
1471.893453
1471.906087
1471.916687
1471.925215
1471.931639
1471.935935
1471.938087
12260223.53
12230933.76
12164772.18
12052265.73
11885805.09
11653239
11335872.29
11174739.67
8971117.848
2367637.449
200526.5572
11886.76091
2588.729706
1648.294708
1500.100786
1476.249587
1472.771279
1472.316839
1472.263124
1472.257316
1472.256736
1472.256682
1472.256677
1472.256674
1472.256656
1472.256551
1472.255995
1472.253409
1472.243011
1472.207569
1472.10743
1471.878448
1471.878834
1471.893453
1471.906087
1471.916687
1471.925215
1471.931639
1471.935935
1471.938087
12129775.21
12102686.24
12039170.96
11921873.09
11716865.21
11343105.81
10642867.2
9157490.156
8653478.58
2508609.716
234885.6162
14153.06502
2814.714716
1688.167973
1507.796435
1477.588807
1472.975819
1472.344564
1472.266508
1472.257693
1472.256775
1472.256686
1472.256677
1472.256674
1472.256656
1472.256551
1472.255995
1472.253409
1472.243011
1472.207569
1472.10743
1471.878448
1471.878834
1471.893453
1471.906087
1471.916687
1471.925215
1471.931639
1471.935935
1471.938087
12013302.89
11989688.09
11934440.53
11831345.94
11649678
11328532.53
10755633.41
9734246.032
9458927.159
2893666.24
276103.0932
16664.38212
3057.254344
1731.0661
1516.372763
1479.150404
1473.225449
1472.379903
1472.271002
1472.258212
1472.25683
1472.256691
1472.256678
1472.256674
1472.256656
1472.256551
1472.255995
1472.253409
1472.243011
1472.207569
1472.107429
1471.878448
1471.878834
1471.893453
1471.906086
1471.916687
1471.925215
1471.931639
1471.935935
1471.938087
11909745.21
11889974.6
11848035.27
11777939.43
11672757.47
11524602.41
11299658.65
11171726.77
9967613.598
3180422.215
320429.0935
19445.32885
3311.497688
1775.102279
1525.34967
1480.842928
1473.506459
1472.421185
1472.276439
1472.258862
1472.256901
1472.256698
1472.256679
1472.256674
1472.256656
1472.256551
1472.255995
1472.253409
1472.243011
1472.207569
1472.107429
1471.878448
1471.878834
1471.893453
1471.906086
1471.916687
1471.925215
1471.931639
1471.935935
1471.938087
11814799.7
11798364.04
11768279.16
11732952.43
11718334.32
11797158.2
12126530.45
12206886.89
11356213.21
3722640.32
384026.0343
22619.23408
3562.349765
1816.194213
1533.742115
1482.463799
1473.783838
1472.463215
1472.282142
1472.259563
1472.25698
1472.256707
1472.256679
1472.256674
1472.256656
1472.256551
1472.255995
1472.253409
1472.243011
1472.207569
1472.107429
1471.878448
1471.878834
1471.893453
1471.906086
1471.916687
1471.925215
1471.931639
1471.935935
1471.938087
11724203.03
11706019.55
11673709.89
11642142.72
11651384.43
11808563.19
12313762.76
12417504.15
11545952.77
3828063.993
407149.2978
24181.4066
3703.438694
1841.267509
1539.229493
1483.588645
1473.986325
1472.495256
1472.286657
1472.260136
1472.257046
1472.256714
1472.25668
1472.256674
1472.256656
1472.256551
1472.255995
1472.253409
1472.243011
1472.207569
1472.107429
1471.878448
1471.878834
1471.893453
1471.906086
1471.916687
1471.925215
1471.931639
1471.935935
1471.938087
11636772.1
11608748.26
11552913.71
11475584.58
11404473.02
11444855.23
11873793.78
12105118.96
9250850.786
3105458.04
333096.8718
21419.08035
3566.95296
1828.931699
1538.100068
1483.562532
1474.006857
1472.501392
1472.28783
1472.260316
1472.25707
1472.256716
1472.25668
1472.256674
1472.256656
1472.256551
1472.255995
1472.253409
1472.243011
1472.207569
1472.107429
1471.878448
1471.878833
1471.893453
1471.906086
1471.916687
1471.925215
1471.931639
1471.935935
1471.938087
11561092.51
11517007.07
11422697.47
11261352.74
11007806.23
10664776.21
10531782.2
10220264.89
6442080.995
1836258.504
187375.9898
14728.91343
3115.110071
1770.215847
1528.553273
1482.049858
1473.788458
1472.472858
1472.284436
1472.259946
1472.257033
1472.256713
1472.25668
1472.256674
1472.256656
1472.256551
1472.255995
1472.253409
1472.243011
1472.207569
1472.107429
1471.878448
1471.878833
1471.893453
1471.906086
1471.916687
1471.925215
1471.931639
1471.935935
1471.938087
11515382.41
11457490.03
11330108.47
11094181.6
10661330.45
9844424.587
9074753.86
7919609.427
3909901.364
942948.0645
94806.37605
9700.148449
2682.55082
1705.75763
1517.278806
1480.162331
1473.501442
1472.433359
1472.279483
1472.259376
1472.256972
1472.256707
1472.256679
1472.256674
1472.256656
1472.256551
1472.255995
1472.253409
1472.243011
1472.207569
1472.107429
1471.878448
1471.878833
1471.893453
1471.906086
1471.916687
1471.925215
1471.931639
1471.935935
1471.938087
)
;

boundaryField
{
    lowerWall
    {
        type            calculated;
        value           nonuniform List<scalar> 
80
(
1471.938087
1471.938087
1471.938087
1471.938087
1471.938087
1471.938087
1471.938087
1471.938087
1471.938087
1471.938087
1471.938087
1471.938087
1471.938087
1471.938087
1471.938087
1471.938087
1471.938087
1471.938087
1471.938087
1471.938087
1471.938087
1471.938087
1471.938087
1471.938087
1471.938087
1471.938087
1471.938087
1471.938087
1471.938087
1471.938087
1471.938087
1471.938087
1471.938087
1471.938087
1471.938087
1471.938087
1471.938087
1471.938087
1471.938087
1471.938087
1471.938087
1471.938087
1471.938087
1471.938087
1471.938087
1471.938087
1471.938087
1471.938087
1471.938087
1471.938087
1471.938087
1471.938087
1471.938087
1471.938087
1471.938087
1471.938087
1471.938087
1471.938087
1471.938087
1471.938087
1471.938087
1471.938087
1471.938087
1471.938087
1471.938087
1471.938087
1471.938087
1471.938087
1471.938087
1471.938087
1471.938087
1471.938087
1471.938087
1471.938087
1471.938087
1471.938087
1471.938087
1471.938087
1471.938087
1471.938087
)
;
    }
    atmosphere
    {
        type            calculated;
        value           nonuniform List<scalar> 
80
(
14303202.91
14204963.88
14126370.06
14192622.16
14498902.01
15046833.41
15669061.28
16243051.77
16857551.88
17502812.75
17632451.66
17535726.71
17373710.63
17275692.22
17318013.54
17518237.4
17839305.67
18243097.02
18690545.1
19106963.23
19446559.85
19685851.48
19823450.77
19874520.79
19860915.78
19796236.45
19681578.52
19507048.73
19257653.72
18921243.21
18492205.01
17974736.64
17386781.15
16768655.52
16183127.91
15716177.96
15452040.92
15370517.85
14979194.38
14216688.04
13501069.48
12985912.54
12710422.83
12548463.79
12439513.07
12350832.53
12270273.85
12194431.61
12127368.43
12080029.94
12069496.14
12116468.42
12235050.13
12425264.23
12671776.74
12945936.56
13222401.29
13470715.62
13647359.5
13747689.92
13791546.66
13781602.56
13714663.73
13600280.76
13453052.66
13284567.72
13104454.36
12921411.51
12741315.97
12568224.38
12405469.16
12260223.53
12129775.21
12013302.89
11909745.21
11814799.7
11724203.03
11636772.1
11561092.51
11515382.41
)
;
    }
    rightWall
    {
        type            empty;
    }
    leftWall
    {
        type            empty;
    }
    frontAndBack
    {
        type            calculated;
        value           nonuniform List<scalar> 
80
(
14303168.64
14451725.69
14509249.75
14312927.75
13379926.59
12623493.51
12574829.46
12391459.17
2284076.552
79447.32194
4793.781132
1832.565544
1518.719935
1477.573525
1472.648392
1472.13205
1472.084195
1472.080217
1472.079916
1472.079895
1472.079894
1472.079894
1472.079893
1472.079891
1472.079873
1472.079768
1472.079212
1472.076626
1472.066229
1472.03079
1471.930661
1471.701702
1471.702087
1471.716706
1471.729338
1471.739937
1471.748464
1471.754887
1471.759183
1471.761335
11515344.41
11457451.97
11330070.27
11094143.16
10661291.59
9844385.052
9074713.855
7919569.073
3909865.134
942928.5829
94801.90252
9699.341721
2682.262091
1705.55812
1517.097588
1479.984767
1473.324536
1472.256558
1472.102697
1472.082592
1472.080189
1472.079924
1472.079896
1472.079891
1472.079873
1472.079768
1472.079212
1472.076626
1472.066229
1472.03079
1471.930661
1471.701702
1471.702088
1471.716706
1471.729338
1471.739937
1471.748464
1471.754888
1471.759183
1471.761335
)
;
    }
}


// ************************************************************************* //
