/*--------------------------------*- C++ -*----------------------------------*\
| =========                 |                                                 |
| \\      /  F ield         | OpenFOAM: The Open Source CFD Toolbox           |
|  \\    /   O peration     | Version:  2506                                  |
|   \\  /    A nd           | Website:  www.openfoam.com                      |
|    \\/     M anipulation  |                                                 |
\*---------------------------------------------------------------------------*/
FoamFile
{
    version     2.0;
    format      ascii;
    arch        "LSB;label=32;scalar=64";
    class       volScalarField;
    location    "0.005";
    object      T;
}
// * * * * * * * * * * * * * * * * * * * * * * * * * * * * * * * * * * * * * //

dimensions      [0 0 0 1 0 0 0];

internalField   nonuniform List<scalar> 
3200
(
1867.523351
1881.112261
1886.398816
1868.413255
1785.005395
1719.629393
1715.485402
1699.933599
869.7467287
461.1586279
334.3212713
305.813029
300.8139555
300.096967
300.0100483
300.000922
300.000076
300.0000057
300.0000004
300
300
300
300
299.9999999
299.9999996
299.9999978
299.9999879
299.9999422
299.9997584
299.9991319
299.9973618
299.9933137
299.9933205
299.993579
299.9938023
299.9939897
299.9941405
299.9942541
299.99433
299.9943681
1858.586763
1864.679389
1874.827678
1838.05129
1772.202305
1691.615249
1678.03392
1539.122288
834.0952595
454.2826725
333.4713071
305.7827434
300.8270671
300.1007838
300.0107054
300.0010106
300.0000863
300.0000068
300.0000005
300
300
300
300
299.9999999
299.9999996
299.9999978
299.9999879
299.9999422
299.9997584
299.9991319
299.9973618
299.9933137
299.9933205
299.993579
299.9938023
299.9939897
299.9941405
299.9942541
299.99433
299.9943681
1851.465178
1851.729533
1848.561724
1821.420787
1765.896435
1680.150763
1673.113465
1360.862963
756.5749172
438.441362
331.4436498
305.6735252
300.8469418
300.1079672
300.0120776
300.0012164
300.0001133
300.00001
300.0000009
300.0000001
300
300
300
299.9999999
299.9999996
299.9999978
299.9999879
299.9999422
299.9997584
299.9991319
299.9973618
299.9933137
299.9933205
299.993579
299.9938023
299.9939897
299.9941405
299.9942541
299.99433
299.9943681
1857.466815
1853.322523
1842.73147
1816.419123
1765.000572
1680.105386
1670.928531
1225.536985
698.0213296
432.1259303
331.9553888
306.0826939
300.9606966
300.1313354
300.0161423
300.0018482
300.0002032
300.0000219
300.0000023
300.0000002
300
300
300
299.9999999
299.9999996
299.9999978
299.9999879
299.9999422
299.9997584
299.9991319
299.9973618
299.9933137
299.9933205
299.993579
299.9938023
299.9939897
299.9941405
299.9942541
299.99433
299.9943681
1885.443689
1875.637742
1856.785104
1824.909145
1770.151309
1679.727032
1676.377361
1317.590589
754.0814275
450.2152969
337.4644194
307.5600401
301.3075114
300.2033338
300.0295063
300.0040855
300.0005433
300.0000691
300.0000083
300.0000009
300.0000001
300
300
299.9999999
299.9999996
299.9999978
299.9999879
299.9999422
299.9997584
299.9991319
299.9973618
299.9933137
299.9933205
299.993579
299.9938023
299.9939897
299.9941405
299.9942541
299.99433
299.9943681
1936.494625
1920.199914
1888.230562
1845.488567
1777.763816
1643.575978
1614.056391
1236.513446
762.8859922
473.0076969
348.8264491
311.4092508
302.3440931
300.4384687
300.0757855
300.0121351
300.0017969
300.0002457
300.000031
300.0000036
300.0000004
300
300
299.9999999
299.9999996
299.9999978
299.9999879
299.9999422
299.9997584
299.9991319
299.9973618
299.9933137
299.9933205
299.993579
299.9938023
299.9939897
299.9941405
299.9942541
299.99433
299.9943681
1996.156629
1971.598678
1923.971606
1866.955441
1785.578962
1653.594564
1446.763918
1139.449149
819.5770149
536.9956293
381.2505036
322.8789759
305.5380156
301.178813
300.2233079
300.0379447
300.0058224
300.000812
300.0001036
300.0000122
300.0000013
300.0000001
300
299.9999999
299.9999996
299.9999978
299.9999879
299.9999422
299.9997584
299.9991319
299.9973618
299.9933137
299.9933205
299.993579
299.9938023
299.9939897
299.9941405
299.9942541
299.99433
299.9943681
2052.944396
2024.105719
1966.125691
1894.532672
1786.722635
1609.241652
1338.331345
1270.15079
1037.265158
704.1103497
463.5722108
352.3491117
313.8398675
303.1140881
300.6091744
300.1052678
300.0162727
300.0022736
300.0002896
300.0000339
300.0000037
300.0000004
300
299.9999999
299.9999996
299.9999978
299.9999879
299.9999422
299.9997584
299.9991319
299.9973618
299.9933137
299.9933205
299.993579
299.9938023
299.9939897
299.9941405
299.9942541
299.99433
299.9943681
2115.793846
2099.007369
2066.782695
2031.616692
2001.981951
1977.447108
1670.01277
1343.275343
1345.509109
967.7966826
609.3632186
408.0373907
330.0696641
306.957291
301.379188
300.2394014
300.036981
300.0051477
300.0006522
300.0000758
300.0000082
300.0000008
300.0000001
300
299.9999996
299.9999978
299.9999879
299.9999422
299.9997584
299.9991319
299.9973618
299.9933137
299.9933205
299.993579
299.9938023
299.9939897
299.9941405
299.9942541
299.99433
299.9943681
2184.314536
2203.351317
2236.125039
2297.515554
2472.947868
2894.454888
2570.873452
1648.249549
1321.818889
1139.739952
755.5730417
474.9741592
351.3511927
312.2284137
302.4587905
300.4289736
300.0662167
300.0091765
300.0011548
300.0001332
300.0000142
300.0000014
300.0000001
300
299.9999996
299.9999978
299.9999879
299.9999422
299.9997584
299.9991319
299.9973618
299.9933137
299.9933205
299.993579
299.9938023
299.9939897
299.9941405
299.9942541
299.99433
299.9943681
2198.417471
2218.286305
2251.662164
2303.628739
2401.03925
2590.770964
2445.764004
1727.627738
1198.073932
1049.31814
776.2103909
510.7005112
366.7711191
316.6121751
303.4225265
300.6042183
300.0935866
300.0129388
300.001618
300.0001849
300.0000195
300.0000019
300.0000002
300
299.9999996
299.9999978
299.9999879
299.9999422
299.9997584
299.9991319
299.9973618
299.9933137
299.9933205
299.993579
299.9938023
299.9939897
299.9941405
299.9942541
299.99433
299.9943681
2187.884058
2195.904829
2206.4755
2214.129216
2214.944978
2185.521368
2022.138746
1642.951263
1274.793514
929.7067973
772.2409865
524.9130833
374.5729829
319.0988937
304.0046249
300.7132863
300.1107114
300.0152577
300.0018941
300.0002142
300.0000223
300.0000021
300.0000002
300
299.9999996
299.9999978
299.9999879
299.9999422
299.9997584
299.9991319
299.9973618
299.9933137
299.9933205
299.993579
299.9938023
299.9939897
299.9941405
299.9942541
299.99433
299.9943681
2170.385065
2165.187144
2151.124027
2122.39149
2073.142456
1993.266407
1870.231227
1692.207458
1620.040822
1151.612009
826.6609562
539.4300712
378.6704501
320.1618378
304.2301834
300.7515097
300.11589
300.0158108
300.0019371
300.0002157
300.0000221
300.0000021
300.0000002
300
299.9999996
299.9999978
299.9999879
299.9999422
299.9997584
299.9991319
299.9973618
299.9933137
299.9933205
299.993579
299.9938023
299.9939897
299.9941405
299.9942541
299.99433
299.9943681
2159.884564
2143.621048
2109.431127
2056.264805
1989.629196
1915.92136
1832.382918
1699.755532
1679.629012
1384.185003
877.8064464
549.8367551
381.0853194
320.675492
304.3083364
300.7572213
300.1150762
300.0154207
300.0018508
300.0002015
300.0000201
300.0000019
300.0000002
300
299.9999996
299.9999978
299.9999879
299.9999422
299.9997584
299.9991319
299.9973618
299.9933137
299.9933205
299.993579
299.9938023
299.9939897
299.9941405
299.9942541
299.99433
299.9943681
2164.410475
2140.982309
2095.862648
2036.011331
1974.579028
1920.720295
1865.324345
1750.262805
1671.308566
1661.04513
866.0115798
552.7094543
384.3581104
321.6316633
304.4745506
300.7746556
300.1153677
300.0150937
300.0017636
300.0001865
300.000018
300.0000016
300.0000001
300
299.9999996
299.9999978
299.9999879
299.9999422
299.9997584
299.9991319
299.9973618
299.9933137
299.9933205
299.993579
299.9938023
299.9939897
299.9941405
299.9942541
299.99433
299.9943681
2185.986409
2160.874519
2115.726933
2061.097168
2014.001562
1985.363041
1956.707305
1871.227991
1713.093717
1702.010069
896.9239681
572.8169824
392.118713
323.5642411
304.8158411
300.8186587
300.1191959
300.0151946
300.001725
300.0001768
300.0000165
300.0000014
300.0000001
300
299.9999996
299.9999978
299.9999879
299.9999422
299.9997584
299.9991319
299.9973618
299.9933137
299.9933205
299.993579
299.9938023
299.9939897
299.9941405
299.9942541
299.99433
299.9943681
2221.166386
2197.603483
2157.524379
2111.28183
2077.660162
2067.124819
2052.406534
1969.375661
1803.5585
1690.690622
956.8186809
605.708527
402.2590733
325.8126217
305.1885436
300.8649704
300.1231885
300.0153248
300.0016941
300.0001687
300.0000153
300.0000013
300.0000001
300
299.9999996
299.9999978
299.9999879
299.9999422
299.9997584
299.9991319
299.9973618
299.9933137
299.9933205
299.993579
299.9938023
299.9939897
299.9941405
299.9942541
299.99433
299.9943681
2266.482054
2245.063477
2211.86813
2176.691772
2155.462495
2154.168763
2148.498132
2098.70305
2011.199435
1990.495185
1043.283654
642.3033739
412.4372387
327.8421358
305.485262
300.8952964
300.1246976
300.0151529
300.0016343
300.0001586
300.000014
300.0000011
300.0000001
300
299.9999996
299.9999978
299.9999879
299.9999422
299.9997584
299.9991319
299.9973618
299.9933137
299.9933205
299.993579
299.9938023
299.9939897
299.9941405
299.9942541
299.99433
299.9943681
2318.186904
2301.141203
2276.251874
2253.651059
2243.888344
2247.33218
2239.306567
2202.81938
2190.324788
2082.823892
1114.373846
664.1719427
416.3955874
328.0515661
305.3789844
300.8546239
300.1158955
300.0137152
300.0014408
300.0001362
300.0000117
300.0000009
300.0000001
300
299.9999996
299.9999978
299.9999879
299.9999422
299.9997584
299.9991319
299.9973618
299.9933137
299.9933205
299.993579
299.9938023
299.9939897
299.9941405
299.9942541
299.99433
299.9943681
2367.819046
2358.71018
2345.899442
2338.6905
2344.496814
2355.047703
2323.739347
2242.257555
2109.109764
2094.922875
1166.814285
672.468508
414.117901
326.380385
304.8568744
300.741857
300.0968639
300.0110548
300.0011217
300.0001026
300.0000085
300.0000007
300
299.9999999
299.9999996
299.9999978
299.9999879
299.9999422
299.9997584
299.9991319
299.9973618
299.9933137
299.9933205
299.993579
299.9938023
299.9939897
299.9941405
299.9942541
299.99433
299.9943681
2409.453204
2407.884437
2409.516726
2422.345482
2457.23999
2506.008938
2416.358284
2270.191038
2050.492815
2024.039647
1200.192636
668.1493369
405.9015429
323.0229746
304.0016633
300.5792968
300.0719489
300.0078371
300.0007613
300.0000668
300.0000054
300.0000004
300
299.9999999
299.9999996
299.9999978
299.9999879
299.9999422
299.9997584
299.9991319
299.9973618
299.9933137
299.9933205
299.993579
299.9938023
299.9939897
299.9941405
299.9942541
299.99433
299.9943681
2439.453019
2443.311414
2455.732053
2486.25279
2557.695141
2641.280245
2515.142257
2301.375927
2078.989847
1936.911628
1197.556469
638.2921817
388.4867839
317.5754823
302.8136398
300.3782364
300.0439566
300.0045113
300.0004155
300.0000348
300.0000027
300.0000002
300
299.9999999
299.9999996
299.9999978
299.9999879
299.9999422
299.9997584
299.9991319
299.9973618
299.9933137
299.9933205
299.993579
299.9938023
299.9939897
299.9941405
299.9942541
299.99433
299.9943681
2456.962883
2463.971764
2480.678545
2510.662976
2554.191111
2587.729541
2499.555334
2331.249247
2116.136829
1870.800787
1099.470488
568.8080916
362.8547699
311.2514706
301.6384336
300.2021896
300.0217647
300.0020872
300.0001811
300.0000144
300.0000011
300.0000001
300
299.9999999
299.9999996
299.9999978
299.9999879
299.9999422
299.9997584
299.9991319
299.9973618
299.9933137
299.9933205
299.993579
299.9938023
299.9939897
299.9941405
299.9942541
299.99433
299.9943681
2463.511095
2472.730051
2492.607004
2523.622383
2561.444425
2586.375973
2551.021708
2402.455107
1863.436062
1757.259737
919.3345178
473.0135093
334.8951804
305.5423343
300.7324898
300.0835573
300.0084395
300.0007688
300.000064
300.0000049
300.0000004
300
300
299.9999999
299.9999996
299.9999978
299.9999879
299.9999422
299.9997584
299.9991319
299.9973618
299.9933137
299.9933205
299.993579
299.9938023
299.9939897
299.9941405
299.9942541
299.99433
299.9943681
2461.764014
2473.695015
2499.008287
2538.267089
2589.687789
2646.315525
2695.360183
2738.93754
2804.366983
1697.636812
651.5852764
376.1004604
313.6345778
302.0344836
300.2594112
300.0290065
300.002904
300.0002644
300.0000221
300.0000017
300.0000001
300
300
299.9999999
299.9999996
299.9999978
299.9999879
299.9999422
299.9997584
299.9991319
299.9973618
299.9933137
299.9933205
299.993579
299.9938023
299.9939897
299.9941405
299.9942541
299.99433
299.9943681
2453.484456
2469.019243
2502.449408
2556.103375
2631.970454
2731.218779
2849.230302
2981.863142
3001.256675
1262.069781
477.3457566
333.8535716
305.7021805
300.838786
300.1085343
300.0125062
300.0012991
300.0001229
300.0000107
300.0000009
300.0000001
300
300
299.9999999
299.9999996
299.9999978
299.9999879
299.9999422
299.9997584
299.9991319
299.9973618
299.9933137
299.9933205
299.993579
299.9938023
299.9939897
299.9941405
299.9942541
299.99433
299.9943681
2438.912347
2458.750009
2502.280448
2574.736003
2683.057262
2835.427653
3029.27051
3236.746173
3242.462581
930.6626207
424.7632654
322.173445
303.6299551
300.5356579
300.0705806
300.0083217
300.0008839
300.0000853
300.0000075
300.0000006
300
300
300
299.9999999
299.9999996
299.9999978
299.9999879
299.9999422
299.9997584
299.9991319
299.9973618
299.9933137
299.9933205
299.993579
299.9938023
299.9939897
299.9941405
299.9942541
299.99433
299.9943681
2416.983638
2441.400217
2495.898496
2589.468704
2736.22708
2956.887693
3266.330606
3653.812036
3685.025545
1024.920337
418.9630018
319.179466
303.0346219
300.4436567
300.0583314
300.0068695
300.0007281
300.00007
300.0000061
300.0000005
300
300
300
299.9999999
299.9999996
299.9999978
299.9999879
299.9999422
299.9997584
299.9991319
299.9973618
299.9933137
299.9933205
299.993579
299.9938023
299.9939897
299.9941405
299.9942541
299.99433
299.9943681
2386.160769
2414.937702
2479.912801
2594.103277
2780.156558
3075.359977
3542.867042
4303.208842
4473.653378
1151.928991
415.1743127
317.3886375
302.7010702
300.3917426
300.0511507
300.0059778
300.0006282
300.0000598
300.0000052
300.0000004
300
300
300
299.9999999
299.9999996
299.9999978
299.9999879
299.9999422
299.9997584
299.9991319
299.9973618
299.9933137
299.9933205
299.993579
299.9938023
299.9939897
299.9941405
299.9942541
299.99433
299.9943681
2345.49605
2378.333047
2452.830141
2585.367839
2804.968392
3154.024243
3671.661179
3975.007115
4956.629694
1129.423508
402.2460099
315.5641575
302.4244047
300.35056
300.0454806
300.0052706
300.0005487
300.0000517
300.0000045
300.0000004
300
300
300
299.9999999
299.9999996
299.9999978
299.9999879
299.9999422
299.9997584
299.9991319
299.9973618
299.9933137
299.9933205
299.993579
299.9938023
299.9939897
299.9941405
299.9942541
299.99433
299.9943681
2295.067224
2331.491894
2414.177684
2561.874221
2810.758466
3233.508091
4015.571096
5872.844521
6339.656766
916.0916067
387.7949811
313.8342104
302.1807018
300.3154484
300.0406856
300.0046741
300.0004818
300.000045
300.0000038
300.0000003
300
300
300
299.9999999
299.9999996
299.9999978
299.9999879
299.9999422
299.9997584
299.9991319
299.9973618
299.9933137
299.9933205
299.993579
299.9938023
299.9939897
299.9941405
299.9942541
299.99433
299.9943681
2236.228716
2275.849303
2365.667118
2524.278498
2785.403447
3196.504205
3806.380293
4715.115927
4979.029032
856.5317829
373.1094105
312.1427367
301.9632905
300.2848604
300.0365195
300.0041572
300.0004242
300.0000392
300.0000033
300.0000003
300
300
300
299.9999999
299.9999996
299.9999978
299.9999879
299.9999422
299.9997584
299.9991319
299.9973618
299.9933137
299.9933205
299.993579
299.9938023
299.9939897
299.9941405
299.9942541
299.99433
299.9943681
2171.790155
2212.679169
2306.889335
2473.333951
2748.417915
3171.837288
3663.244388
3723.797117
5335.98787
986.588188
362.8026833
310.7783098
301.7785591
300.2579336
300.0328162
300.0036991
300.0003735
300.0000341
300.0000028
300.0000002
300
300
300
299.9999999
299.9999996
299.9999978
299.9999879
299.9999422
299.9997584
299.9991319
299.9973618
299.9933137
299.9933205
299.993579
299.9938023
299.9939897
299.9941405
299.9942541
299.99433
299.9943681
2106.562385
2144.209991
2234.115911
2394.930244
2667.955467
3125.834882
3920.094566
4008.673289
3448.237461
584.0980139
351.0534665
309.7136806
301.6203546
300.2337092
300.0294552
300.0032856
300.0003282
300.0000297
300.0000024
300.0000002
300
300
300
299.9999999
299.9999996
299.9999978
299.9999879
299.9999422
299.9997584
299.9991319
299.9973618
299.9933137
299.9933205
299.993579
299.9938023
299.9939897
299.9941405
299.9942541
299.99433
299.9943681
2046.932342
2080.098412
2159.458365
2301.151108
2538.270001
2903.049001
3290.224776
3277.679629
1628.710375
503.6281513
345.3708626
308.8876047
301.4768052
300.2109016
300.0262874
300.0028992
300.0002863
300.0000256
300.0000021
300.0000002
300
300
300
299.9999999
299.9999996
299.9999978
299.9999879
299.9999422
299.9997584
299.9991319
299.9973618
299.9933137
299.9933205
299.993579
299.9938023
299.9939897
299.9941405
299.9942541
299.99433
299.9943681
2000.752516
2033.473257
2104.442567
2226.184432
2434.305244
2778.086796
3295.51149
3336.300457
970.4075098
476.6429642
341.4587661
308.0957191
301.3316125
300.1880333
300.0231661
300.0025246
300.0002463
300.0000217
300.0000017
300.0000001
300
300
300
299.9999999
299.9999996
299.9999978
299.9999879
299.9999422
299.9997584
299.9991319
299.9973618
299.9933137
299.9933205
299.993579
299.9938023
299.9939897
299.9941405
299.9942541
299.99433
299.9943681
1975.133005
2013.857357
2084.585939
2195.666806
2380.425996
2676.858484
3138.736788
3207.033195
881.4693287
457.35336
337.0881081
307.2171107
301.1805486
300.1654431
300.0201867
300.002175
300.0002095
300.0000182
300.0000014
300.0000001
300
300
300
299.9999999
299.9999996
299.9999978
299.9999879
299.9999422
299.9997584
299.9991319
299.9973618
299.9933137
299.9933205
299.993579
299.9938023
299.9939897
299.9941405
299.9942541
299.99433
299.9943681
1967.296017
2011.562038
2074.894485
2162.186915
2299.854769
2486.185138
2634.84462
3005.986247
810.6939086
437.3099609
332.4405789
306.3544326
301.0427794
300.1457906
300.0176653
300.0018843
300.0001793
300.0000154
300.0000012
300.0000001
300
300
300
299.9999999
299.9999996
299.9999978
299.9999879
299.9999422
299.9997584
299.9991319
299.9973618
299.9933137
299.9933205
299.993579
299.9938023
299.9939897
299.9941405
299.9942541
299.99433
299.9943681
1930.120154
1958.299853
1990.428617
2052.036107
2190.355024
2411.313716
2447.88891
2701.5865
767.0156343
422.0214101
328.8934483
305.7070861
300.9383635
300.1306127
300.0156931
300.0016561
300.0001557
300.0000132
300.000001
300.0000001
300
300
300
299.9999999
299.9999996
299.9999978
299.9999879
299.9999422
299.9997584
299.9991319
299.9973618
299.9933137
299.9933205
299.993579
299.9938023
299.9939897
299.9941405
299.9942541
299.99433
299.9943681
1859.651236
1869.292721
1877.602446
1925.482045
2053.905182
2090.069457
1851.188762
1702.477228
684.525298
406.9864264
326.1085975
305.2178567
300.8571179
300.1184457
300.0140895
300.0014702
300.0001366
300.0000114
300.0000009
300.0000001
300
300
300
299.9999999
299.9999996
299.9999978
299.9999879
299.9999422
299.9997584
299.9991319
299.9973618
299.9933137
299.9933205
299.993579
299.9938023
299.9939897
299.9941405
299.9942541
299.99433
299.9943681
1795.650122
1791.100978
1771.659421
1783.577615
1789.749738
1714.494437
1659.501503
1117.516948
568.2075247
392.1900652
323.9462999
304.8345526
300.7900155
300.1081141
300.012718
300.0013118
300.0001205
300.00001
300.0000008
300.0000001
300
300
300
299.9999999
299.9999996
299.9999978
299.9999879
299.9999422
299.9997584
299.9991319
299.9973618
299.9933137
299.9933205
299.993579
299.9938023
299.9939897
299.9941405
299.9942541
299.99433
299.9943681
1750.71752
1737.859918
1717.080256
1715.998628
1716.34348
1671.700508
1651.045394
851.9293841
535.7496812
386.0103421
322.52302
304.5195471
300.731153
300.0989438
300.0115056
300.001173
300.0001065
300.0000087
300.0000006
300
300
300
300
299.9999999
299.9999996
299.9999978
299.9999879
299.9999422
299.9997584
299.9991319
299.9973618
299.9933137
299.9933205
299.993579
299.9938023
299.9939897
299.9941405
299.9942541
299.99433
299.9943681
1727.046571
1723.207288
1717.096509
1715.60879
1709.869176
1683.574647
1681.689903
932.5791529
535.2838017
383.8930168
321.641539
304.2803022
300.6829216
300.0911998
300.0104701
300.0010542
300.0000945
300.0000076
300.0000006
300
300
300
300
299.9999999
299.9999996
299.9999978
299.9999879
299.9999422
299.9997584
299.9991319
299.9973618
299.9933137
299.9933205
299.993579
299.9938023
299.9939897
299.9941405
299.9942541
299.99433
299.9943681
1713.240068
1713.065932
1713.162668
1715.150272
1715.245322
1699.054755
1686.316893
917.1566989
524.7189893
380.080994
320.5158727
304.0178357
300.6341085
300.0837332
300.0095035
300.0009458
300.0000838
300.0000067
300.0000005
300
300
300
300
299.9999999
299.9999996
299.9999978
299.9999879
299.9999422
299.9997584
299.9991319
299.9973618
299.9933137
299.9933205
299.993579
299.9938023
299.9939897
299.9941405
299.9942541
299.99433
299.9943681
1703.996403
1705.520554
1709.213907
1716.978124
1718.93076
1707.571671
1685.417874
918.8164668
518.6295868
377.2660355
319.563195
303.7833764
300.5896488
300.0768944
300.0086188
300.0008471
300.0000741
300.0000058
300.0000004
300
300
300
300
299.9999999
299.9999996
299.9999978
299.9999879
299.9999422
299.9997584
299.9991319
299.9973618
299.9933137
299.9933205
299.993579
299.9938023
299.9939897
299.9941405
299.9942541
299.99433
299.9943681
1696.498049
1698.970977
1704.355357
1712.321877
1712.699676
1687.90665
1635.195642
826.9497424
508.6971951
372.403158
318.0009308
303.4344504
300.5291665
300.0682568
300.0075666
300.0007352
300.0000636
300.000005
300.0000004
300
300
300
300
299.9999999
299.9999996
299.9999978
299.9999879
299.9999422
299.9997584
299.9991319
299.9973618
299.9933137
299.9933205
299.993579
299.9938023
299.9939897
299.9941405
299.9942541
299.99433
299.9943681
1689.705934
1692.990221
1700.304488
1711.981622
1712.635488
1697.318
1472.617568
709.9304171
468.7981326
360.1279827
315.0965831
302.8928277
300.4459365
300.0573688
300.0063264
300.0006102
300.0000523
300.000004
300.0000003
300
300
300
300
299.9999999
299.9999996
299.9999978
299.9999879
299.9999422
299.9997584
299.9991319
299.9973618
299.9933137
299.9933205
299.993579
299.9938023
299.9939897
299.9941405
299.9942541
299.99433
299.9943681
1683.328158
1687.394744
1696.660487
1711.990108
1713.039063
1702.302177
1346.745437
703.5726188
483.1861738
364.1758956
315.6363618
302.9043431
300.4345783
300.0543609
300.0058377
300.000549
300.0000459
300.0000035
300.0000002
300
300
300
300
299.9999999
299.9999996
299.9999978
299.9999879
299.9999422
299.9997584
299.9991319
299.9973618
299.9933137
299.9933205
299.993579
299.9938023
299.9939897
299.9941405
299.9942541
299.99433
299.9943681
1677.701909
1682.262912
1693.09527
1710.960945
1712.118587
1702.588689
1235.098017
960.9002864
576.8040041
385.3496483
319.0798269
303.3142967
300.4688934
300.0558576
300.0057419
300.0005189
300.0000418
300.000003
300.0000002
300
300
300
300
299.9999999
299.9999996
299.9999978
299.9999879
299.9999422
299.9997584
299.9991319
299.9973618
299.9933137
299.9933205
299.993579
299.9938023
299.9939897
299.9941405
299.9942541
299.99433
299.9943681
1673.737861
1678.356715
1690.47176
1713.972426
1715.373286
1704.393711
1442.344401
1130.83978
602.5502776
383.8386821
317.6332581
302.9354647
300.4010224
300.0462959
300.0046213
300.0004061
300.0000319
300.0000023
300.0000001
300
300
300
300
299.9999999
299.9999996
299.9999978
299.9999879
299.9999422
299.9997584
299.9991319
299.9973618
299.9933137
299.9933205
299.993579
299.9938023
299.9939897
299.9941405
299.9942541
299.99433
299.9943681
1672.856603
1676.800503
1687.715548
1710.540989
1713.99656
1707.777127
1510.109754
1657.894352
592.8414514
357.7978096
310.5310706
301.6712842
300.2244454
300.0256669
300.0025405
300.0002212
300.0000172
300.0000012
300.0000001
300
300
300
300
299.9999999
299.9999996
299.9999978
299.9999879
299.9999422
299.9997584
299.9991319
299.9973618
299.9933137
299.9933205
299.993579
299.9938023
299.9939897
299.9941405
299.9942541
299.99433
299.9943681
1676.78862
1679.56474
1687.793266
1703.849332
1716.989763
1747.575279
1750.940617
1728.747062
567.8343457
336.0812196
304.7960598
300.6568656
300.0841209
300.0095066
300.0009391
300.0000818
300.0000064
300.0000004
300
300
300
300
300
299.9999999
299.9999996
299.9999978
299.9999879
299.9999422
299.9997584
299.9991319
299.9973618
299.9933137
299.9933205
299.993579
299.9938023
299.9939897
299.9941405
299.9942541
299.99433
299.9943681
1686.741881
1688.390658
1695.060495
1712.555201
1746.616026
1839.569236
1899.170242
1939.505315
556.4692207
327.2774167
302.5133415
300.2441259
300.025817
300.002708
300.0002616
300.0000227
300.0000018
300.0000001
300
300
300
300
300
299.9999999
299.9999996
299.9999978
299.9999879
299.9999422
299.9997584
299.9991319
299.9973618
299.9933137
299.9933205
299.993579
299.9938023
299.9939897
299.9941405
299.9942541
299.99433
299.9943681
1702.790064
1703.428365
1709.00483
1728.711669
1776.62815
1903.556402
2088.792866
2173.27736
758.5409058
336.0266652
302.5556626
300.167488
300.0113136
300.0008564
300.0000701
300.0000057
300.0000004
300
300
300
300
300
300
299.9999999
299.9999996
299.9999978
299.9999879
299.9999422
299.9997584
299.9991319
299.9973618
299.9933137
299.9933205
299.993579
299.9938023
299.9939897
299.9941405
299.9942541
299.99433
299.9943681
1723.744892
1723.747092
1729.350271
1752.904889
1813.836337
1960.177504
2149.190041
2192.802127
1023.533463
357.3309323
303.9476531
300.2358967
300.0127971
300.000677
300.0000374
300.0000022
300.0000001
300
300
300
300
300
300
299.9999999
299.9999996
299.9999978
299.9999879
299.9999422
299.9997584
299.9991319
299.9973618
299.9933137
299.9933205
299.993579
299.9938023
299.9939897
299.9941405
299.9942541
299.99433
299.9943681
1747.26773
1747.627508
1755.616546
1786.879447
1854.357172
1993.543028
2149.063321
2180.191883
1389.059686
394.5807163
306.9880874
300.4480741
300.0258866
300.0013996
300.0000726
300.0000036
300.0000002
300
300
300
300
300
300
299.9999999
299.9999996
299.9999978
299.9999879
299.9999422
299.9997584
299.9991319
299.9973618
299.9933137
299.9933205
299.993579
299.9938023
299.9939897
299.9941405
299.9942541
299.99433
299.9943681
1771.232725
1774.097569
1785.929898
1818.468782
1882.554934
1996.922544
2099.67695
2106.647111
1667.992328
446.0915076
312.472774
300.9222938
300.0617041
300.0038391
300.0002242
300.0000122
300.0000006
300
300
300
300
300
300
299.9999999
299.9999996
299.9999978
299.9999879
299.9999422
299.9997584
299.9991319
299.9973618
299.9933137
299.9933205
299.993579
299.9938023
299.9939897
299.9941405
299.9942541
299.99433
299.9943681
1792.977318
1798.495502
1811.878622
1841.558566
1898.209992
1981.832821
2067.819666
2078.974322
1702.911025
500.9412628
320.7389581
301.7943667
300.1381516
300.0097006
300.0006254
300.000037
300.000002
300.0000001
300
300
300
300
300
299.9999999
299.9999996
299.9999978
299.9999879
299.9999422
299.9997584
299.9991319
299.9973618
299.9933137
299.9933205
299.993579
299.9938023
299.9939897
299.9941405
299.9942541
299.99433
299.9943681
1808.577879
1816.364529
1830.805074
1856.948873
1905.979494
1958.072607
1999.420483
1997.664817
1722.579475
551.8949467
330.6356406
303.0208444
300.2588393
300.0198347
300.0013743
300.0000865
300.000005
300.0000003
300
300
300
300
300
299.9999999
299.9999996
299.9999978
299.9999879
299.9999422
299.9997584
299.9991319
299.9973618
299.9933137
299.9933205
299.993579
299.9938023
299.9939897
299.9941405
299.9942541
299.99433
299.9943681
1817.489136
1826.762486
1843.030025
1868.606772
1909.608352
1952.902316
2000.700811
2035.963213
1997.697097
631.4586585
346.6510641
305.1968274
300.4871488
300.039804
300.0028958
300.0001903
300.0000114
300.0000006
300
300
300
300
300
299.9999999
299.9999996
299.9999978
299.9999879
299.9999422
299.9997584
299.9991319
299.9973618
299.9933137
299.9933205
299.993579
299.9938023
299.9939897
299.9941405
299.9942541
299.99433
299.9943681
1821.396144
1831.083282
1848.287402
1873.202444
1907.378547
1942.718228
1979.555592
2021.220103
2025.536786
681.2653015
361.5907988
307.6190697
300.7809098
300.0689655
300.0053794
300.0003773
300.0000241
300.0000014
300.0000001
300
300
300
300
299.9999999
299.9999996
299.9999978
299.9999879
299.9999422
299.9997584
299.9991319
299.9973618
299.9933137
299.9933205
299.993579
299.9938023
299.9939897
299.9941405
299.9942541
299.99433
299.9943681
1820.509639
1829.823359
1846.060319
1867.967002
1894.104082
1919.08773
1938.769348
1950.864135
1950.557638
720.0172692
377.1486165
310.6354858
301.1974724
300.1150271
300.0096949
300.0007319
300.0000503
300.0000032
300.0000002
300
300
300
300
299.9999999
299.9999996
299.9999978
299.9999879
299.9999422
299.9997584
299.9991319
299.9973618
299.9933137
299.9933205
299.993579
299.9938023
299.9939897
299.9941405
299.9942541
299.99433
299.9943681
1814.551688
1822.605196
1836.063715
1852.739945
1869.777385
1882.303989
1885.392407
1873.341581
1870.341048
770.5455045
397.318205
314.7636084
301.8091631
300.1878774
300.0170516
300.0013832
300.000102
300.0000069
300.0000004
300
300
300
300
299.9999999
299.9999996
299.9999978
299.9999879
299.9999422
299.9997584
299.9991319
299.9973618
299.9933137
299.9933205
299.993579
299.9938023
299.9939897
299.9941405
299.9942541
299.99433
299.9943681
1804.409079
1810.490681
1819.966519
1830.116954
1837.445516
1837.420468
1826.925241
1804.798438
1801.432731
831.3526721
424.5948441
320.5419238
302.6934614
300.2984216
300.0289281
300.0025103
300.0001983
300.0000144
300.000001
300.0000001
300
300
300
299.9999999
299.9999996
299.9999978
299.9999879
299.9999422
299.9997584
299.9991319
299.9973618
299.9933137
299.9933205
299.993579
299.9938023
299.9939897
299.9941405
299.9942541
299.99433
299.9943681
1791.42351
1795.277092
1800.383799
1803.706562
1801.1826
1788.133455
1763.83065
1739.385626
1740.236366
863.6585741
447.2826693
326.441231
303.7357837
300.4445537
300.0462597
300.0043086
300.000365
300.0000285
300.0000021
300.0000001
300
300
300
299.9999999
299.9999996
299.9999978
299.9999879
299.9999422
299.9997584
299.9991319
299.9973618
299.9933137
299.9933205
299.993579
299.9938023
299.9939897
299.9941405
299.9942541
299.99433
299.9943681
1776.656646
1778.432511
1779.581953
1776.887824
1765.557549
1739.011469
1691.784998
1627.302188
1621.548665
850.6990634
457.0183361
330.881516
304.7689265
300.6175369
300.0696165
300.0069967
300.0006374
300.0000533
300.0000041
300.0000003
300
300
300
299.9999999
299.9999996
299.9999978
299.9999879
299.9999422
299.9997584
299.9991319
299.9973618
299.9933137
299.9933205
299.993579
299.9938023
299.9939897
299.9941405
299.9942541
299.99433
299.9943681
1760.977812
1761.111077
1759.332142
1752.559505
1735.699388
1700.081814
1629.118646
1484.750047
1418.351853
823.8915823
460.29653
334.4439578
305.8297558
300.824073
300.1008101
300.0109314
300.0010691
300.0000956
300.0000079
300.0000006
300
300
300
299.9999999
299.9999996
299.9999978
299.9999879
299.9999422
299.9997584
299.9991319
299.9973618
299.9933137
299.9933205
299.993579
299.9938023
299.9939897
299.9941405
299.9942541
299.99433
299.9943681
1745.153844
1744.172436
1740.654587
1732.086147
1714.003695
1678.566187
1609.512975
1471.569587
1407.791455
825.1459438
470.4306607
339.5497475
307.2403488
301.1029696
300.1447609
300.0167743
300.0017474
300.0001659
300.0000145
300.0000012
300.0000001
300
300
299.9999999
299.9999996
299.9999978
299.9999879
299.9999422
299.9997584
299.9991319
299.9973618
299.9933137
299.9933205
299.993579
299.9938023
299.9939897
299.9941405
299.9942541
299.99433
299.9943681
1729.68918
1728.017214
1723.673526
1715.156252
1699.815121
1674.692369
1634.571337
1579.773007
1573.405404
849.7066713
485.803769
345.9699279
308.9933523
301.4611314
300.204004
300.02509
300.0027687
300.000278
300.0000257
300.0000022
300.0000002
300
300
299.9999999
299.9999996
299.9999978
299.9999879
299.9999422
299.9997584
299.9991319
299.9973618
299.9933137
299.9933205
299.993579
299.9938023
299.9939897
299.9941405
299.9942541
299.99433
299.9943681
1714.920369
1712.790295
1707.920823
1699.72808
1688.056546
1674.502747
1664.503945
1684.06499
1696.099798
893.4258221
502.8101936
352.9143221
310.981395
301.8921695
300.2798304
300.0364024
300.0042429
300.0004494
300.0000438
300.0000039
300.0000003
300
300
299.9999999
299.9999996
299.9999978
299.9999879
299.9999422
299.9997584
299.9991319
299.9973618
299.9933137
299.9933205
299.993579
299.9938023
299.9939897
299.9941405
299.9942541
299.99433
299.9943681
1701.115147
1698.550307
1692.942164
1684.079237
1673.387295
1664.848398
1667.267439
1671.55204
1626.471971
906.688465
517.1278062
359.8265636
313.13439
302.3934277
300.3739574
300.0513293
300.006304
300.0007027
300.0000719
300.0000068
300.0000006
300
300
299.9999999
299.9999996
299.9999978
299.9999879
299.9999422
299.9997584
299.9991319
299.9973618
299.9933137
299.9933205
299.993579
299.9938023
299.9939897
299.9941405
299.9942541
299.99433
299.9943681
1688.859851
1686.395718
1680.838362
1671.415752
1657.536528
1638.265221
1612.180314
1599.025639
1423.828115
878.3993971
528.2451328
366.748036
315.4609949
302.9689794
300.488391
300.0705006
300.0090949
300.0010634
300.000114
300.0000113
300.000001
300.0000001
300
299.9999999
299.9999996
299.9999978
299.9999879
299.9999422
299.9997584
299.9991319
299.9973618
299.9933137
299.9933205
299.993579
299.9938023
299.9939897
299.9941405
299.9942541
299.99433
299.9943681
1677.903613
1675.634304
1670.321268
1660.537636
1643.524007
1612.772222
1555.995268
1438.385118
1399.088337
892.7262909
541.7933303
373.7352169
317.8937398
303.6050248
300.6220582
300.0941113
300.0127091
300.0015535
300.0001738
300.000018
300.0000017
300.0000002
300
299.9999999
299.9999996
299.9999978
299.9999879
299.9999422
299.9997584
299.9991319
299.9973618
299.9933137
299.9933205
299.993579
299.9938023
299.9939897
299.9941405
299.9942541
299.99433
299.9943681
1668.160516
1666.189536
1661.58413
1653.01153
1637.971195
1611.579834
1565.070876
1483.676202
1462.00633
930.3437392
556.4127116
380.5279869
320.3343112
304.2757033
300.7703627
300.1216204
300.0171195
300.0021781
300.0002532
300.0000271
300.0000027
300.0000003
300
299.9999999
299.9999996
299.9999978
299.9999879
299.9999422
299.9997584
299.9991319
299.9973618
299.9933137
299.9933205
299.993579
299.9938023
299.9939897
299.9941405
299.9942541
299.99433
299.9943681
1659.528134
1657.883287
1654.397431
1648.581372
1639.877381
1627.663515
1609.218798
1598.780218
1502.125008
957.1702275
570.6227714
387.1835923
322.7297264
304.9501442
300.9248573
300.1514089
300.0220836
300.0029077
300.0003493
300.0000386
300.000004
300.0000004
300
299.9999999
299.9999996
299.9999978
299.9999879
299.9999422
299.9997584
299.9991319
299.9973618
299.9933137
299.9933205
299.993579
299.9938023
299.9939897
299.9941405
299.9942541
299.99433
299.9943681
1651.638216
1650.274771
1647.78081
1644.855231
1643.64555
1650.174765
1677.631685
1684.374457
1613.845085
1005.776845
588.9579559
393.9402521
324.9516347
305.5672342
301.0686184
300.1799101
300.0269828
300.0036506
300.0004501
300.000051
300.0000054
300.0000005
300
299.9999999
299.9999996
299.9999978
299.9999879
299.9999422
299.9997584
299.9991319
299.9973618
299.9933137
299.9933205
299.993579
299.9938023
299.9939897
299.9941405
299.9942541
299.99433
299.9943681
1644.131134
1642.62689
1639.956072
1637.349123
1638.112088
1651.120775
1693.370313
1702.133327
1629.420358
1014.963388
595.1452535
397.0026153
326.146342
305.9381699
301.162267
300.1996742
300.0305587
300.0042169
300.0005299
300.0000611
300.0000065
300.0000006
300.0000001
300
299.9999996
299.9999978
299.9999879
299.9999422
299.9997584
299.9991319
299.9973618
299.9933137
299.9933205
299.993579
299.9938023
299.9939897
299.9941405
299.9942541
299.99433
299.9943681
1636.905839
1634.59393
1629.993384
1623.634126
1617.798639
1621.110991
1656.537856
1675.838024
1445.690334
950.2422538
574.448452
391.4760974
324.9912107
305.7561939
301.1430145
300.1992155
300.0309213
300.0043253
300.0005507
300.0000643
300.0000069
300.0000007
300.0000001
300
299.9999996
299.9999978
299.9999879
299.9999422
299.9997584
299.9991319
299.9973618
299.9933137
299.9933205
299.993579
299.9938023
299.9939897
299.9941405
299.9942541
299.99433
299.9943681
1630.666814
1627.038785
1619.293029
1606.089405
1585.457364
1557.756632
1547.0785
1522.191031
1227.496024
820.8414522
522.6477884
375.3706316
320.8932009
304.8759865
300.979811
300.1726338
300.0270644
300.003821
300.0004907
300.0000578
300.0000063
300.0000006
300.0000001
300
299.9999996
299.9999978
299.9999879
299.9999422
299.9997584
299.9991319
299.9973618
299.9933137
299.9933205
299.993579
299.9938023
299.9939897
299.9941405
299.9942541
299.99433
299.9943681
1626.905171
1622.148144
1611.708755
1592.470453
1557.479551
1492.376579
1431.918686
1342.162088
1022.043693
701.9267516
472.5680769
358.9392664
316.4911442
303.8816973
300.78599
300.1394337
300.021995
300.0031229
300.0004031
300.0000477
300.0000052
300.0000005
300
299.9999999
299.9999996
299.9999978
299.9999879
299.9999422
299.9997584
299.9991319
299.9973618
299.9933137
299.9933205
299.993579
299.9938023
299.9939897
299.9941405
299.9942541
299.99433
299.9943681
)
;

boundaryField
{
    lowerWall
    {
        type            zeroGradient;
    }
    atmosphere
    {
        type            zeroGradient;
    }
    rightWall
    {
        type            empty;
    }
    leftWall
    {
        type            empty;
    }
    frontAndBack
    {
        type            fixedGradient;
        gradient        uniform -50;
    }
}


// ************************************************************************* //
