/*--------------------------------*- C++ -*----------------------------------*\
| =========                 |                                                 |
| \\      /  F ield         | OpenFOAM: The Open Source CFD Toolbox           |
|  \\    /   O peration     | Version:  2506                                  |
|   \\  /    A nd           | Website:  www.openfoam.com                      |
|    \\/     M anipulation  |                                                 |
\*---------------------------------------------------------------------------*/
FoamFile
{
    version     2.0;
    format      ascii;
    arch        "LSB;label=32;scalar=64";
    class       volScalarField;
    location    "0.005";
    object      TLiquidus;
}
// * * * * * * * * * * * * * * * * * * * * * * * * * * * * * * * * * * * * * //

dimensions      [0 0 0 1 0 0 0];

internalField   nonuniform List<scalar> 
3200
(
10
10
1723
10.00000027
10.00000047
10.00000082
1723
1723
1723
1723
1723
1723
1723
1723
1723
1723
1723
1723
1723
1723
1723
1723
1723
1723
1723
1723
1723
1723
1723
1723
1723
1723
10.00000051
10
10
10
10
10
10
10
10
10
10
10.00000002
10.00000001
10.00000029
1723
1723
1723
1723
1723
1723
1723
1723
1723
1723
1723
1723
1723
1723
1723
1723
1723
1723
1723
1723
1723
1723
1723
1723
1723
1723
10.00000051
10
10
10
10
10
10
10
10
10
10
10.00000001
10
10.00000003
1723
1723
1723
1723
1723
1723
1723
1723
1723
1723
1723
1723
1723
1723
1723
1723
1723
1723
1723
1723
1723
1723
1723
1723
1723
1723
10.00000052
10
10
10
10
10
10
10
10
10
10
10
10
10.00000002
1723
1723
1723
1723
1723
1723
1723
1723
1723
1723
1723
1723
1723
1723
1723
1723
1723
1723
1723
1723
1723
1723
1723
1723
1723
1723
10.00000052
10
10
10
10
10
10
10
10.00000001
10
10
10
10
10.00000002
1723
1723
1723
1723
1723
1723
1723
1723
1723
1723
1723
1723
1723
1723
1723
1723
1723
1723
1723
1723
1723
1723
1723
1723
1723
1723
10.00000052
10
10
10
10
10
10
10
10.00000004
10.00000004
10.00000003
10.00000002
10.00000001
10.00000001
1723
1723
1723
1723
1723
1723
1723
1723
1723
1723
1723
1723
1723
1723
1723
1723
1723
1723
1723
1723
1723
1723
1723
1723
1723
1723
10.00000053
10
10
10
10
10
10
10
10.0000001
10.00000009
10.00000006
10.00000004
10.00000002
10.00000002
10
1723
1723
1723
1723
1723
1723
1723
1723
1723
1723
1723
1723
1723
1723
1723
1723
1723
1723
1723
1723
1723
1723
1723
1723
1723
10.00000053
10
10
10
10
10
10
10
10.00000011
10.0000001
10.00000004
10.00000002
10.00000001
10.00000001
10
1723
1723
1723
1723
1723
1723
1723
1723
1723
1723
1723
1723
1723
1723
1723
1723
1723
1723
1723
1723
1723
1723
1723
1723
1723
10.00000053
10
10
10
10
10
10
10
10.00000014
10.00000016
10.00000017
10.00000016
10.00000019
10.00000026
10.00000055
10.00001506
1723
1723
1723
1723
1723
1723
1723
1723
1723
1723
1723
1723
1723
1723
1723
1723
1723
1723
1723
1723
1723
1723
1723
1723
10.00000054
10
10
10
10
10
10
10
10.00000009
10.0000001
10.00000011
10.00000012
10.0000001
53.90342656
17.87731533
10
1723
1723
1723
1723
1723
1723
1723
1723
1723
1723
1723
1723
1723
1723
1723
1723
1723
1723
1723
1723
1723
1723
1723
1723
10.00000054
10
10
10
10
10
10
10
10.00000005
10.0000001
10.00000014
10.00000014
10.00000011
10.0256569
14.57480343
10.00000001
14.40035775
1723
1723
1723
1723
1723
1723
1723
1723
1723
1723
1723
1723
1723
1723
1723
1723
1723
1723
1723
1723
1723
1723
1723
10.00000055
10
10
10
10
10
10
10
10
10.00000001
10.00000001
10
10.00000001
10.00000001
10.00000001
10.00000001
10
1723
1723
1723
1723
1723
1723
1723
1723
1723
1723
1723
1723
1723
1723
1723
1723
1723
1723
1723
1723
1723
1723
1723
10.00000055
10
10
10
10
10
10
10
10
10
10
10.00000001
10.00000001
10.00000002
10.00000004
10.00000005
48.96271045
1723
1723
1723
1723
1723
1723
1723
1723
1723
1723
1723
1723
1723
1723
1723
1723
1723
1723
1723
1723
1723
1723
1723
10.00000056
10
10
10
10
10
10
10
10
10
10.00000001
10.00000002
10.00000004
10.00000007
10.00000011
10.00000013
1723
1723
1723
1723
1723
1723
1723
1723
1723
1723
1723
1723
1723
1723
1723
1723
1723
1723
1723
1723
1723
1723
1723
1723
10.00000056
10
10
10
10
10
10
10
10
10.00000001
10.00000002
10.00000006
10.00000009
10.00000014
10.00000017
10.00000019
1723
1723
1723
1723
1723
1723
1723
1723
1723
1723
1723
1723
1723
1723
1723
1723
1723
1723
1723
1723
1723
1723
1723
1723
10.00000056
10
10
10
10
10
10
10
10.00000001
10.00000001
10.00000003
10.00000006
10.00000011
10.00000015
10.00000019
10.00000026
10.00000002
1723
1723
1723
1723
1723
1723
1723
1723
1723
1723
1723
1723
1723
1723
1723
1723
1723
1723
1723
1723
1723
1723
1723
10.00000057
10
10
10
10
10
10
10
10.00000032
10.00000002
10.00000001
10.00000004
10.00000008
10.00000011
10.00000017
10.00000031
10.00000001
1723
1723
1723
1723
1723
1723
1723
1723
1723
1723
1723
1723
1723
1723
1723
1723
1723
1723
1723
1723
1723
1723
1723
10.00000057
10
10
10
10
10
10
10
10.00000131
10.00000031
10.00000011
10.00000007
10.00000007
10.00000008
10.00000018
10.00000045
10
1723
1723
1723
1723
1723
1723
1723
1723
1723
1723
1723
1723
1723
1723
1723
1723
1723
1723
1723
1723
1723
1723
1723
10.00000057
10
10
10
10
10
10
10
10.00000255
10.00000152
10.00000061
10.00000033
10.00000023
10.0000002
10.00000033
10.00000076
33.13453561
1723
1723
1723
1723
1723
1723
1723
1723
1723
1723
1723
1723
1723
1723
1723
1723
1723
1723
1723
1723
1723
1723
1723
10.00000057
10
10
10
10
10
10
10
10.00000322
10.00000174
10.00000182
10.00000122
10.00000085
10.00000067
10.00000069
10.00000115
10.00000251
1723
1723
1723
1723
1723
1723
1723
1723
1723
1723
1723
1723
1723
1723
1723
1723
1723
1723
1723
1723
1723
1723
1723
10.00000057
10
10
10
10
10
10
10
10.0000007
10.00000082
10.00000106
10.00000124
10.00000128
10.00000145
10.00000103
10.00000137
10.00000614
1723
1723
1723
1723
1723
1723
1723
1723
1723
1723
1723
1723
1723
1723
1723
1723
1723
1723
1723
1723
1723
1723
1723
10.00000057
10
10
10
10
10
10
10
10.0000001
10.0000002
10.0000003
10.00000049
10.00000057
78.25589498
10.00000002
10.00000116
24.30704062
1723
1723
1723
1723
1723
1723
1723
1723
1723
1723
1723
1723
1723
1723
1723
1723
1723
1723
1723
1723
1723
1723
1723
10.00000057
10
10
10
10
10
10
10
10
10.00000002
10.00000008
10.00000012
10.0000001
10.00000003
10.00000004
10.000001
22.12993924
1723
1723
1723
1723
1723
1723
1723
1723
1723
1723
1723
1723
1723
1723
1723
1723
1723
1723
1723
1723
1723
1723
1723
10.00000057
10
10
10
10
10
10
10
10
10
10.00000002
10.00000004
10.00000003
10.00000002
10.00000003
10.00000038
10.00000005
1723
1723
1723
1723
1723
1723
1723
1723
1723
1723
1723
1723
1723
1723
1723
1723
1723
1723
1723
1723
1723
1723
1723
10.00000057
10
10
10
10
10
10
10
10
10
10.00000001
10.00000001
10.00000001
10.00000002
10.00000004
10.00000009
22.27437705
1723
1723
1723
1723
1723
1723
1723
1723
1723
1723
1723
1723
1723
1723
1723
1723
1723
1723
1723
1723
1723
1723
1723
10.00000056
10
10
10
10
10
10
10
10
10
10
10
10.00000001
10.00000002
10.00000005
10.00000008
1723
1723
1723
1723
1723
1723
1723
1723
1723
1723
1723
1723
1723
1723
1723
1723
1723
1723
1723
1723
1723
1723
1723
1723
10.00000056
10
10
10
10
10
10
10
10
10
10
10
10.00000001
10.00000006
10.00000009
10.00000009
1723
1723
1723
1723
1723
1723
1723
1723
1723
1723
1723
1723
1723
1723
1723
1723
1723
1723
1723
1723
1723
1723
1723
1723
10.00000055
10
10
10
10
10
10
10
10
10
10.00000001
10.00000002
10.00000006
10.00000014
10.00000017
10.00000011
1723
1723
1723
1723
1723
1723
1723
1723
1723
1723
1723
1723
1723
1723
1723
1723
1723
1723
1723
1723
1723
1723
1723
1723
10.00000054
10
10
10
10
10
10
10
10
10.00000001
10.00000003
10.00000009
10.00000017
10.00000025
10.00000025
10.00000005
1723
1723
1723
1723
1723
1723
1723
1723
1723
1723
1723
1723
1723
1723
1723
1723
1723
1723
1723
1723
1723
1723
1723
1723
10.00000053
10
10
10
10
10
10
10
10
10.00000002
10.00000009
10.00000018
10.00000031
10.00000043
10.00000025
48.98404023
1723
1723
1723
1723
1723
1723
1723
1723
1723
1723
1723
1723
1723
1723
1723
1723
1723
1723
1723
1723
1723
1723
1723
1723
10.00000053
10
10
10
10
10
10
10
10.00000001
10.00000007
10.00000024
10.00000017
10.0000001
10.00000073
10.00000036
10.00000013
1723
1723
1723
1723
1723
1723
1723
1723
1723
1723
1723
1723
1723
1723
1723
1723
1723
1723
1723
1723
1723
1723
1723
1723
10.00000052
10
10
10
10
10
10
10
10.00000004
10.0000001
10.00000075
10.0000012
10.00000094
10.00000346
10.0000021
10.00000075
1723
1723
1723
1723
1723
1723
1723
1723
1723
1723
1723
1723
1723
1723
1723
1723
1723
1723
1723
1723
1723
1723
1723
1723
10.00000051
10
10
10
10
10
10
10
10.00000004
10.00000001
10.0000023
10.00000466
10.00000394
10.00000094
10.00000001
1723
1723
1723
1723
1723
1723
1723
1723
1723
1723
1723
1723
1723
1723
1723
1723
1723
1723
1723
1723
1723
1723
1723
1723
1723
10.00000049
10
10
10
10
10
10
10
10.00000001
10.00000001
10.00000132
10.00000295
10.00000334
10.00000268
10.00000083
1723
1723
1723
1723
1723
1723
1723
1723
1723
1723
1723
1723
1723
1723
1723
1723
1723
1723
1723
1723
1723
1723
1723
1723
1723
10.00000048
10
10
10
10
10
10
10
10
10.00000005
10.00000073
10.00000131
10.00000158
10.00000165
10.0110788
1723
1723
1723
1723
1723
1723
1723
1723
1723
1723
1723
1723
1723
1723
1723
1723
1723
1723
1723
1723
1723
1723
1723
1723
1723
10.00000047
10
10
10
10
10
10
10
10.00000001
10.00000022
10.00000084
10.00000149
10.00000194
10.00000192
10
1723
1723
1723
1723
1723
1723
1723
1723
1723
1723
1723
1723
1723
1723
1723
1723
1723
1723
1723
1723
1723
1723
1723
1723
1723
10.00000046
10
10
10
10
10
10
10
10.00000012
10.00000063
10.00000108
10.0000015
10.00000212
10.00000206
10.00000111
1723
1723
1723
1723
1723
1723
1723
1723
1723
1723
1723
1723
1723
1723
1723
1723
1723
1723
1723
1723
1723
1723
1723
1723
1723
10.00000045
10
10
10
10
10
10
10
10.00000061
10.000001
10.00000102
10.00000103
10.00000124
10.00000162
10.00000099
1723
1723
1723
1723
1723
1723
1723
1723
1723
1723
1723
1723
1723
1723
1723
1723
1723
1723
1723
1723
1723
1723
1723
1723
1723
10.00000044
10
10
10
10
10
10
10
10.00000061
10.0000006
10.00000053
10.00000045
11.07748446
1723
1723
1723
1723
1723
1723
1723
1723
1723
1723
1723
1723
1723
1723
1723
1723
1723
1723
1723
1723
1723
1723
1723
1723
1723
1723
1723
10.00000043
10
10
10
10
10
10
10
10.00000013
10.00000032
10.00000045
10.00000074
10
1723
1723
1723
1723
1723
1723
1723
1723
1723
1723
1723
1723
1723
1723
1723
1723
1723
1723
1723
1723
1723
1723
1723
1723
1723
1723
1723
10.00000042
10
10
10
10
10
10
10
10.00000002
10.00000006
10.13735934
10
10
26.5271404
1723
1723
1723
1723
1723
1723
1723
1723
1723
1723
1723
1723
1723
1723
1723
1723
1723
1723
1723
1723
1723
1723
1723
1723
1723
1723
10.00000041
10
10
10
10
10
10
10
10.00000002
10.00000003
86.26369363
35.77255381
10.00000001
10.0000001
1723
1723
1723
1723
1723
1723
1723
1723
1723
1723
1723
1723
1723
1723
1723
1723
1723
1723
1723
1723
1723
1723
1723
1723
1723
1723
10.0000004
10
10
10
10
10
10
10
10.00000001
10.00000003
10.00000003
39.86453087
11.50993915
10.00000007
1723
1723
1723
1723
1723
1723
1723
1723
1723
1723
1723
1723
1723
1723
1723
1723
1723
1723
1723
1723
1723
1723
1723
1723
1723
1723
10.00000039
10
10
10
10
10
10
10
10
10.00000002
10.00000002
10.00000002
63.04970721
10.0925181
1723
1723
1723
1723
1723
1723
1723
1723
1723
1723
1723
1723
1723
1723
1723
1723
1723
1723
1723
1723
1723
1723
1723
1723
1723
1723
10.00000038
10
10
10
10
10
10
10
10
10
10.00000001
10.00000001
1723
13.81948927
1723
1723
1723
1723
1723
1723
1723
1723
1723
1723
1723
1723
1723
1723
1723
1723
1723
1723
1723
1723
1723
1723
1723
1723
1723
1723
10.00000038
10
10
10
10
10
10
10
10
10
10.00000001
10
1723
10
1723
1723
1723
1723
1723
1723
1723
1723
1723
1723
1723
1723
1723
1723
1723
1723
1723
1723
1723
1723
1723
1723
1723
1723
1723
1723
10.00000037
10
10
10
10
10
10
10
10
10
10
10.00000241
1723
1723
1723
1723
1723
1723
1723
1723
1723
1723
1723
1723
1723
1723
1723
1723
1723
1723
1723
1723
1723
1723
1723
1723
1723
1723
1723
1723
10.00000037
10
10
10
10
10
10
10
10
10
10
10.00000184
1723
1723
10
1723
1723
1723
1723
1723
1723
1723
1723
1723
1723
1723
1723
1723
1723
1723
1723
1723
1723
1723
1723
1723
1723
1723
1723
1723
10.00000036
10
10
10
10
10
10
10
10
10
10
10.00000094
1723
1723
1723
1723
1723
1723
1723
1723
1723
1723
1723
1723
1723
1723
1723
1723
1723
1723
1723
1723
1723
1723
1723
1723
1723
1723
1723
1723
10.00000036
10
10
10
10
10
10
10
10
10
10
10.00000038
1723
1723
1723
1723
1723
1723
1723
1723
1723
1723
1723
1723
1723
1723
1723
1723
1723
1723
1723
1723
1723
1723
1723
1723
1723
1723
1723
1723
10.00000036
10
10
10
10
10
10
10
10
10
10
10.0000001
1723
56.85014933
25.2009012
1723
1723
1723
1723
1723
1723
1723
1723
1723
1723
1723
1723
1723
1723
1723
1723
1723
1723
1723
1723
1723
1723
1723
1723
1723
10.00000036
10
10
10
10
10
10
10
10
10
10
10.00000002
10.00000002
10.00000009
1723
1723
1723
1723
1723
1723
1723
1723
1723
1723
1723
1723
1723
1723
1723
1723
1723
1723
1723
1723
1723
1723
1723
1723
1723
1723
10.00000035
10
10
10
10
10
10
10
10
10.00000001
10.00000001
10.00000001
10.00000003
10.00000016
1723
1723
1723
1723
1723
1723
1723
1723
1723
1723
1723
1723
1723
1723
1723
1723
1723
1723
1723
1723
1723
1723
1723
1723
1723
1723
10.00000036
10
10
10
10
10
10
10
10.00000001
10.00000002
10.00000002
10.00000002
10.00000003
10.00000023
10.00000016
1723
1723
1723
1723
1723
1723
1723
1723
1723
1723
1723
1723
1723
1723
1723
1723
1723
1723
1723
1723
1723
1723
1723
1723
1723
10.00000036
10
10
10
10
10
10
10
10.00000003
10.00000005
10.00000004
10.00000003
10.00000005
10.00000026
10.00000025
1723
1723
1723
1723
1723
1723
1723
1723
1723
1723
1723
1723
1723
1723
1723
1723
1723
1723
1723
1723
1723
1723
1723
1723
1723
10.00000036
10
10
10
10
10
10
10
10.0000001
10.00000008
10.00000005
10.00000005
10.00000008
10.00000026
10.00000033
1723
1723
1723
1723
1723
1723
1723
1723
1723
1723
1723
1723
1723
1723
1723
1723
1723
1723
1723
1723
1723
1723
1723
1723
1723
10.00000036
10
10
10
10
10
10
10
10.00000016
10.00000009
10.00000006
10.00000007
10.0000001
10.0000003
10.00000041
1723
1723
1723
1723
1723
1723
1723
1723
1723
1723
1723
1723
1723
1723
1723
1723
1723
1723
1723
1723
1723
1723
1723
1723
1723
10.00000037
10
10
10
10
10
10
10
10.00000027
10.00000016
10.0000001
10.00000009
10.00000013
10.00000038
10.00000048
1723
1723
1723
1723
1723
1723
1723
1723
1723
1723
1723
1723
1723
1723
1723
1723
1723
1723
1723
1723
1723
1723
1723
1723
1723
10.00000037
10
10
10
10
10
10
10
10.00000049
10.00000037
10.00000026
10.0000002
10.00000024
10.0000005
10.00000054
1723
1723
1723
1723
1723
1723
1723
1723
1723
1723
1723
1723
1723
1723
1723
1723
1723
1723
1723
1723
1723
1723
1723
1723
1723
10.00000037
10
10
10
10
10
10
10
10.00000069
10.00000068
10.0000006
10.00000052
10.00000051
10.00000065
10.0000006
43.14211343
1723
1723
1723
1723
1723
1723
1723
1723
1723
1723
1723
1723
1723
1723
1723
1723
1723
1723
1723
1723
1723
1723
1723
1723
10.00000038
10
10
10
10
10
10
10
10.00000084
10.00000092
10.00000092
10.00000088
10.00000075
10.0000007
10.00000054
10.00000016
1723
1723
1723
1723
1723
1723
1723
1723
1723
1723
1723
1723
1723
1723
1723
1723
1723
1723
1723
1723
1723
1723
1723
1723
10.00000039
10
10
10
10
10
10
10
10.0000009
10.00000107
10.00000108
10.00000099
10.00000081
10.00000062
10.00000046
10.00000016
1723
1723
1723
1723
1723
1723
1723
1723
1723
1723
1723
1723
1723
1723
1723
1723
1723
1723
1723
1723
1723
1723
1723
1723
10.00000039
10
10
10
10
10
10
10
10.0000009
10.00000123
10.00000122
10.00000103
10.00000079
10.00000059
10.00000048
10.00000018
1723
1723
1723
1723
1723
1723
1723
1723
1723
1723
1723
1723
1723
1723
1723
1723
1723
1723
1723
1723
1723
1723
1723
1723
10.0000004
10
10
10
10
10
10
10
10.00000118
10.0000016
10.00000151
10.00000121
10.0000009
10.00000073
10.00000065
10.00000025
1723
1723
1723
1723
1723
1723
1723
1723
1723
1723
1723
1723
1723
1723
1723
1723
1723
1723
1723
1723
1723
1723
1723
1723
10.0000004
10
10
10
10
10
10
10
10.00000193
10.00000225
10.0000019
10.00000147
10.0000011
10.00000084
10.00000054
10.00000022
1723
1723
1723
1723
1723
1723
1723
1723
1723
1723
1723
1723
1723
1723
1723
1723
1723
1723
1723
1723
1723
1723
1723
1723
10.00000041
10
10
10
10
10
10
10
10.00000189
10.0000023
10.00000193
10.00000146
10.00000105
10.00000067
10.00000035
10.00000017
1723
1723
1723
1723
1723
1723
1723
1723
1723
1723
1723
1723
1723
1723
1723
1723
1723
1723
1723
1723
1723
1723
1723
1723
10.00000042
10
10
10
10
10
10
10
10.00000085
10.00000135
10.00000127
10.00000094
10.00000067
10.0000004
10.00000023
10.00000016
1723
1723
1723
1723
1723
1723
1723
1723
1723
1723
1723
1723
1723
1723
1723
1723
1723
1723
1723
1723
1723
1723
1723
1723
10.00000042
10
10
10
10
10
10
10
10.00000017
10.00000039
10.00000045
10.00000032
10.00000024
10.00000016
10.00000012
10.00000012
1723
1723
1723
1723
1723
1723
1723
1723
1723
1723
1723
1723
1723
1723
1723
1723
1723
1723
1723
1723
1723
1723
1723
1723
10.00000043
10
10
10
10
10
10
10
10.00000002
10.00000005
10.00000007
10.00000005
10.00000004
10.00000005
10.00000005
10.00000008
1723
1723
1723
1723
1723
1723
1723
1723
1723
1723
1723
1723
1723
1723
1723
1723
1723
1723
1723
1723
1723
1723
1723
1723
10.00000044
10
10
10
10
10
10
10
10
10
10.00000001
10.00000001
10.00000001
10.00000002
10.00000003
10.00000005
1723
1723
1723
1723
1723
1723
1723
1723
1723
1723
1723
1723
1723
1723
1723
1723
1723
1723
1723
1723
1723
1723
1723
1723
10.00000044
10
10
10
10
10
10
10
10
10
10
10.00000001
10.00000001
10.00000001
10.00000001
1723
1723
1723
1723
1723
1723
1723
1723
1723
1723
1723
1723
1723
1723
1723
1723
1723
1723
1723
1723
1723
1723
1723
1723
1723
10.00000045
10
10
10
10
10
10
10
10
10
10
10
10.00000001
10.00000001
10.00000001
86.16968504
1723
1723
1723
1723
1723
1723
1723
1723
1723
1723
1723
1723
1723
1723
1723
1723
1723
1723
1723
1723
1723
1723
1723
1723
10.00000045
10
10
10
10
10
10
10
10
10
10
10
10
10
10
10.00000001
1723
1723
1723
1723
1723
1723
1723
1723
1723
1723
1723
1723
1723
1723
1723
1723
1723
1723
1723
1723
1723
1723
1723
1723
10.00000046
10
10
10
10
10
10
10
10
10
10
10
10
10
10.00000001
10.00000027
1723
1723
1723
1723
1723
1723
1723
1723
1723
1723
1723
1723
1723
1723
1723
1723
1723
1723
1723
1723
1723
1723
1723
1723
10.00000046
10
10
10
10
10
10
10
10
10
10
10
10
10
10
1723
1723
1723
1723
1723
1723
1723
1723
1723
1723
1723
1723
1723
1723
1723
1723
1723
1723
1723
1723
1723
1723
1723
1723
1723
10.00000047
10
10
10
10
10
10
10
10
10
10
10
10
10
10
1723
1723
1723
1723
1723
1723
1723
1723
1723
1723
1723
1723
1723
1723
1723
1723
1723
1723
1723
1723
1723
1723
1723
1723
1723
10.00000047
10
10
10
10
10
10
10
10
10
10
10
10
10
10
1723
1723
1723
1723
1723
1723
1723
1723
1723
1723
1723
1723
1723
1723
1723
1723
1723
1723
1723
1723
1723
1723
1723
1723
1723
10.00000047
10
10
10
10
10
10
10
10
10
10
10
10
10
10
1723
1723
1723
1723
1723
1723
1723
1723
1723
1723
1723
1723
1723
1723
1723
1723
1723
1723
1723
1723
1723
1723
1723
1723
1723
10.00000048
10
10
10
10
10
10
10
10
10
10
10
10
10
1723
1723
1723
1723
1723
1723
1723
1723
1723
1723
1723
1723
1723
1723
1723
1723
1723
1723
1723
1723
1723
1723
1723
1723
1723
1723
10.00000048
10
10
10
10
10
10
10
10
10
10
10
10
10
77.01137667
1723
1723
1723
1723
1723
1723
1723
1723
1723
1723
1723
1723
1723
1723
1723
1723
1723
1723
1723
1723
1723
1723
1723
1723
1723
10.00000048
10
10
10
10
10
10
10
)
;

boundaryField
{
    lowerWall
    {
        type            calculated;
        value           uniform 10;
    }
    atmosphere
    {
        type            calculated;
        value           nonuniform List<scalar> 
80
(
10
10
10
10
10
10
10
10.00000011
10.00000014
10.00000009
10.00000005
10
10
10
10
10.00000001
10
10.00000131
10.00000255
10
10
10
10
10
10
10
10
10
10
10
10
10
10
10
10
10
10.00000012
10.00000061
10.00000061
10
10.00000002
10
10
10
10
10
10
10
10
10
10
10
10
10
10
10
10.00000016
10.00000027
10.00000049
10.00000069
10.00000084
10.0000009
10.0000009
10.00000118
10.00000193
10.00000189
10.00000085
10.00000017
10.00000002
10
10
10
10
10
10
10
10
10
10
10
)
;
    }
    rightWall
    {
        type            empty;
    }
    leftWall
    {
        type            empty;
    }
    frontAndBack
    {
        type            calculated;
        value           nonuniform List<scalar> 
80
(
10
10
330.00115
10.00000027
10.00000047
10.00000082
447.7371537
1723
1722.999395
1723
1723
1723
1723
1723
1723
1723
1723
1723
1723
1723
1723
1723
1723
1723
1723
1723
1723
1723
1723
1723
1723
1723
10.00000051
10
10
10
10
10
10
10
10
10
10
10
10
10
77.01137667
835.9700854
1722.931616
1723
1723
1723
1723
1723
1723
1723
1723
1723
1723
1723
1723
1723
1723
1723
1723
1723
1723
1723
1723
1723
1723
1723
10.00000048
10
10
10
10
10
10
10
)
;
    }
}


// ************************************************************************* //
