/*--------------------------------*- C++ -*----------------------------------*\
| =========                 |                                                 |
| \\      /  F ield         | OpenFOAM: The Open Source CFD Toolbox           |
|  \\    /   O peration     | Version:  2506                                  |
|   \\  /    A nd           | Website:  www.openfoam.com                      |
|    \\/     M anipulation  |                                                 |
\*---------------------------------------------------------------------------*/
FoamFile
{
    version     2.0;
    format      ascii;
    arch        "LSB;label=32;scalar=64";
    class       volScalarField;
    location    "0.005";
    object      TSolidus;
}
// * * * * * * * * * * * * * * * * * * * * * * * * * * * * * * * * * * * * * //

dimensions      [0 0 0 1 0 0 0];

internalField   nonuniform List<scalar> 
3200
(
1
1
1658
1.000000262
1.000000457
1.000000792
1658
1658
1658
1658
1658
1658
1658
1658
1658
1658
1658
1658
1658
1658
1658
1658
1658
1658
1658
1658
1658
1658
1658
1658
1658
1658
1.000000496
1
1
1
1
1
1
1
1
1
1
1.00000002
1.000000009
1.00000028
1658
1658
1658
1658
1658
1658
1658
1658
1658
1658
1658
1658
1658
1658
1658
1658
1658
1658
1658
1658
1658
1658
1658
1658
1658
1658
1.000000498
1
1
1
1
1
1
1
1
1
1
1.000000006
1.000000005
1.000000025
1658
1658
1658
1658
1658
1658
1658
1658
1658
1658
1658
1658
1658
1658
1658
1658
1658
1658
1658
1658
1658
1658
1658
1658
1658
1658
1.000000499
1
1
1
1
1
1
1
1
1
1
1.000000002
1.000000003
1.000000021
1658
1658
1658
1658
1658
1658
1658
1658
1658
1658
1658
1658
1658
1658
1658
1658
1658
1658
1658
1658
1658
1658
1658
1658
1658
1658
1.000000502
1
1
1
1
1
1
1
1.000000005
1.000000004
1.000000003
1.000000002
1.000000002
1.000000016
1658
1658
1658
1658
1658
1658
1658
1658
1658
1658
1658
1658
1658
1658
1658
1658
1658
1658
1658
1658
1658
1658
1658
1658
1658
1658
1.000000505
1
1
1
1
1
1
1
1.000000036
1.000000043
1.000000029
1.000000017
1.000000009
1.00000001
1658
1658
1658
1658
1658
1658
1658
1658
1658
1658
1658
1658
1658
1658
1658
1658
1658
1658
1658
1658
1658
1658
1658
1658
1658
1658
1.000000508
1
1
1
1
1
1
1
1.000000093
1.000000085
1.000000057
1.000000035
1.00000002
1.000000016
1.000000002
1658
1658
1658
1658
1658
1658
1658
1658
1658
1658
1658
1658
1658
1658
1658
1658
1658
1658
1658
1658
1658
1658
1658
1658
1658
1.000000512
1
1
1
1
1
1
1
1.000000106
1.000000092
1.00000004
1.00000002
1.000000012
1.000000007
1.000000002
1658
1658
1658
1658
1658
1658
1658
1658
1658
1658
1658
1658
1658
1658
1658
1658
1658
1658
1658
1658
1658
1658
1658
1658
1658
1.000000516
1
1
1
1
1
1
1
1.000000133
1.000000154
1.000000166
1.000000158
1.000000182
1.00000025
1.000000527
1.000014567
1658
1658
1658
1658
1658
1658
1658
1658
1658
1658
1658
1658
1658
1658
1658
1658
1658
1658
1658
1658
1658
1658
1658
1658
1.00000052
1
1
1
1
1
1
1
1.000000083
1.000000101
1.000000111
1.000000116
1.000000099
43.46817152
8.619796555
1.000000003
1658
1658
1658
1658
1658
1658
1658
1658
1658
1658
1658
1658
1658
1658
1658
1658
1658
1658
1658
1658
1658
1658
1658
1658
1.000000524
1
1
1
1
1
1
1
1.00000005
1.000000099
1.000000131
1.000000132
1.000000106
1.024818149
5.425247685
1.000000006
5.256504841
1658
1658
1658
1658
1658
1658
1658
1658
1658
1658
1658
1658
1658
1658
1658
1658
1658
1658
1658
1658
1658
1658
1658
1.000000529
1
1
1
1
1
1
1
1.000000004
1.000000005
1.000000008
1.000000003
1.000000006
1.000000009
1.000000007
1.000000014
1
1658
1658
1658
1658
1658
1658
1658
1658
1658
1658
1658
1658
1658
1658
1658
1658
1658
1658
1658
1658
1658
1658
1658
1.000000533
1
1
1
1
1
1
1
1.000000003
1.000000002
1.000000002
1.000000005
1.000000013
1.000000023
1.000000035
1.000000053
38.68897327
1658
1658
1658
1658
1658
1658
1658
1658
1658
1658
1658
1658
1658
1658
1658
1658
1658
1658
1658
1658
1658
1658
1658
1.000000537
1
1
1
1
1
1
1
1.000000001
1.000000002
1.000000007
1.00000002
1.000000043
1.000000072
1.000000109
1.000000127
1658
1658
1658
1658
1658
1658
1658
1658
1658
1658
1658
1658
1658
1658
1658
1658
1658
1658
1658
1658
1658
1658
1658
1658
1.000000541
1
1
1
1
1
1
1
1.000000001
1.000000005
1.000000022
1.000000055
1.000000092
1.000000131
1.000000164
1.000000184
1658
1658
1658
1658
1658
1658
1658
1658
1658
1658
1658
1658
1658
1658
1658
1658
1658
1658
1658
1658
1658
1658
1658
1658
1.000000545
1
1
1
1
1
1
1
1.000000008
1.000000006
1.000000025
1.000000062
1.000000106
1.00000015
1.000000182
1.00000025
1.000000024
1658
1658
1658
1658
1658
1658
1658
1658
1658
1658
1658
1658
1658
1658
1658
1658
1658
1658
1658
1658
1658
1658
1658
1.000000548
1
1
1
1
1
1
1
1.000000306
1.000000019
1.000000013
1.000000043
1.000000081
1.000000108
1.000000163
1.000000298
1.000000008
1658
1658
1658
1658
1658
1658
1658
1658
1658
1658
1658
1658
1658
1658
1658
1658
1658
1658
1658
1658
1658
1658
1658
1.000000551
1
1
1
1
1
1
1
1.000001269
1.000000299
1.000000109
1.000000063
1.000000069
1.000000076
1.000000178
1.000000431
1.000000002
1658
1658
1658
1658
1658
1658
1658
1658
1658
1658
1658
1658
1658
1658
1658
1658
1658
1658
1658
1658
1658
1658
1658
1.000000553
1
1
1
1
1
1
1
1.000002468
1.000001468
1.000000592
1.00000032
1.000000218
1.000000193
1.000000322
1.000000732
23.37824022
1658
1658
1658
1658
1658
1658
1658
1658
1658
1658
1658
1658
1658
1658
1658
1658
1658
1658
1658
1658
1658
1658
1658
1.000000554
1
1
1
1
1
1
1
1.000003112
1.000001685
1.000001762
1.000001184
1.000000823
1.000000653
1.000000671
1.000001111
1.00000243
1658
1658
1658
1658
1658
1658
1658
1658
1658
1658
1658
1658
1658
1658
1658
1658
1658
1658
1658
1658
1658
1658
1658
1.000000554
1
1
1
1
1
1
1
1.000000674
1.000000797
1.000001022
1.000001202
1.000001241
1.000001399
1.000000994
1.000001323
1.000005942
1658
1658
1658
1658
1658
1658
1658
1658
1658
1658
1658
1658
1658
1658
1658
1658
1658
1658
1658
1658
1658
1658
1658
1.000000554
1
1
1
1
1
1
1
1.000000093
1.000000191
1.000000288
1.000000478
1.000000555
67.02452889
1.000000018
1.000001126
14.8393265
1658
1658
1658
1658
1658
1658
1658
1658
1658
1658
1658
1658
1658
1658
1658
1658
1658
1658
1658
1658
1658
1658
1658
1.000000553
1
1
1
1
1
1
1
1.000000005
1.00000002
1.00000008
1.000000115
1.000000092
1.000000026
1.000000035
1.000000965
12.73339715
1658
1658
1658
1658
1658
1658
1658
1658
1658
1658
1658
1658
1658
1658
1658
1658
1658
1658
1658
1658
1658
1658
1658
1.00000055
1
1
1
1
1
1
1
1
1.000000001
1.000000023
1.000000043
1.00000003
1.000000022
1.000000032
1.000000369
1.000000049
1658
1658
1658
1658
1658
1658
1658
1658
1658
1658
1658
1658
1658
1658
1658
1658
1658
1658
1658
1658
1658
1658
1658
1.000000547
1
1
1
1
1
1
1
1
1
1.000000006
1.000000014
1.000000012
1.000000016
1.000000035
1.000000089
12.87311312
1658
1658
1658
1658
1658
1658
1658
1658
1658
1658
1658
1658
1658
1658
1658
1658
1658
1658
1658
1658
1658
1658
1658
1.000000543
1
1
1
1
1
1
1
1
1
1.000000001
1.000000003
1.000000005
1.000000021
1.000000052
1.000000073
1658
1658
1658
1658
1658
1658
1658
1658
1658
1658
1658
1658
1658
1658
1658
1658
1658
1658
1658
1658
1658
1658
1658
1658
1.000000538
1
1
1
1
1
1
1
1
1
1
1.000000003
1.000000013
1.000000054
1.000000089
1.000000091
1658
1658
1658
1658
1658
1658
1658
1658
1658
1658
1658
1658
1658
1658
1658
1658
1658
1658
1658
1658
1658
1658
1658
1658
1.000000532
1
1
1
1
1
1
1
1
1.000000001
1.000000005
1.000000023
1.000000056
1.000000131
1.00000016
1.000000107
1658
1658
1658
1658
1658
1658
1658
1658
1658
1658
1658
1658
1658
1658
1658
1658
1658
1658
1658
1658
1658
1658
1658
1658
1.000000525
1
1
1
1
1
1
1
1.000000001
1.000000006
1.00000003
1.000000085
1.000000162
1.000000238
1.00000024
1.000000047
1658
1658
1658
1658
1658
1658
1658
1658
1658
1658
1658
1658
1658
1658
1658
1658
1658
1658
1658
1658
1658
1658
1658
1658
1.000000517
1
1
1
1
1
1
1
1.000000003
1.000000022
1.000000091
1.000000176
1.0000003
1.00000042
1.000000241
38.70960575
1658
1658
1658
1658
1658
1658
1658
1658
1658
1658
1658
1658
1658
1658
1658
1658
1658
1658
1658
1658
1658
1658
1658
1658
1.000000508
1
1
1
1
1
1
1
1.000000012
1.000000063
1.000000234
1.000000165
1.000000101
1.000000711
1.00000035
1.000000129
1658
1658
1658
1658
1658
1658
1658
1658
1658
1658
1658
1658
1658
1658
1658
1658
1658
1658
1658
1658
1658
1658
1658
1658
1.000000499
1
1
1
1
1
1
1
1.000000037
1.000000095
1.000000722
1.000001162
1.000000907
1.00000335
1.000002033
1.000000722
1658
1658
1658
1658
1658
1658
1658
1658
1658
1658
1658
1658
1658
1658
1658
1658
1658
1658
1658
1658
1658
1658
1658
1658
1.000000489
1
1
1
1
1
1
1
1.000000042
1.000000008
1.000002224
1.00000451
1.00000381
1.000000906
1.000000013
1658
1658
1658
1658
1658
1658
1658
1658
1658
1658
1658
1658
1658
1658
1658
1658
1658
1658
1658
1658
1658
1658
1658
1658
1658
1.000000478
1
1
1
1
1
1
1
1.000000005
1.000000009
1.000001281
1.000002854
1.000003233
1.000002588
1.000000802
1658
1658
1658
1658
1658
1658
1658
1658
1658
1658
1658
1658
1658
1658
1658
1658
1658
1658
1658
1658
1658
1658
1658
1658
1658
1.000000468
1
1
1
1
1
1
1
1.000000001
1.000000048
1.000000706
1.000001268
1.000001525
1.000001595
1.010716619
1658
1658
1658
1658
1658
1658
1658
1658
1658
1658
1658
1658
1658
1658
1658
1658
1658
1658
1658
1658
1658
1658
1658
1658
1658
1.000000457
1
1
1
1
1
1
1
1.000000012
1.000000217
1.000000811
1.00000144
1.000001875
1.000001853
1
1658
1658
1658
1658
1658
1658
1658
1658
1658
1658
1658
1658
1658
1658
1658
1658
1658
1658
1658
1658
1658
1658
1658
1658
1658
1.000000446
1
1
1
1
1
1
1
1.000000112
1.000000609
1.00000104
1.000001452
1.000002055
1.000001995
1.000001075
1658
1658
1658
1658
1658
1658
1658
1658
1658
1658
1658
1658
1658
1658
1658
1658
1658
1658
1658
1658
1658
1658
1658
1658
1658
1.000000435
1
1
1
1
1
1
1
1.000000586
1.000000966
1.000000984
1.000000995
1.000001197
1.000001571
1.000000962
1658
1658
1658
1658
1658
1658
1658
1658
1658
1658
1658
1658
1658
1658
1658
1658
1658
1658
1658
1658
1658
1658
1658
1658
1658
1.000000424
1
1
1
1
1
1
1
1.000000594
1.000000581
1.000000511
1.000000433
2.042260212
1658
1658
1658
1658
1658
1658
1658
1658
1658
1658
1658
1658
1658
1658
1658
1658
1658
1658
1658
1658
1658
1658
1658
1658
1658
1658
1658
1.000000414
1
1
1
1
1
1
1
1.000000124
1.00000031
1.000000438
1.000000716
1
1658
1658
1658
1658
1658
1658
1658
1658
1658
1658
1658
1658
1658
1658
1658
1658
1658
1658
1658
1658
1658
1658
1658
1658
1658
1658
1658
1.000000404
1
1
1
1
1
1
1
1.000000023
1.000000058
1.132868902
1
1.000000003
16.9868486
1658
1658
1658
1658
1658
1658
1658
1658
1658
1658
1658
1658
1658
1658
1658
1658
1658
1658
1658
1658
1658
1658
1658
1658
1658
1658
1.000000395
1
1
1
1
1
1
1
1.000000023
1.000000033
74.77054311
25.93001849
1.00000001
1.000000101
1658
1658
1658
1658
1658
1658
1658
1658
1658
1658
1658
1658
1658
1658
1658
1658
1658
1658
1658
1658
1658
1658
1658
1658
1658
1658
1.000000386
1
1
1
1
1
1
1
1.000000012
1.000000029
1.000000029
29.88822397
2.460577446
1.000000069
1658
1658
1658
1658
1658
1658
1658
1658
1658
1658
1658
1658
1658
1658
1658
1658
1658
1658
1658
1658
1658
1658
1658
1658
1658
1658
1.000000378
1
1
1
1
1
1
1
1.000000004
1.000000016
1.000000023
1.000000019
52.31544941
1.089493572
1658
1658
1658
1658
1658
1658
1658
1658
1658
1658
1658
1658
1658
1658
1658
1658
1658
1658
1658
1658
1658
1658
1658
1658
1658
1658
1.00000037
1
1
1
1
1
1
1
1.000000001
1.000000005
1.000000011
1.000000014
1658
4.694625638
1658
1658
1658
1658
1658
1658
1658
1658
1658
1658
1658
1658
1658
1658
1658
1658
1658
1658
1658
1658
1658
1658
1658
1658
1658
1658
1.000000364
1
1
1
1
1
1
1
1
1.000000001
1.000000007
1.000000005
1658
1
1658
1658
1658
1658
1658
1658
1658
1658
1658
1658
1658
1658
1658
1658
1658
1658
1658
1658
1658
1658
1658
1658
1658
1658
1658
1658
1.000000358
1
1
1
1
1
1
1
1
1
1.000000003
1.000002336
1658
1658
1658
1658
1658
1658
1658
1658
1658
1658
1658
1658
1658
1658
1658
1658
1658
1658
1658
1658
1658
1658
1658
1658
1658
1658
1658
1658
1.000000354
1
1
1
1
1
1
1
1
1
1.000000002
1.000001784
1658
1658
1
1658
1658
1658
1658
1658
1658
1658
1658
1658
1658
1658
1658
1658
1658
1658
1658
1658
1658
1658
1658
1658
1658
1658
1658
1658
1.00000035
1
1
1
1
1
1
1
1
1
1.000000001
1.000000905
1658
1658
1658
1658
1658
1658
1658
1658
1658
1658
1658
1658
1658
1658
1658
1658
1658
1658
1658
1658
1658
1658
1658
1658
1658
1658
1658
1658
1.000000347
1
1
1
1
1
1
1
1
1
1.000000001
1.000000365
1658
1658
1658
1658
1658
1658
1658
1658
1658
1658
1658
1658
1658
1658
1658
1658
1658
1658
1658
1658
1658
1658
1658
1658
1658
1658
1658
1658
1.000000345
1
1
1
1
1
1
1
1
1
1.000000001
1.000000092
1658
46.31856243
15.70396572
1658
1658
1658
1658
1658
1658
1658
1658
1658
1658
1658
1658
1658
1658
1658
1658
1658
1658
1658
1658
1658
1658
1658
1658
1658
1.000000343
1
1
1
1
1
1
1
1
1.000000002
1.000000003
1.000000015
1.000000015
1.000000089
1658
1658
1658
1658
1658
1658
1658
1658
1658
1658
1658
1658
1658
1658
1658
1658
1658
1658
1658
1658
1658
1658
1658
1658
1658
1658
1.000000343
1
1
1
1
1
1
1
1.000000002
1.000000006
1.00000001
1.000000014
1.00000003
1.000000151
1658
1658
1658
1658
1658
1658
1658
1658
1658
1658
1658
1658
1658
1658
1658
1658
1658
1658
1658
1658
1658
1658
1658
1658
1658
1658
1.000000344
1
1
1
1
1
1
1
1.000000008
1.000000019
1.000000023
1.000000021
1.000000032
1.000000226
1.000000153
1658
1658
1658
1658
1658
1658
1658
1658
1658
1658
1658
1658
1658
1658
1658
1658
1658
1658
1658
1658
1658
1658
1658
1658
1658
1.000000345
1
1
1
1
1
1
1
1.000000032
1.000000048
1.000000041
1.000000031
1.000000046
1.000000255
1.000000243
1658
1658
1658
1658
1658
1658
1658
1658
1658
1658
1658
1658
1658
1658
1658
1658
1658
1658
1658
1658
1658
1658
1658
1658
1658
1.000000347
1
1
1
1
1
1
1
1.000000095
1.000000073
1.000000049
1.000000047
1.000000076
1.000000248
1.000000323
1658
1658
1658
1658
1658
1658
1658
1658
1658
1658
1658
1658
1658
1658
1658
1658
1658
1658
1658
1658
1658
1658
1658
1658
1658
1.00000035
1
1
1
1
1
1
1
1.000000159
1.000000088
1.000000061
1.000000064
1.0000001
1.000000288
1.000000393
1658
1658
1658
1658
1658
1658
1658
1658
1658
1658
1658
1658
1658
1658
1658
1658
1658
1658
1658
1658
1658
1658
1658
1658
1658
1.000000354
1
1
1
1
1
1
1
1.000000266
1.000000158
1.000000099
1.000000089
1.000000123
1.000000364
1.000000462
1658
1658
1658
1658
1658
1658
1658
1658
1658
1658
1658
1658
1658
1658
1658
1658
1658
1658
1658
1658
1658
1658
1658
1658
1658
1.000000358
1
1
1
1
1
1
1
1.000000472
1.000000362
1.000000252
1.000000193
1.000000234
1.000000488
1.000000526
1658
1658
1658
1658
1658
1658
1658
1658
1658
1658
1658
1658
1658
1658
1658
1658
1658
1658
1658
1658
1658
1658
1658
1658
1658
1.000000362
1
1
1
1
1
1
1
1.000000672
1.000000655
1.000000583
1.000000506
1.000000498
1.000000632
1.000000577
33.05865846
1658
1658
1658
1658
1658
1658
1658
1658
1658
1658
1658
1658
1658
1658
1658
1658
1658
1658
1658
1658
1658
1658
1658
1658
1.000000368
1
1
1
1
1
1
1
1.000000813
1.000000886
1.000000889
1.000000849
1.000000724
1.000000675
1.000000525
1.000000159
1658
1658
1658
1658
1658
1658
1658
1658
1658
1658
1658
1658
1658
1658
1658
1658
1658
1658
1658
1658
1658
1658
1658
1658
1.000000373
1
1
1
1
1
1
1
1.000000868
1.00000104
1.000001042
1.000000961
1.000000783
1.000000602
1.000000447
1.000000152
1658
1658
1658
1658
1658
1658
1658
1658
1658
1658
1658
1658
1658
1658
1658
1658
1658
1658
1658
1658
1658
1658
1658
1658
1.000000379
1
1
1
1
1
1
1
1.000000875
1.000001192
1.000001178
1.000000999
1.000000768
1.000000573
1.000000465
1.00000017
1658
1658
1658
1658
1658
1658
1658
1658
1658
1658
1658
1658
1658
1658
1658
1658
1658
1658
1658
1658
1658
1658
1658
1658
1.000000385
1
1
1
1
1
1
1
1.000001138
1.000001548
1.000001464
1.000001166
1.000000874
1.000000709
1.000000629
1.000000241
1658
1658
1658
1658
1658
1658
1658
1658
1658
1658
1658
1658
1658
1658
1658
1658
1658
1658
1658
1658
1658
1658
1658
1658
1.000000391
1
1
1
1
1
1
1
1.000001863
1.000002176
1.000001837
1.000001423
1.000001065
1.000000813
1.000000521
1.000000208
1658
1658
1658
1658
1658
1658
1658
1658
1658
1658
1658
1658
1658
1658
1658
1658
1658
1658
1658
1658
1658
1658
1658
1658
1.000000398
1
1
1
1
1
1
1
1.000001828
1.000002228
1.000001866
1.000001416
1.000001019
1.000000645
1.000000335
1.000000167
1658
1658
1658
1658
1658
1658
1658
1658
1658
1658
1658
1658
1658
1658
1658
1658
1658
1658
1658
1658
1658
1658
1658
1658
1.000000404
1
1
1
1
1
1
1
1.00000082
1.000001303
1.000001229
1.000000907
1.000000648
1.000000386
1.000000218
1.000000158
1658
1658
1658
1658
1658
1658
1658
1658
1658
1658
1658
1658
1658
1658
1658
1658
1658
1658
1658
1658
1658
1658
1658
1658
1.00000041
1
1
1
1
1
1
1
1.000000161
1.000000375
1.000000437
1.000000311
1.000000227
1.000000154
1.000000112
1.000000116
1658
1658
1658
1658
1658
1658
1658
1658
1658
1658
1658
1658
1658
1658
1658
1658
1658
1658
1658
1658
1658
1658
1658
1658
1.000000417
1
1
1
1
1
1
1
1.000000015
1.00000005
1.000000072
1.00000005
1.000000036
1.000000045
1.000000052
1.000000077
1658
1658
1658
1658
1658
1658
1658
1658
1658
1658
1658
1658
1658
1658
1658
1658
1658
1658
1658
1658
1658
1658
1658
1658
1.000000423
1
1
1
1
1
1
1
1.000000001
1.000000003
1.000000005
1.000000005
1.000000009
1.000000017
1.000000029
1.000000049
1658
1658
1658
1658
1658
1658
1658
1658
1658
1658
1658
1658
1658
1658
1658
1658
1658
1658
1658
1658
1658
1658
1658
1658
1.000000429
1
1
1
1
1
1
1
1
1.000000001
1.000000002
1.000000005
1.000000006
1.000000007
1.000000007
1658
1658
1658
1658
1658
1658
1658
1658
1658
1658
1658
1658
1658
1658
1658
1658
1658
1658
1658
1658
1658
1658
1658
1658
1658
1.000000434
1
1
1
1
1
1
1
1
1
1.000000001
1.000000003
1.000000005
1.000000006
1.000000006
74.67960777
1658
1658
1658
1658
1658
1658
1658
1658
1658
1658
1658
1658
1658
1658
1658
1658
1658
1658
1658
1658
1658
1658
1658
1658
1.00000044
1
1
1
1
1
1
1
1
1
1
1.000000001
1.000000003
1.000000005
1.000000004
1.00000001
1658
1658
1658
1658
1658
1658
1658
1658
1658
1658
1658
1658
1658
1658
1658
1658
1658
1658
1658
1658
1658
1658
1658
1658
1.000000445
1
1
1
1
1
1
1
1
1
1
1
1.000000002
1.000000004
1.000000011
1.000000262
1658
1658
1658
1658
1658
1658
1658
1658
1658
1658
1658
1658
1658
1658
1658
1658
1658
1658
1658
1658
1658
1658
1658
1658
1.000000449
1
1
1
1
1
1
1
1
1
1.000000001
1.000000001
1.000000001
1.000000003
1.000000002
1658
1658
1658
1658
1658
1658
1658
1658
1658
1658
1658
1658
1658
1658
1658
1658
1658
1658
1658
1658
1658
1658
1658
1658
1658
1.000000453
1
1
1
1
1
1
1
1
1.000000001
1.000000001
1.000000001
1.000000001
1.000000001
1
1658
1658
1658
1658
1658
1658
1658
1658
1658
1658
1658
1658
1658
1658
1658
1658
1658
1658
1658
1658
1658
1658
1658
1658
1658
1.000000456
1
1
1
1
1
1
1
1
1
1.000000001
1.000000001
1.000000001
1.000000001
1
1658
1658
1658
1658
1658
1658
1658
1658
1658
1658
1658
1658
1658
1658
1658
1658
1658
1658
1658
1658
1658
1658
1658
1658
1658
1.000000459
1
1
1
1
1
1
1
1
1
1
1.000000001
1.000000001
1
1
1658
1658
1658
1658
1658
1658
1658
1658
1658
1658
1658
1658
1658
1658
1658
1658
1658
1658
1658
1658
1658
1658
1658
1658
1658
1.000000461
1
1
1
1
1
1
1
1
1
1
1
1
1
1658
1658
1658
1658
1658
1658
1658
1658
1658
1658
1658
1658
1658
1658
1658
1658
1658
1658
1658
1658
1658
1658
1658
1658
1658
1658
1.000000462
1
1
1
1
1
1
1
1
1
1
1
1
1
65.82069535
1658
1658
1658
1658
1658
1658
1658
1658
1658
1658
1658
1658
1658
1658
1658
1658
1658
1658
1658
1658
1658
1658
1658
1658
1658
1.000000462
1
1
1
1
1
1
1
)
;

boundaryField
{
    lowerWall
    {
        type            calculated;
        value           uniform 1;
    }
    atmosphere
    {
        type            calculated;
        value           nonuniform List<scalar> 
80
(
1
1
1
1
1
1
1
1.000000106
1.000000133
1.000000083
1.00000005
1.000000004
1.000000003
1.000000001
1.000000001
1.000000008
1
1.000001269
1.000002468
1
1
1
1
1
1
1
1
1
1
1
1
1
1
1
1
1
1.000000112
1.000000586
1.000000594
1
1.000000023
1
1
1
1
1
1
1
1
1
1
1
1
1
1
1
1.000000159
1.000000266
1.000000472
1.000000672
1.000000813
1.000000868
1.000000875
1.000001138
1.000001863
1.000001828
1.00000082
1.000000161
1.000000015
1.000000001
1
1
1
1
1
1
1
1
1
1
)
;
    }
    rightWall
    {
        type            empty;
    }
    leftWall
    {
        type            empty;
    }
    frontAndBack
    {
        type            calculated;
        value           nonuniform List<scalar> 
80
(
1
1
310.5399332
1.000000262
1.000000457
1.000000792
424.4270074
1658
1657.999415
1658
1658
1658
1658
1658
1658
1658
1658
1658
1658
1658
1658
1658
1658
1658
1658
1658
1658
1658
1658
1658
1658
1658
1.000000496
1
1
1
1
1
1
1
1
1
1
1
1
1
65.82069535
799.9681444
1657.933851
1658
1658
1658
1658
1658
1658
1658
1658
1658
1658
1658
1658
1658
1658
1658
1658
1658
1658
1658
1658
1658
1658
1658
1.000000462
1
1
1
1
1
1
1
)
;
    }
}


// ************************************************************************* //
