/*--------------------------------*- C++ -*----------------------------------*\
| =========                 |                                                 |
| \\      /  F ield         | OpenFOAM: The Open Source CFD Toolbox           |
|  \\    /   O peration     | Version:  2506                                  |
|   \\  /    A nd           | Website:  www.openfoam.com                      |
|    \\/     M anipulation  |                                                 |
\*---------------------------------------------------------------------------*/
FoamFile
{
    version     2.0;
    format      ascii;
    arch        "LSB;label=32;scalar=64";
    class       volScalarField;
    location    "0.006";
    object      cp;
}
// * * * * * * * * * * * * * * * * * * * * * * * * * * * * * * * * * * * * * //

dimensions      [0 2 -2 -1 0 0 0];

internalField   nonuniform List<scalar> 
3200
(
520
520
553.6253398
520
520
520
567.5569801
700
699.9999364
700
700
700
700
700
700
700
700
700
700
700
700
700
700
700
700
700
700
700
700
700
700
700
520.0000001
520
520
520
520
520
520
520
520
520
520
520
520
520
555.3260531
699.9999999
699.9999096
700
700
700
700
700
700
700
700
700
700
700
700
700
700
700
700
700
700
700
700
700
700
700
520.0000001
520
520
520
520
520
520
520
520
520
520
520
520
520
608.8276219
674.9867395
699.9998742
700
700
700
700
700
700
700
700
700
700
700
700
700
700
700
700
700
700
700
700
700
700
700
520.0000001
520
520
520
520
520
520
520
520
520
520
520
520
520
593.9538122
584.0872263
699.9998589
700
700
700
700
700
700
700
700
700
700
700
700
700
700
700
700
700
700
700
700
700
700
700
520.0000001
520
520
520
520
520
520
520
520
520
520
520
520
520
662.5189786
659.0391778
699.9997309
700
700
700
700
700
700
700
700
700
700
700
700
700
700
700
700
700
700
700
700
700
700
700
520.0000001
520
520
520
520
520
520
520
520
520
520
520
520
520
590.2225574
608.8130933
699.9993224
700
700
700
700
700
700
700
700
700
700
700
700
700
700
700
700
700
700
700
700
700
700
700
520.0000001
520
520
520
520
520
520
520
520
520
520
520
520
520
520
573.010359
699.9994994
700
700
700
700
700
700
700
700
700
700
700
700
700
700
700
700
700
700
700
700
700
700
700
520.0000001
520
520
520
520
520
520
520
520
520
520
520
520
520
520
593.9300729
699.9999986
700
700
700
700
700
700
700
700
700
700
700
700
700
700
700
700
700
700
700
700
700
700
700
520.0000001
520
520
520
520
520
520
520
520
520
520
520
520
520
520.0000001
520.0000004
667.1168297
699.9999998
700
700
700
700
700
700
700
700
700
700
700
700
700
700
700
700
700
700
700
700
700
700
520.0000001
520
520
520
520
520
520
520
520
520
520
520
520
520
520.0000001
520
541.1406107
692.9138734
700
700
700
700
700
700
700
700
700
700
700
700
700
700
700
700
700
700
700
700
700
700
520.0000001
520
520
520
520
520
520
520
520
520
520
520
520
520
520.0000001
520
520
565.1914384
699.9999995
700
700
700
700
700
700
700
700
700
700
700
700
700
700
700
700
700
700
700
700
700
520.0000001
520
520
520
520
520
520
520
520
520
520
520
520
520
520.0000001
520.0000001
520
529.0842886
699.9999983
700
700
700
700
700
700
700
700
700
700
700
700
700
700
700
700
700
700
700
700
700
520.0000001
520
520
520
520
520
520
520
520
520
520
520
520
520
520.0000001
520
531.4791877
571.5264712
699.9999997
700
700
700
700
700
700
700
700
700
700
700
700
700
700
700
700
700
700
700
700
700
520.0000001
520
520
520
520
520
520
520
520
520
520
520
520
520
520.0000001
534.6307265
622.4865741
620.1551734
700
700
700
700
700
700
700
700
700
700
700
700
700
700
700
700
700
700
700
700
700
700
520.0000001
520
520
520
520
520
520
520
520
520
520
520
520
520.0000001
520.0000002
624.9418221
700
699.9999998
699.9999998
700
700
700
700
700
700
700
700
700
700
700
700
700
700
700
700
700
700
700
700
700
520.0000001
520
520
520
520
520
520
520
520
520
520
520
520
520
520
636.1109258
698.1185737
699.9999999
699.9999995
700
700
700
700
700
700
700
700
700
700
700
700
700
700
700
700
700
700
700
700
700
520.0000001
520
520
520
520
520
520
520
520
520
520
520
520
520
520
520
589.6939387
699.9999998
699.9999986
700
700
700
700
700
700
700
700
700
700
700
700
700
700
700
700
700
700
700
700
700
520.0000001
520
520
520
520
520
520
520
520
520
520
520
520
520
520
520
520.3770976
662.4212162
699.999996
700
700
700
700
700
700
700
700
700
700
700
700
700
700
700
700
700
700
700
700
700
520.0000001
520
520
520
520
520
520
520
520
520
520
520
520.0000001
520.0000001
520
520
520
591.7898426
699.9999917
700
700
700
700
700
700
700
700
700
700
700
700
700
700
700
700
700
700
700
700
700
520.0000001
520
520
520
520
520
520
520
520
520
520
520.0000001
520.0000001
520.0000001
520.0000001
520
520
572.8711208
699.9997211
700
700
700
700
700
700
700
700
700
700
700
700
700
700
700
700
700
700
700
700
700
520.0000001
520
520
520
520
520
520
520
520
520.0000001
520.0000001
520.0000001
520.0000001
520.0000001
520.0000001
520
520
570.2423479
699.9999897
700
700
700
700
700
700
700
700
700
700
700
700
700
700
700
700
700
700
700
700
700
520.0000001
520
520
520
520
520
520
520
520.0000001
520.0000001
520.0000001
520.0000001
520.0000001
527.1722488
520
520
520
568.6125372
699.9999978
700
700
700
700
700
700
700
700
700
700
700
700
700
700
700
700
700
700
700
700
700
520.0000001
520
520
520
520
520
520
520
520.0000001
520.0000001
520.0000001
520.0000001
520.0000001
520
520
520
520
570.3477852
699.9999754
700
700
700
700
700
700
700
700
700
700
700
700
700
700
700
700
700
700
700
700
700
520.0000001
520
520
520
520
520
520
520
520
520
520.0000001
520.0000001
520.0000001
520
520
520
520
583.7097387
699.9999995
700
700
700
700
700
700
700
700
700
700
700
700
700
700
700
700
700
700
700
700
700
520.0000001
520
520
520
520
520
520
520
520
520
520
520
520
520
520
520
520
612.1509896
700
700
700
700
700
700
700
700
700
700
700
700
700
700
700
700
700
700
700
700
700
700
520.0000001
520
520
520
520
520
520
520
520
520
520
520
520
520
520
520
520
629.243268
699.9999999
700
700
700
700
700
700
700
700
700
700
700
700
700
700
700
700
700
700
700
700
700
520.0000001
520
520
520
520
520
520
520
520
520
520
520
520
520
520
520
520
648.7873203
699.9999998
700
700
700
700
700
700
700
700
700
700
700
700
700
700
700
700
700
700
700
700
700
520.0000001
520
520
520
520
520
520
520
520
520
520
520
520
520
520
520
559.3802314
695.8835861
699.9999999
700
700
700
700
700
700
700
700
700
700
700
700
700
700
700
700
700
700
700
700
700
520.0000001
520
520
520
520
520
520
520
520
520
520
520
520
520
520
538.8515108
688.9725158
699.9549679
700
700
700
700
700
700
700
700
700
700
700
700
700
700
700
700
700
700
700
700
700
700
520.0000001
520
520
520
520
520
520
520
520
520
520
520
520
520
520
638.7878422
648.6415902
700
700
700
700
700
700
700
700
700
700
700
700
700
700
700
700
700
700
700
700
700
700
700
520.0000001
520
520
520
520
520
520
520
520
520
520
520
520
520
520
520
520.0244159
642.8403731
699.9999998
700
700
700
700
700
700
700
700
700
700
700
700
700
700
700
700
700
700
700
700
700
520.0000001
520
520
520
520
520
520
520
520
520
520
520
520
520
520
520
520
566.8591557
699.9999997
700
700
700
700
700
700
700
700
700
700
700
700
700
700
700
700
700
700
700
700
700
520.0000001
520
520
520
520
520
520
520
520
520
520
520
520
520
520
520
520
563.1238036
699.9999997
700
700
700
700
700
700
700
700
700
700
700
700
700
700
700
700
700
700
700
700
700
520.0000001
520
520
520
520
520
520
520
520
520
520
520
520
520
520
520
520.0000001
565.0008723
699.9999999
700
700
700
700
700
700
700
700
700
700
700
700
700
700
700
700
700
700
700
700
700
520.0000001
520
520
520
520
520
520
520
520
520
520
520
520
520
520
520
520
565.7122016
699.9999998
700
700
700
700
700
700
700
700
700
700
700
700
700
700
700
700
700
700
700
700
700
520.0000001
520
520
520
520
520
520
520
520
520
520
520
520
520
520
520
520
573.8293229
699.9999998
700
700
700
700
700
700
700
700
700
700
700
700
700
700
700
700
700
700
700
700
700
520.0000001
520
520
520
520
520
520
520
520
520
520
520
520
520
520
520
520
558.4999731
699.9999995
700
700
700
700
700
700
700
700
700
700
700
700
700
700
700
700
700
700
700
700
700
520.0000001
520
520
520
520
520
520
520
520
520
520
520
520
520
520
520
520
570.329562
699.9999996
700
700
700
700
700
700
700
700
700
700
700
700
700
700
700
700
700
700
700
700
700
520.0000001
520
520
520
520
520
520
520
520
520
520
520
520
533.6125571
520
520.0379611
575.0482779
681.1127565
700
700
700
700
700
700
700
700
700
700
700
700
700
700
700
700
700
700
700
700
700
700
520.0000001
520
520
520
520
520
520
520
520
520
520
520
520
670.1198993
695.1053967
681.8931389
699.9999995
700
699.9999995
700
700
700
700
700
700
700
700
700
700
700
700
700
700
700
700
700
700
700
700
700
520.0000001
520
520
520
520
520
520
520
520
520
520
520
520
532.9544526
654.0592086
699.9999997
700
699.9999995
700
700
700
700
700
700
700
700
700
700
700
700
700
700
700
700
700
700
700
700
700
700
520.0000001
520
520
520
520
520
520
520
520
520
520.0000001
520
520
520
534.2512158
692.6645039
699.9999069
700
700
700
700
700
700
700
700
700
700
700
700
700
700
700
700
700
700
700
700
700
700
700
520.0000001
520
520
520
520
520
520
520
520
520
520.0000001
520.0000001
520
520.0000001
520.0000001
641.1235555
699.999887
700
700
700
700
700
700
700
700
700
700
700
700
700
700
700
700
700
700
700
700
700
700
700
520.0000001
520
520
520
520
520
520
520
520
520
520.0000001
520.0000001
520.0000001
520.0000001
520
661.0734252
699.9999103
700
700
700
700
700
700
700
700
700
700
700
700
700
700
700
700
700
700
700
700
700
700
700
520.0000001
520
520
520
520
520
520
520
520
520
520.0000001
520.0000001
520.0000001
520.0000001
547.8404283
699.6378014
699.9998882
700
700
700
700
700
700
700
700
700
700
700
700
700
700
700
700
700
700
700
700
700
700
700
520.0000001
520
520
520
520
520
520
520
520
520.0000001
520.0000001
520.0000001
520.0000001
520
608.3875539
621.0472041
699.9998238
700
700
700
700
700
700
700
700
700
700
700
700
700
700
700
700
700
700
700
700
700
700
700
520.0000001
520
520
520
520
520
520
520
520
520.0000001
520.0000001
520.0000001
520.0000001
546.5920776
630.0304311
529.6253994
699.9998001
700
700
700
700
700
700
700
700
700
700
700
700
700
700
700
700
700
700
700
700
700
700
700
520.0000001
520
520
520
520
520
520
520
520.0000001
520.0000001
520.0000001
520
529.7832874
660.9907814
553.8141485
529.1956048
699.999755
700
700
700
700
700
700
700
700
700
700
700
700
700
700
700
700
700
700
700
700
700
700
700
520.0000001
520
520
520
520
520
520
520
520.0000001
520
520.0000001
520
640.8526898
699.9999996
692.4236647
641.303635
699.9998515
700
700
700
700
700
700
700
700
700
700
700
700
700
700
700
700
700
700
700
700
700
700
700
520
520
520
520
520
520
520
520
520.0000004
520.0000009
520.0000007
520
558.9609661
636.0244078
656.4958445
700
699.9996648
700
700
700
700
700
700
700
700
700
700
700
700
700
700
700
700
700
700
700
700
700
700
700
520
520
520
520
520
520
520
520
520.8695817
558.1089812
520.7643851
520.0021464
520
520
522.3654566
679.0656285
699.9997678
700
700
700
700
700
700
700
700
700
700
700
700
700
700
700
700
700
700
700
700
700
700
700
520
520
520
520
520
520
520
520
664.420732
634.0106627
550.5828507
538.3663625
520.0247457
520
520
620.121181
699.9992257
700
700
700
700
700
700
700
700
700
700
700
700
700
700
700
700
700
700
700
700
700
700
700
520
520
520
520
520
520
520
520
542.7759452
531.5803626
526.4738457
520.1286894
520
520
520
598.9235869
699.9999925
700
700
700
700
700
700
700
700
700
700
700
700
700
700
700
700
700
700
700
700
700
700
700
520
520
520
520
520
520
520
520
520
520
520
520
520.0000001
520.0000001
520
576.1353187
699.9999903
700
700
700
700
700
700
700
700
700
700
700
700
700
700
700
700
700
700
700
700
700
700
700
520
520
520
520
520
520
520
520
520
520
520
520
520.0000001
520.0000001
520
601.5468761
700
700
700
700
700
700
700
700
700
700
700
700
700
700
700
700
700
700
700
700
700
700
700
700
520
520
520
520
520
520
520
520
520
520
520
520
520.0000001
520
520
560.6062579
700
699.9999999
700
700
700
700
700
700
700
700
700
700
700
700
700
700
700
700
700
700
700
700
700
700
520
520
520
520
520
520
520
520
520
520
520
520
520.0000001
520
520
520.3614597
644.4646816
699.9999999
700
700
700
700
700
700
700
700
700
700
700
700
700
700
700
700
700
700
700
700
700
700
520
520
520
520
520
520
520
520
520
520
520
520
520.0000001
520
520
520
642.989806
699.9999999
700
700
700
700
700
700
700
700
700
700
700
700
700
700
700
700
700
700
700
700
700
700
520
520
520
520
520
520
520
520
520
520
520
520
520
520.0000001
520
520
689.5420204
699.9999999
700
700
700
700
700
700
700
700
700
700
700
700
700
700
700
700
700
700
700
700
700
700
520
520
520
520
520
520
520
520
520
520
520
520
520
520.0000001
520.0000001
520.0000001
656.2622672
699.9999999
700
700
700
700
700
700
700
700
700
700
700
700
700
700
700
700
700
700
700
700
700
700
520
520
520
520
520
520
520
520
520
520
520
520
520
520
520.0000001
520.0000005
585.5378583
699.9999975
700
700
700
700
700
700
700
700
700
700
700
700
700
700
700
700
700
700
700
700
700
700
520
520
520
520
520
520
520
520
520
520
520
520
520
520
520
520.0000002
554.0925346
699.9999992
700
700
700
700
700
700
700
700
700
700
700
700
700
700
700
700
700
700
700
700
700
700
520.0000001
520
520
520
520
520
520
520
520
520
520
520
520
520
520
520.0000001
541.9031122
699.9999957
700
700
700
700
700
700
700
700
700
700
700
700
700
700
700
700
700
700
700
700
700
700
520.0000001
520
520
520
520
520
520
520
520
520
520
520
520
520
520
520.0000001
541.8030955
699.999988
700
700
700
700
700
700
700
700
700
700
700
700
700
700
700
700
700
700
700
700
700
700
520.0000001
520
520
520
520
520
520
520
520
520
520
520
520
520
520
520.0000001
541.3766703
699.9999996
700
700
700
700
700
700
700
700
700
700
700
700
700
700
700
700
700
700
700
700
700
700
520.0000001
520
520
520
520
520
520
520
520
520
520
520
520
520
520
520
557.5588298
699.9999997
700
700
700
700
700
700
700
700
700
700
700
700
700
700
700
700
700
700
700
700
700
700
520.0000001
520
520
520
520
520
520
520
520
520
520
520
520
520
520
565.478623
676.1886473
699.9999999
700
700
700
700
700
700
700
700
700
700
700
700
700
700
700
700
700
700
700
700
700
700
520.0000001
520
520
520
520
520
520
520
520
520
520
520
520
520
520
628.6603648
635.2637413
700
700
700
700
700
700
700
700
700
700
700
700
700
700
700
700
700
700
700
700
700
700
700
520.0000001
520
520
520
520
520
520
520
520
520
520
520
520
520
520
594.7987432
580.3520911
699.9999998
700
700
700
700
700
700
700
700
700
700
700
700
700
700
700
700
700
700
700
700
700
700
520.0000001
520
520
520
520
520
520
520
520
520
520
520
520
520
520
529.6842341
678.6303407
700
700
700
700
700
700
700
700
700
700
700
700
700
700
700
700
700
700
700
700
700
700
700
520.0000001
520
520
520
520
520
520
520
520
520
520
520
520
520
520
547.1840554
700
699.9999999
700
700
700
700
700
700
700
700
700
700
700
700
700
700
700
700
700
700
700
700
700
700
520.0000001
520
520
520
520
520
520
520
520
520
520
520
520
520
520
570.2648704
594.4064585
699.9999999
700
700
700
700
700
700
700
700
700
700
700
700
700
700
700
700
700
700
700
700
700
700
520.0000001
520
520
520
520
520
520
520
520
520
520
520
520
520
520
540.5048253
597.3123118
699.9999994
700
700
700
700
700
700
700
700
700
700
700
700
700
700
700
700
700
700
700
700
700
700
520.0000001
520
520
520
520
520
520
520
520.0000001
520.0000001
520.0000001
520.0000001
520.0000001
520
520
593.4920042
672.3279506
699.9999995
700
700
700
700
700
700
700
700
700
700
700
700
700
700
700
700
700
700
700
700
700
700
520.0000001
520
520
520
520
520
520
520
520.0000001
520.0000001
520.0000001
520.0000001
520.0000001
520.0000001
520
615.4463424
687.5248273
699.9999997
700
700
700
700
700
700
700
700
700
700
700
700
700
700
700
700
700
700
700
700
700
700
520.0000001
520
520
520
520
520
520
520
520
520.0000001
520.0000001
520.0000001
520.0000001
520
520
593.1190726
699.9999989
699.9999998
700
700
700
700
700
700
700
700
700
700
700
700
700
700
700
700
700
700
700
700
700
700
520.0000001
520
520
520
520
520
520
520
520
520
520
520
520
520
520
576.0591804
700
700
700
700
700
700
700
700
700
700
700
700
700
700
700
700
700
700
700
700
700
700
700
700
520.0000001
520
520
520
520
520
520
520
520
520
520
520
520
520
520
594.6393398
699.9999998
700
700
700
700
700
700
700
700
700
700
700
700
700
700
700
700
700
700
700
700
700
700
700
520.0000001
520
520
520
520
520
520
520
520
520
520
520
520
520
526.7429885
686.7352792
699.9999999
699.9999998
700
700
700
700
700
700
700
700
700
700
700
700
700
700
700
700
700
700
700
700
700
700
520.0000001
520
520
520
520
520
520
520
520
520
520
520
520
520
530.2812831
606.791953
699.9928143
700
700
700
700
700
700
700
700
700
700
700
700
700
700
700
700
700
700
700
700
700
700
700
520.0000001
520
520
520
520
520
520
520
)
;

boundaryField
{
    lowerWall
    {
        type            calculated;
        value           uniform 0;
    }
    atmosphere
    {
        type            calculated;
        value           uniform 0;
    }
    rightWall
    {
        type            empty;
    }
    leftWall
    {
        type            empty;
    }
    frontAndBack
    {
        type            calculated;
        value           uniform 0;
    }
}


// ************************************************************************* //
