/*--------------------------------*- C++ -*----------------------------------*\
| =========                 |                                                 |
| \\      /  F ield         | OpenFOAM: The Open Source CFD Toolbox           |
|  \\    /   O peration     | Version:  2506                                  |
|   \\  /    A nd           | Website:  www.openfoam.com                      |
|    \\/     M anipulation  |                                                 |
\*---------------------------------------------------------------------------*/
FoamFile
{
    version     2.0;
    format      ascii;
    arch        "LSB;label=32;scalar=64";
    class       volScalarField;
    location    "0.006";
    object      kappa;
}
// * * * * * * * * * * * * * * * * * * * * * * * * * * * * * * * * * * * * * //

dimensions      [1 1 -3 -1 0 0 0];

internalField   nonuniform List<scalar> 
3200
(
0.4
0.4
4.995463111
0.4000000043
0.4000000028
0.4000000029
6.89945395
24.99999999
24.99999131
25
25
25
25
25
25
25
25
25
25
25
25
25
25
25
25
25
25
25
25
25
25
25
0.4000000082
0.4
0.4
0.4
0.4
0.4
0.4
0.4
0.4
0.4
0.4
0.4000000006
0.4000000006
0.4000000004
5.227893919
24.99999999
24.99998765
25
25
25
25
25
25
25
25
25
25
25
25
25
25
25
25
25
25
25
25
25
25
25
0.4000000083
0.4
0.4
0.4
0.4
0.4
0.4
0.4
0.4
0.4
0.4
0.4000000003
0.4000000003
0.4000000003
12.53977499
21.58152107
24.99998281
25
25
25
25
25
25
25
25
25
25
25
25
25
25
25
25
25
25
25
25
25
25
25
0.4000000083
0.4
0.4
0.4
0.4
0.4
0.4
0.4
0.4
0.4
0.4
0.4000000001
0.4000000002
0.4000000002
10.507021
9.158587591
24.99998072
25
25
25
25
25
25
25
25
25
25
25
25
25
25
25
25
25
25
25
25
25
25
25
0.4000000083
0.4
0.4
0.4
0.4
0.4
0.4
0.4
0.4
0.4
0.4
0.4000000001
0.4000000001
0.4000000001
19.87759375
19.40202097
24.99996322
25
25
25
25
25
25
25
25
25
25
25
25
25
25
25
25
25
25
25
25
25
25
25
0.4000000084
0.4
0.4
0.4
0.4
0.4
0.4
0.4
0.4
0.4
0.4
0.4
0.4000000001
0.4000000001
9.99708285
12.53778942
24.99990739
25
25
25
25
25
25
25
25
25
25
25
25
25
25
25
25
25
25
25
25
25
25
25
0.4000000085
0.4
0.4
0.4
0.4
0.4
0.4
0.4
0.4
0.4
0.4
0.4
0.4
0.4
0.4
7.644749065
24.99993158
25
25
25
25
25
25
25
25
25
25
25
25
25
25
25
25
25
25
25
25
25
25
25
0.4000000085
0.4
0.4
0.4
0.4
0.4
0.4
0.4
0.4
0.4
0.4
0.4000000001
0.4
0.4
0.4
10.50377663
24.99999981
25
25
25
25
25
25
25
25
25
25
25
25
25
25
25
25
25
25
25
25
25
25
25
0.4000000086
0.4
0.4
0.4
0.4
0.4
0.4
0.4
0.4
0.4
0.4
0.4000000003
0.4000000033
0.4000000043
0.4000000084
0.4000000604
20.50596673
24.99999997
25
25
25
25
25
25
25
25
25
25
25
25
25
25
25
25
25
25
25
25
25
25
0.4000000087
0.4
0.4
0.4
0.4
0.4
0.4
0.4
0.4
0.4
0.4000000001
0.4000000016
0.4000000045
0.4000000055
0.4000000088
0.4000000053
3.289216798
24.0315627
25
25
25
25
25
25
25
25
25
25
25
25
25
25
25
25
25
25
25
25
25
25
0.4000000088
0.4
0.4
0.4
0.4
0.4
0.4
0.4
0.4000000001
0.4000000002
0.4000000005
0.4000000019
0.4000000049
0.4000000059
0.4000000093
0.4000000063
0.4000000017
6.576163253
24.99999993
25
25
25
25
25
25
25
25
25
25
25
25
25
25
25
25
25
25
25
25
25
0.4000000089
0.4
0.4
0.4
0.4
0.4
0.4
0.4
0.4000000001
0.4000000004
0.4000000008
0.4000000014
0.4000000047
0.4000000063
0.4000000092
0.4000000083
0.4000000018
1.641519446
24.99999976
25
25
25
25
25
25
25
25
25
25
25
25
25
25
25
25
25
25
25
25
25
0.400000009
0.4
0.4
0.4
0.4
0.4
0.4
0.4
0.4000000001
0.4000000004
0.400000001
0.4000000013
0.4000000042
0.4000000064
0.4000000082
0.4000000068
1.968822315
7.44195107
24.99999995
25
25
25
25
25
25
25
25
25
25
25
25
25
25
25
25
25
25
25
25
25
0.4000000091
0.4
0.4
0.4
0.4
0.4
0.4
0.4
0.4000000002
0.4000000006
0.4000000012
0.4000000016
0.400000004
0.4000000063
0.4000000096
2.399532627
14.40649846
14.08787369
25
25
25
25
25
25
25
25
25
25
25
25
25
25
25
25
25
25
25
25
25
25
0.4000000092
0.4
0.4
0.4
0.4
0.4
0.4
0.4
0.4000000003
0.4000000008
0.4000000015
0.4000000024
0.4000000047
0.4000000079
0.4000000205
14.74204902
25
24.99999997
24.99999998
25
25
25
25
25
25
25
25
25
25
25
25
25
25
25
25
25
25
25
25
25
0.4000000093
0.4
0.4
0.4
0.4
0.4
0.4
0.4
0.4000000005
0.4000000013
0.400000002
0.4000000034
0.4000000054
0.4000000066
0.4000000023
16.26849319
24.74287174
24.99999998
24.99999993
25
25
25
25
25
25
25
25
25
25
25
25
25
25
25
25
25
25
25
25
25
0.4000000094
0.4
0.4
0.4
0.4
0.4
0.4
0.4
0.400000001
0.4000000021
0.4000000028
0.4000000043
0.4000000059
0.4000000063
0.4000000029
0.400000002
9.924838282
24.99999997
24.9999998
25
25
25
25
25
25
25
25
25
25
25
25
25
25
25
25
25
25
25
25
25
0.4000000094
0.4
0.4
0.4
0.4
0.4
0.4
0.4
0.400000002
0.4000000032
0.4000000039
0.4000000051
0.4000000063
0.4000000066
0.4000000039
0.4000000032
0.451536678
19.86423288
24.99999945
25
25
25
25
25
25
25
25
25
25
25
25
25
25
25
25
25
25
25
25
25
0.4000000095
0.4
0.4
0.4
0.4
0.4
0.4
0.4
0.4000000039
0.4000000045
0.400000005
0.400000006
0.4000000073
0.4000000086
0.4000000058
0.4000000042
0.4000000009
10.21127849
24.99999887
25
25
25
25
25
25
25
25
25
25
25
25
25
25
25
25
25
25
25
25
25
0.4000000096
0.4
0.4
0.4
0.4
0.4
0.4
0.4
0.4000000056
0.4000000057
0.4000000062
0.4000000074
0.4000000092
0.4000000139
0.4000000105
0.4000000051
0.4000000015
7.625719848
24.99996188
25
25
25
25
25
25
25
25
25
25
25
25
25
25
25
25
25
25
25
25
25
0.4000000096
0.4
0.4
0.4
0.4
0.4
0.4
0.4
0.4000000068
0.4000000069
0.4000000076
0.400000009
0.4000000117
0.400000019
0.4000000102
0.4000000046
0.4000000015
7.26645421
24.9999986
25
25
25
25
25
25
25
25
25
25
25
25
25
25
25
25
25
25
25
25
25
0.4000000097
0.4
0.4
0.4
0.4
0.4
0.4
0.4
0.4000000075
0.4000000078
0.4000000087
0.4000000101
0.4000000132
1.380207331
0.400000001
0.4000000015
0.4000000009
7.043713418
24.9999997
25
25
25
25
25
25
25
25
25
25
25
25
25
25
25
25
25
25
25
25
25
0.4000000097
0.4
0.4
0.4
0.4
0.4
0.4
0.4
0.4000000077
0.4000000078
0.4000000085
0.4000000099
0.4000000122
0.4000000062
0.4000000038
0.4000000019
0.4000000005
7.28086398
24.99999664
25
25
25
25
25
25
25
25
25
25
25
25
25
25
25
25
25
25
25
25
25
0.4000000097
0.4
0.4
0.4
0.4
0.4
0.4
0.4
0.4000000064
0.4000000067
0.4000000071
0.4000000085
0.4000000088
0.4000000038
0.4000000017
0.4000000006
0.4000000001
9.106997628
24.99999993
25
25
25
25
25
25
25
25
25
25
25
25
25
25
25
25
25
25
25
25
25
0.4000000098
0.4
0.4
0.4
0.4
0.4
0.4
0.4
0.4000000035
0.4000000043
0.4000000048
0.4000000058
0.4000000045
0.4000000016
0.4000000009
0.4000000002
0.4
12.99396858
25
25
25
25
25
25
25
25
25
25
25
25
25
25
25
25
25
25
25
25
25
25
0.4000000097
0.4
0.4
0.4
0.4
0.4
0.4
0.4
0.4000000011
0.4000000018
0.4000000023
0.4000000029
0.4000000021
0.4000000011
0.4000000007
0.4000000003
0.4
15.3299133
24.99999999
25
25
25
25
25
25
25
25
25
25
25
25
25
25
25
25
25
25
25
25
25
0.4000000097
0.4
0.4
0.4
0.4
0.4
0.4
0.4
0.4000000002
0.4000000005
0.4000000008
0.4000000011
0.400000001
0.4000000009
0.4000000007
0.4000000006
0.4
18.00093377
24.99999998
25
25
25
25
25
25
25
25
25
25
25
25
25
25
25
25
25
25
25
25
25
0.4000000097
0.4
0.4
0.4
0.4
0.4
0.4
0.4
0.4
0.4000000001
0.4000000002
0.4000000003
0.4000000004
0.4000000007
0.4000000006
0.4000000004
5.78196496
24.43742343
24.99999999
25
25
25
25
25
25
25
25
25
25
25
25
25
25
25
25
25
25
25
25
25
0.4000000096
0.4
0.4
0.4
0.4
0.4
0.4
0.4
0.4
0.4
0.4000000001
0.4000000001
0.4000000002
0.4000000005
0.4000000004
2.976373146
23.49291049
24.99384561
25
25
25
25
25
25
25
25
25
25
25
25
25
25
25
25
25
25
25
25
25
25
0.4000000096
0.4
0.4
0.4
0.4
0.4
0.4
0.4
0.4
0.4
0.4000000001
0.4000000003
0.4000000003
0.4000000002
0.4000000001
16.63433843
17.98101733
25
25
25
25
25
25
25
25
25
25
25
25
25
25
25
25
25
25
25
25
25
25
25
0.4000000095
0.4
0.4
0.4
0.4
0.4
0.4
0.4
0.4
0.4000000001
0.4000000003
0.4000000005
0.4000000006
0.4000000005
0.400000001
0.4000000022
0.4033368376
17.18818433
24.99999997
25
25
25
25
25
25
25
25
25
25
25
25
25
25
25
25
25
25
25
25
25
0.4000000094
0.4
0.4
0.4
0.4
0.4
0.4
0.4
0.4
0.4000000001
0.4000000004
0.4000000008
0.4000000008
0.4000000008
0.400000001
0.400000003
0.4000000052
6.804084619
24.99999996
25
25
25
25
25
25
25
25
25
25
25
25
25
25
25
25
25
25
25
25
25
0.4000000092
0.4
0.4
0.4
0.4
0.4
0.4
0.4
0.4
0.4000000001
0.4000000005
0.4000000012
0.4000000014
0.4000000014
0.400000002
0.400000004
0.400000006
6.293586493
24.99999996
25
25
25
25
25
25
25
25
25
25
25
25
25
25
25
25
25
25
25
25
25
0.4000000091
0.4
0.4
0.4
0.4
0.4
0.4
0.4
0.4
0.4000000001
0.4000000006
0.4000000015
0.4000000026
0.4000000031
0.4000000048
0.4000000064
0.4000000072
6.550119216
24.99999998
25
25
25
25
25
25
25
25
25
25
25
25
25
25
25
25
25
25
25
25
25
0.400000009
0.4
0.4
0.4
0.4
0.4
0.4
0.4
0.4
0.4000000001
0.4000000005
0.4000000014
0.4000000026
0.4000000038
0.4000000049
0.4000000059
0.4000000062
6.647334219
24.99999998
25
25
25
25
25
25
25
25
25
25
25
25
25
25
25
25
25
25
25
25
25
0.4000000088
0.4
0.4
0.4
0.4
0.4
0.4
0.4
0.4
0.4000000001
0.4000000003
0.4000000008
0.4000000014
0.4000000021
0.4000000027
0.400000003
0.4000000034
7.756674124
24.99999998
25
25
25
25
25
25
25
25
25
25
25
25
25
25
25
25
25
25
25
25
25
0.4000000087
0.4
0.4
0.4
0.4
0.4
0.4
0.4
0.4
0.4000000001
0.4000000005
0.4000000009
0.4000000012
0.4000000014
0.4000000018
0.4000000023
0.4000000029
5.661662991
24.99999993
25
25
25
25
25
25
25
25
25
25
25
25
25
25
25
25
25
25
25
25
25
0.4000000085
0.4
0.4
0.4
0.4
0.4
0.4
0.4
0.4
0.4000000003
0.4000000016
0.4000000017
0.4000000016
0.4000000024
0.4000000018
0.400000002
0.4000000022
7.278373474
24.99999994
25
25
25
25
25
25
25
25
25
25
25
25
25
25
25
25
25
25
25
25
25
0.4000000083
0.4
0.4
0.4
0.4
0.4
0.4
0.4
0.4000000002
0.4000000009
0.4000000032
0.4000000015
0.4000000003
2.260382798
0.4
0.4051880135
7.923264641
22.41874339
25
25
25
25
25
25
25
25
25
25
25
25
25
25
25
25
25
25
25
25
25
25
0.4000000082
0.4
0.4
0.4
0.4
0.4
0.4
0.4
0.4000000005
0.4000000013
0.4000000032
0.4000000025
0.4000000006
20.91638623
24.33107088
22.52539565
24.99999993
25
24.99999993
25
25
25
25
25
25
25
25
25
25
25
25
25
25
25
25
25
25
25
25
25
0.400000008
0.4
0.4
0.4
0.4
0.4
0.4
0.4
0.4000000018
0.400000005
0.4000000055
0.4000000043
0.400000002
2.170441853
18.72142518
24.99999996
25
24.99999993
25
25
25
25
25
25
25
25
25
25
25
25
25
25
25
25
25
25
25
25
25
25
0.4000000078
0.4
0.4
0.4
0.4
0.4
0.4
0.4
0.4000000005
0.4000000046
0.400000008
0.4000000061
0.4000000046
0.4000000059
2.34766616
23.9974822
24.99998728
25
25
25
25
25
25
25
25
25
25
25
25
25
25
25
25
25
25
25
25
25
25
25
0.4000000077
0.4
0.4
0.4
0.4
0.4
0.4
0.4
0.4000000005
0.4000000038
0.4000000101
0.4000000084
0.4000000068
0.4000000095
0.4000000085
16.95355259
24.99998455
25
25
25
25
25
25
25
25
25
25
25
25
25
25
25
25
25
25
25
25
25
25
25
0.4000000075
0.4
0.4
0.4
0.4
0.4
0.4
0.4
0.4000000004
0.4000000028
0.4000000077
0.40000001
0.4000000091
0.4000000117
0.4000000019
19.68003477
24.99998775
25
25
25
25
25
25
25
25
25
25
25
25
25
25
25
25
25
25
25
25
25
25
25
0.4000000074
0.4
0.4
0.4
0.4
0.4
0.4
0.4
0.4000000002
0.4000000014
0.4000000104
0.4000000145
0.4000000128
0.4000000118
4.204858541
24.95049952
24.99998472
25
25
25
25
25
25
25
25
25
25
25
25
25
25
25
25
25
25
25
25
25
25
25
0.4000000072
0.4
0.4
0.4
0.4
0.4
0.4
0.4
0.400000001
0.4000000093
0.4000000131
0.4000000131
0.4000000103
0.4000000023
12.47963237
14.20978456
24.99997591
25
25
25
25
25
25
25
25
25
25
25
25
25
25
25
25
25
25
25
25
25
25
25
0.4000000071
0.4
0.4
0.4
0.4
0.4
0.4
0.4
0.4000000048
0.4000000081
0.4000000084
0.4000000087
0.4000000084
4.034250611
15.43749225
1.715471257
24.99997268
25
25
25
25
25
25
25
25
25
25
25
25
25
25
25
25
25
25
25
25
25
25
25
0.400000007
0.4
0.4
0.4
0.4
0.4
0.4
0.4
0.4000000094
0.4000000111
0.4000000075
0.4000000026
1.737049283
19.66874012
5.021266966
1.656732657
24.99996652
25
25
25
25
25
25
25
25
25
25
25
25
25
25
25
25
25
25
25
25
25
25
25
0.4000000069
0.4
0.4
0.4
0.4
0.4
0.4
0.4
0.4000000071
0.4000000068
0.400000007
0.4
16.91653427
24.99999994
23.9645675
16.97816345
24.99997971
25
25
25
25
25
25
25
25
25
25
25
25
25
25
25
25
25
25
25
25
25
25
25
0.4000000068
0.4
0.4
0.4
0.4
0.4
0.4
0.4
0.4000000503
0.4000001297
0.4000000938
0.4
5.724665363
16.25666906
19.05443208
25
24.99995419
25
25
25
25
25
25
25
25
25
25
25
25
25
25
25
25
25
25
25
25
25
25
25
0.4000000067
0.4
0.4
0.4
0.4
0.4
0.4
0.4
0.5188428378
5.60822743
0.5044659665
0.4002933355
0.4000000016
0.4000000025
0.7232790729
22.13896923
24.99996826
25
25
25
25
25
25
25
25
25
25
25
25
25
25
25
25
25
25
25
25
25
25
25
0.4000000067
0.4
0.4
0.4
0.4
0.4
0.4
0.4
20.13750004
15.98145724
4.579656258
2.910069548
0.4033819061
0.4000000035
0.4000000021
14.08322806
24.99989418
25
25
25
25
25
25
25
25
25
25
25
25
25
25
25
25
25
25
25
25
25
25
25
0.4000000066
0.4
0.4
0.4
0.4
0.4
0.4
0.4
3.51271251
1.982649555
1.284758912
0.4175875526
0.4000000009
0.4000000044
0.4000000033
11.18622354
24.99999898
25
25
25
25
25
25
25
25
25
25
25
25
25
25
25
25
25
25
25
25
25
25
25
0.4000000066
0.4
0.4
0.4
0.4
0.4
0.4
0.4
0.4
0.4
0.4
0.4000000015
0.4000000077
0.4000000078
0.400000005
8.071826885
24.99999867
25
25
25
25
25
25
25
25
25
25
25
25
25
25
25
25
25
25
25
25
25
25
25
0.4000000066
0.4
0.4
0.4
0.4
0.4
0.4
0.4
0.4
0.4
0.4
0.4000000018
0.4000000088
0.4000000073
0.4000000021
11.54473973
25
25
25
25
25
25
25
25
25
25
25
25
25
25
25
25
25
25
25
25
25
25
25
25
0.4000000066
0.4
0.4
0.4
0.4
0.4
0.4
0.4
0.4
0.4
0.4
0.4000000029
0.4000000092
0.4000000057
0.4000000026
5.949521913
25
24.99999999
25
25
25
25
25
25
25
25
25
25
25
25
25
25
25
25
25
25
25
25
25
25
0.4000000066
0.4
0.4
0.4
0.4
0.4
0.4
0.4
0.4
0.4
0.4
0.4000000036
0.4000000086
0.4000000046
0.4000000012
0.449399487
17.41017315
24.99999999
25
25
25
25
25
25
25
25
25
25
25
25
25
25
25
25
25
25
25
25
25
25
0.4000000066
0.4
0.4
0.4
0.4
0.4
0.4
0.4
0.4
0.4
0.4
0.4000000015
0.4000000081
0.4000000061
0.4000000025
0.4000000002
17.20860682
24.99999999
25
25
25
25
25
25
25
25
25
25
25
25
25
25
25
25
25
25
25
25
25
25
0.4000000067
0.4
0.4
0.4
0.4
0.4
0.4
0.4
0.4
0.4
0.4
0.4000000005
0.4000000064
0.4000000085
0.4000000062
0.4000000021
23.57074279
24.99999999
25
25
25
25
25
25
25
25
25
25
25
25
25
25
25
25
25
25
25
25
25
25
0.4000000067
0.4
0.4
0.4
0.4
0.4
0.4
0.4
0.4
0.4
0.4
0.4000000003
0.4000000044
0.4000000069
0.4000000102
0.400000015
19.02250986
24.99999998
25
25
25
25
25
25
25
25
25
25
25
25
25
25
25
25
25
25
25
25
25
25
0.4000000067
0.4
0.4
0.4
0.4
0.4
0.4
0.4
0.4
0.4
0.4
0.4000000001
0.4000000023
0.4000000043
0.4000000116
0.4000000681
9.356840637
24.99999965
25
25
25
25
25
25
25
25
25
25
25
25
25
25
25
25
25
25
25
25
25
25
0.4000000068
0.4
0.4
0.4
0.4
0.4
0.4
0.4
0.4
0.4
0.4
0.4000000001
0.4000000009
0.4000000022
0.4000000042
0.4000000295
5.059313063
24.99999989
25
25
25
25
25
25
25
25
25
25
25
25
25
25
25
25
25
25
25
25
25
25
0.4000000069
0.4
0.4
0.4
0.4
0.4
0.4
0.4
0.4
0.4
0.4
0.4
0.4000000003
0.400000001
0.4000000028
0.4000000142
3.393425328
24.99999941
25
25
25
25
25
25
25
25
25
25
25
25
25
25
25
25
25
25
25
25
25
25
0.4000000069
0.4
0.4
0.4
0.4
0.4
0.4
0.4
0.4
0.4
0.4
0.4
0.4000000001
0.4000000005
0.400000002
0.4000000096
3.379756383
24.99999837
25
25
25
25
25
25
25
25
25
25
25
25
25
25
25
25
25
25
25
25
25
25
0.400000007
0.4
0.4
0.4
0.4
0.4
0.4
0.4
0.4
0.4
0.4
0.4000000001
0.4000000002
0.4000000004
0.4000000016
0.4000000072
3.321478277
24.99999995
25
25
25
25
25
25
25
25
25
25
25
25
25
25
25
25
25
25
25
25
25
25
0.4000000071
0.4
0.4
0.4
0.4
0.4
0.4
0.4
0.4
0.4
0.4
0.4000000001
0.4000000003
0.4000000007
0.4000000019
0.4000000057
5.533040078
24.99999996
25
25
25
25
25
25
25
25
25
25
25
25
25
25
25
25
25
25
25
25
25
25
0.4000000071
0.4
0.4
0.4
0.4
0.4
0.4
0.4
0.4
0.4
0.4000000001
0.4000000002
0.400000001
0.4000000014
0.4000000014
6.61541181
21.7457818
24.99999999
25
25
25
25
25
25
25
25
25
25
25
25
25
25
25
25
25
25
25
25
25
25
0.4000000072
0.4
0.4
0.4
0.4
0.4
0.4
0.4
0.4
0.4
0.4000000001
0.4000000002
0.4000000009
0.4000000018
0.400000002
15.25024986
16.15271131
25
25
25
25
25
25
25
25
25
25
25
25
25
25
25
25
25
25
25
25
25
25
25
0.4000000073
0.4
0.4
0.4
0.4
0.4
0.4
0.4
0.4
0.4000000001
0.4000000002
0.4000000003
0.4000000008
0.4000000017
0.4000000027
10.6224949
8.648119113
24.99999997
25
25
25
25
25
25
25
25
25
25
25
25
25
25
25
25
25
25
25
25
25
25
0.4000000074
0.4
0.4
0.4
0.4
0.4
0.4
0.4
0.4
0.4000000002
0.4000000004
0.4000000006
0.400000001
0.4000000017
0.4000000031
1.723511999
22.07947989
25
25
25
25
25
25
25
25
25
25
25
25
25
25
25
25
25
25
25
25
25
25
25
0.4000000074
0.4
0.4
0.4
0.4
0.4
0.4
0.4
0.4000000001
0.4000000006
0.4000000013
0.4000000015
0.4000000015
0.400000002
0.4000000034
4.115154244
25
24.99999998
25
25
25
25
25
25
25
25
25
25
25
25
25
25
25
25
25
25
25
25
25
25
0.4000000075
0.4
0.4
0.4
0.4
0.4
0.4
0.4
0.4000000005
0.4000000021
0.4000000024
0.4000000024
0.4000000022
0.4000000025
0.4000000038
7.269532293
10.56888266
24.99999999
25
25
25
25
25
25
25
25
25
25
25
25
25
25
25
25
25
25
25
25
25
25
0.4000000076
0.4
0.4
0.4
0.4
0.4
0.4
0.4
0.4000000027
0.400000005
0.4000000066
0.4000000066
0.4000000049
0.4000000037
0.4000000044
3.202326121
10.96601595
24.99999992
25
25
25
25
25
25
25
25
25
25
25
25
25
25
25
25
25
25
25
25
25
25
0.4000000076
0.4
0.4
0.4
0.4
0.4
0.4
0.4
0.4000000068
0.400000014
0.4000000196
0.4000000178
0.4000000116
0.4000000068
0.4000000042
10.44390725
21.21815325
24.99999993
25
25
25
25
25
25
25
25
25
25
25
25
25
25
25
25
25
25
25
25
25
25
0.4000000077
0.4
0.4
0.4
0.4
0.4
0.4
0.4
0.400000007
0.4000000125
0.4000000153
0.4000000148
0.4000000122
0.4000000082
0.4000000042
13.44433346
23.29505973
24.99999995
25
25
25
25
25
25
25
25
25
25
25
25
25
25
25
25
25
25
25
25
25
25
0.4000000077
0.4
0.4
0.4
0.4
0.4
0.4
0.4
0.4000000057
0.4000000091
0.4000000103
0.4000000098
0.4000000088
0.4000000062
0.4000000022
10.39293992
24.99999984
24.99999997
25
25
25
25
25
25
25
25
25
25
25
25
25
25
25
25
25
25
25
25
25
25
0.4000000078
0.4
0.4
0.4
0.4
0.4
0.4
0.4
0.4000000047
0.4000000064
0.4000000065
0.4000000059
0.4000000043
0.400000001
0.4000000002
8.06142132
25
25
25
25
25
25
25
25
25
25
25
25
25
25
25
25
25
25
25
25
25
25
25
25
0.4000000078
0.4
0.4
0.4
0.4
0.4
0.4
0.4
0.400000004
0.4000000047
0.4000000043
0.4000000037
0.4000000015
0.4000000002
0.4
10.60070977
24.99999997
25
25
25
25
25
25
25
25
25
25
25
25
25
25
25
25
25
25
25
25
25
25
25
0.4000000078
0.4
0.4
0.4
0.4
0.4
0.4
0.4
0.4000000033
0.4000000032
0.4000000024
0.4000000018
0.4000000003
0.4
1.321541757
23.18715483
24.99999998
24.99999997
25
25
25
25
25
25
25
25
25
25
25
25
25
25
25
25
25
25
25
25
25
25
0.4000000078
0.4
0.4
0.4
0.4
0.4
0.4
0.4
0.4000000019
0.4000000014
0.4000000007
0.4000000004
0.4
0.4
1.805108691
12.26156691
24.99901795
25
25
25
25
25
25
25
25
25
25
25
25
25
25
25
25
25
25
25
25
25
25
25
0.4000000078
0.4
0.4
0.4
0.4
0.4
0.4
0.4
)
;

boundaryField
{
    lowerWall
    {
        type            calculated;
        value           uniform 0;
    }
    atmosphere
    {
        type            calculated;
        value           uniform 0;
    }
    rightWall
    {
        type            empty;
    }
    leftWall
    {
        type            empty;
    }
    frontAndBack
    {
        type            calculated;
        value           uniform 0;
    }
}


// ************************************************************************* //
