/*--------------------------------*- C++ -*----------------------------------*\
| =========                 |                                                 |
| \\      /  F ield         | OpenFOAM: The Open Source CFD Toolbox           |
|  \\    /   O peration     | Version:  2506                                  |
|   \\  /    A nd           | Website:  www.openfoam.com                      |
|    \\/     M anipulation  |                                                 |
\*---------------------------------------------------------------------------*/
FoamFile
{
    version     2.0;
    format      ascii;
    arch        "LSB;label=32;scalar=64";
    class       volScalarField;
    location    "0.006";
    object      p;
}
// * * * * * * * * * * * * * * * * * * * * * * * * * * * * * * * * * * * * * //

dimensions      [1 -1 -2 0 0 0 0];

internalField   nonuniform List<scalar> 
3200
(
-2.120365094
1.457059546
1208.84205
-3.7325874
-3.149919086
-3.944793439
1218.432725
17589.63324
17580.83194
14675.53789
12805.10599
11485.55722
10485.77491
9682.989559
9005.351249
8407.558822
7859.651791
7341.331068
6838.763599
6342.604226
5846.679357
5347.070356
4841.46104
4328.670211
3808.316812
3280.580518
2746.031133
2205.507655
1660.033027
1110.753982
558.8978998
5.740412412
-0.07004522358
-0.07220184475
-0.07435846499
-0.07651508522
-0.07867170543
-0.08082832563
-0.08298494582
-0.08514156601
-1.671906792
0.124230627
-2.561050282
-4.644821813
-3.582760474
-3.792154418
566.2184007
17591.77487
15421.83735
13640.67096
12254.21838
11165.78254
10288.76653
9557.828207
8925.488394
8357.654096
7830.04408
7325.554631
6832.330959
6342.344238
5850.337032
5353.043023
4848.614205
4336.205133
3815.674323
3287.371378
2751.986136
2210.442393
1663.82339
1113.319507
560.1909746
5.740412412
-0.07004522358
-0.07220184475
-0.07435846499
-0.07651508522
-0.07867170543
-0.08082832563
-0.08298494582
-0.08514156601
-0.8607941793
-0.7343667029
-0.3518823946
-2.300155189
-2.646919841
-1.363965595
3570.282472
11666.55627
12873.69828
12211.084
11405.29861
10634.56708
9945.654547
9334.0378
8781.085298
8267.486674
7777.274281
7298.468263
6822.615009
6344.056903
5859.233117
5366.102599
4863.701509
4351.818831
3830.765151
3301.210276
2764.07
2220.427509
1671.479049
1118.496325
562.8000452
5.740412413
-0.07004522357
-0.07220184475
-0.07435846499
-0.07651508522
-0.07867170543
-0.08082832563
-0.08298494582
-0.08514156601
-0.8521679002
-0.8519295204
-0.299635523
-1.502703703
-2.957785221
-0.04145555952
2754.478595
7262.949798
10804.8977
10924.65962
10521.31151
10021.51462
9525.224445
9051.556699
8597.298029
8153.899266
7713.061393
7268.390067
6815.563527
6351.994981
5876.396516
5388.393913
4888.231914
4376.565974
3854.321818
3322.602735
2782.628667
2235.696128
1683.151831
1126.375292
566.7671019
5.740412413
-0.07004522356
-0.07220184475
-0.07435846499
-0.07651508522
-0.07867170543
-0.08082832563
-0.08298494582
-0.08514156601
-0.8554717365
-0.9150743169
-0.9295259505
-1.575833113
-3.015099224
-1.574819995
13111.5046
12520.30716
11206.03759
10161.33503
9733.759827
9404.937573
9082.149708
8749.640129
8402.620533
8037.717173
7652.645337
7246.428084
6819.213602
6371.922823
5905.925118
5422.806479
4924.228327
4411.854023
3887.318103
3352.218452
2808.118795
2256.554775
1699.040623
1137.075303
572.1476583
5.740412413
-0.07004522355
-0.07220184475
-0.07435846499
-0.07651508522
-0.07867170543
-0.08082832563
-0.08298494582
-0.08514156601
-1.310029202
-1.269770197
-2.708962365
-2.812153286
-17.83994232
-14.99219453
2157.715061
5060.490145
8354.064842
8780.871948
8847.441818
8782.308131
8648.774236
8462.20689
8225.796135
7941.669265
7613.337414
7245.422903
6842.897184
6410.514843
5952.533663
5472.639227
4973.9825
4459.266348
3930.842973
3390.802728
2841.046689
2283.342357
1719.364932
1150.727484
579.0029539
5.740412414
-0.07004522355
-0.07220184475
-0.07435846499
-0.07651508522
-0.07867170543
-0.08082832563
-0.08298494582
-0.08514156601
-0.9120640589
-1.206692405
-1.374462774
-2.600669156
-2.017640019
-7.034322665
7.37467642
310.0170088
6746.557588
7760.633405
8092.814102
8228.060915
8268.409681
8224.590319
8096.657214
7889.792155
7613.575224
7278.988051
6896.392863
6474.660539
6021.012249
5541.193445
5039.757027
4520.348425
3985.949703
3439.071557
2881.896495
2316.382053
1744.333799
1167.456665
587.391295
5.740412414
-0.07004522354
-0.07220184475
-0.07435846499
-0.07651508522
-0.07867170543
-0.08082832563
-0.08298494582
-0.08514156601
-0.7627915643
-1.200748475
-1.664426855
-4.253685703
-5.688013423
-19.40884727
7.162725968
1152.76961
7612.863054
7422.263346
7535.107572
7768.694354
7972.191289
8071.061424
8046.420431
7907.234087
7672.148627
7360.522134
6988.981597
6570.676374
6115.617051
5631.323517
5123.464115
4596.382946
4053.500796
3497.606006
2931.059164
2355.934376
1774.11581
1187.363675
597.3598459
5.740412415
-0.07004522353
-0.07220184475
-0.07435846499
-0.07651508522
-0.07867170543
-0.08082832563
-0.08298494582
-0.08514156601
-0.3232130305
-0.6256849972
-0.771854985
-2.683150413
-4.773058958
-8.682960936
-9.059698074
-53.62445242
5512.317274
6773.13412
6856.646902
7339.401079
7780.578566
8041.018202
8110.699004
8020.542946
7807.230415
7501.933273
7128.292265
6703.400926
6239.411565
5744.977238
5226.352918
4688.180465
4134.029217
3566.760898
2988.772814
2402.158709
1808.814989
1210.511297
608.9381756
5.740412416
-0.07004522352
-0.07220184475
-0.07435846499
-0.07651508522
-0.07867170543
-0.08082832563
-0.08298494582
-0.08514156601
0.08892728823
0.04186905816
0.6046924792
-0.3634137802
-1.08539568
-9.871030002
-14.73546204
-39.60735714
55.03069346
4708.967079
5778.623403
6951.669044
7769.682789
8201.707177
8334.780187
8256.97321
8034.263054
7711.651048
7318.810653
6875.178221
6393.606375
5882.778306
5348.74928
4795.918312
4227.63894
3646.603433
3055.084866
2455.090059
1848.456795
1236.916367
622.1346927
5.740412416
-0.07004522351
-0.07220184475
-0.07435846499
-0.07651508521
-0.07867170543
-0.08082832563
-0.08298494582
-0.08514156601
0.4619038233
0.7925595369
2.05675508
2.912895753
3.33696005
-12.4904619
-19.20000352
-27.92974084
6.258484757
3.401959743
4451.416024
6918.953189
8144.754597
8661.318958
8769.701164
8638.26714
8361.160892
7991.558122
7560.077566
7084.849244
6577.012321
6043.737083
5489.906304
4919.065401
4333.968392
3736.896268
3129.84479
2514.636353
1892.987391
1266.549741
636.9367408
5.740412417
-0.0700452235
-0.07220184475
-0.07435846499
-0.07651508521
-0.07867170543
-0.08082832563
-0.08298494582
-0.08514156601
0.7248868857
1.181810966
3.277182338
3.949672276
5.955356921
-6.117770182
-16.4483894
-15.04042049
8.461139139
-24.64127627
5292.794698
8128.021834
9229.046131
9529.086804
9444.398738
9165.193819
8780.517472
8333.302299
7845.047657
7327.082593
6785.810958
6225.207446
5648.031321
5056.428564
4452.235752
3837.134947
3212.732535
2580.598795
1942.287365
1299.34468
653.3145656
5.740412417
-0.07004522349
-0.07220184475
-0.07435846499
-0.07651508521
-0.07867170543
-0.08082832563
-0.08298494582
-0.08514156601
0.7385878958
1.448514024
4.033482204
3.655671678
6.36976462
4.783314268
2.740643516
-3.610593932
37.17416162
6382.369913
10047.61571
11071.29043
11114.31837
10781.56511
10313.58085
9797.556512
9262.375684
8716.044388
8159.682637
7592.575474
7013.895051
6423.205523
5820.539776
5206.34066
4581.37286
3946.640793
3303.321628
2652.713758
1996.198537
1335.212685
671.2286534
5.740412418
-0.07004522348
-0.07220184475
-0.07435846499
-0.07651508521
-0.07867170542
-0.08082832563
-0.08298494582
-0.08514156601
0.5340280536
1.616592301
4.057970958
3.693617299
6.186975673
10.95541575
15.13441444
133.3841742
6630.399568
16198.85803
17021.14249
14995.20519
13375.37485
12169.25156
11230.77048
10449.04086
9755.346172
9108.77395
8485.016395
7869.593672
7253.940833
6633.133788
6004.537193
5366.979037
4720.234704
4064.69809
3401.168416
2730.710081
2054.559708
1374.064205
690.6392168
5.740412419
-0.07004522347
-0.07220184475
-0.07435846499
-0.07651508521
-0.07867170542
-0.08082832562
-0.08298494582
-0.08514156601
0.1655936243
1.587887055
3.866591132
3.839831884
5.76698719
12.67678002
10.53499911
7406.562617
24906.80658
24962.92327
25005.35937
18512.98141
15222.70544
13289.26849
11991.17624
11012.45522
10201.15475
9478.644543
8801.96772
8146.793146
7499.092321
6850.804347
6197.450514
5536.759895
4867.847893
4190.711373
3505.911576
2814.371508
2117.24484
1415.830423
711.5160574
5.740412419
-0.07004522346
-0.07220184475
-0.07435846499
-0.07651508521
-0.07867170542
-0.08082832562
-0.08298494582
-0.08514156601
-0.4218258102
1.157477912
3.304990631
3.53516821
4.232204715
6.82872852
2.045282564
9481.205542
23119.70268
25108.56587
24425.33672
18828.66483
15713.18136
13773.91456
12432.17966
11408.4135
10558.13219
9802.636147
9097.368261
8416.46909
7744.781234
7073.492177
6397.653743
5714.717283
5023.6434
4324.349446
3617.361358
2903.591557
2184.195997
1460.481727
733.846819
5.74041242
-0.07004522345
-0.07220184475
-0.07435846499
-0.07651508521
-0.07867170542
-0.08082832562
-0.08298494582
-0.08514156601
-1.384590602
0.05159605456
1.817235731
2.301199609
1.647636963
0.6803807708
-0.9462015221
6.916283436
2541.824838
21897.22302
18078.61835
16663.06524
15027.42607
13661.00414
12555.18381
11630.85066
10820.28225
10076.3529
9368.350706
8676.882923
7990.0202
7300.679198
6604.906745
5900.766146
5187.615722
4465.64199
3735.558001
2998.408422
2255.44363
1508.038735
757.6417987
5.74041242
-0.07004522344
-0.07220184475
-0.07435846499
-0.07651508521
-0.07867170542
-0.08082832562
-0.08298494582
-0.085141566
-3.012974068
-1.686130458
-0.470146795
0.4753955021
0.07269356626
-0.4995440818
1.874403166
5.501339277
10.39250596
11074.64242
14978.6996
14717.43882
14072.4439
13287.46825
12496.67024
11739.48605
11015.75018
10314.09487
9622.748561
8932.639814
8237.684598
7534.245436
6820.477764
6095.777433
5360.36693
4615.004037
3860.784359
3099.010762
2331.108721
1558.572788
782.9339443
5.740412421
-0.07004522343
-0.07220184475
-0.07435846498
-0.07651508521
-0.07867170542
-0.08082832562
-0.08298494581
-0.085141566
-4.75957114
-2.988251085
-2.064520864
-0.2664790854
-0.07803753057
-0.6515982501
-2.268553481
1.887266311
3.223359502
2589.565402
11919.6141
13154.82816
13257.42716
12919.73087
12404.51184
11814.63545
11189.09391
10541.47951
9875.858007
9193.190346
8493.778391
7778.085613
7046.928886
6301.449379
5543.024399
4773.180724
3993.527645
3205.711033
2411.384667
1612.194656
809.7734319
5.740412422
-0.07004522342
-0.07220184475
-0.07435846498
-0.07651508521
-0.07867170542
-0.08082832562
-0.08298494581
-0.085141566
-4.738897973
-2.775535139
-1.341784916
0.5781310026
0.6969897798
0.6461868271
1.000146133
2.04610945
3.42956846
1510.71241
12061.63767
12724.62206
12882.68994
12729.49223
12386.97948
11925.4122
11384.46694
10786.82272
10145.96259
9470.432024
8766.097493
8037.333432
7287.648038
6520.015044
5737.052394
4941.122955
4134.396146
3318.889647
2496.500737
1669.032414
838.2172245
5.740412422
-0.07004522341
-0.07220184474
-0.07435846498
-0.07651508521
-0.07867170542
-0.08082832562
-0.08298494581
-0.085141566
-2.222951867
-0.5458410715
1.108725139
2.010799475
1.601280722
1.700787154
1.959827914
2.882234118
3.775610537
1432.420916
12917.22435
12800.25731
12819.20236
12728.54449
12488.4703
12115.52944
11636.49612
11075.33378
10450.68709
9776.425075
9062.79084
8317.445921
7546.259067
6753.85719
5943.997413
5119.817184
4284.004779
3438.918387
2586.672155
1729.201371
868.3149207
5.740412423
-0.0700452234
-0.07220184474
-0.07435846498
-0.0765150852
-0.07867170541
-0.08082832561
-0.08298494581
-0.085141566
0.6336219114
2.087848579
3.289121316
2.960506691
1.395938202
84.92730622
3.882610996
4.247758505
4.414922055
1344.650354
12726.77884
12741.20178
12865.30157
12876.98881
12722.79633
12411.70195
11970.61225
11427.2815
10804.97688
10121.73824
9391.139933
8623.343792
7826.029122
7005.103345
6165.212117
5310.097177
4442.846961
3566.074042
2682.043621
1792.769998
900.0927174
5.740412423
-0.0700452234
-0.07220184474
-0.07435846498
-0.0765150852
-0.07867170541
-0.08082832561
-0.08298494581
-0.085141566
2.518477434
3.497309435
4.336558599
3.873341464
3.019570319
3.311368748
4.844431315
5.462531186
4.797543538
1408.431202
11811.32536
12573.8079
13023.79676
13191.28804
13113.99194
12837.8321
12406.92679
11858.15454
11220.14958
10514.35785
9756.631058
8958.703013
8129.353652
7275.26024
6401.598835
5512.465205
4611.170819
3700.45391
2782.633539
1859.726074
933.5374389
5.740412423
-0.07004522339
-0.07220184474
-0.07435846498
-0.0765150852
-0.07867170541
-0.08082832561
-0.0829849458
-0.08514156599
2.815266754
3.657938758
4.469285054
4.127183421
4.251501609
4.222073541
5.635549465
6.54730551
6.155048709
2257.851347
11313.34037
12719.90331
13464.7718
13750.34881
13704.01658
13418.66854
12961.06307
12378.21052
11703.057
10958.85809
10162.26653
9325.425574
8457.364847
7564.929521
6653.405139
5726.945997
4788.87575
3841.903794
2888.285758
1929.947065
968.5824626
5.740412424
-0.07004522339
-0.07220184474
-0.07435846497
-0.0765150852
-0.07867170541
-0.08082832561
-0.0829849458
-0.08514156599
2.159338377
3.041277117
3.817553899
3.546119456
3.74596387
3.624597453
3.94590038
4.665269654
7.224744364
4810.853126
12061.46275
13526.73597
14365.01909
14641.29217
14533.01942
14171.72388
13640.40018
12990.51719
12254.95775
11455.69637
10608.09428
9723.309688
8809.692819
7873.631516
6920.092731
5952.989266
4975.440646
3989.966308
2998.633949
2003.177829
1005.096989
5.740412424
-0.07004522339
-0.07220184473
-0.07435846497
-0.07651508519
-0.0786717054
-0.0808283256
-0.0829849458
-0.08514156599
1.420363728
2.194585142
2.726104694
2.510571256
2.360478115
1.865131756
0.1968973379
0.5247258426
5.664630667
6550.931202
12409.43779
14958.26164
15827.25562
15916.75662
15615.0086
15094.76905
14438.25116
13688.44996
12870.50735
12000.81949
11091.04653
10149.96734
9184.406856
8199.753937
7200.290796
6189.428543
5169.889331
4143.853462
3113.081408
2079.017388
1042.879512
5.740412424
-0.07004522339
-0.07220184473
-0.07435846497
-0.07651508519
-0.0786717054
-0.0808283256
-0.08298494579
-0.08514156598
0.8787143724
1.435774177
1.63187138
1.278285411
0.7089758001
-0.2629317862
1.1826203
0.3678800573
19.47345949
10519.63633
16434.68607
18069.47941
18068.9656
17583.442
16915.45474
16154.05025
15329.33765
14454.47307
13537.74823
12585.97092
11605.24626
10601.04689
9578.154235
8540.628748
7491.833101
6434.495228
5370.792623
4302.443512
3230.796524
2156.915092
1081.655689
5.740412424
-0.07004522339
-0.07220184473
-0.07435846496
-0.07651508519
-0.0786717054
-0.0808283256
-0.08298494579
-0.08514156598
0.5605292743
1.060048695
1.310674776
0.847634399
0.1885985393
-3.282025761
-2.091380429
-12.43856576
1271.090572
16878.22772
27032.57694
22816.78891
20795.66121
19432.5522
18309.28029
17276.59653
16270.5282
15262.30499
14239.98689
13200.01223
12142.86133
11070.75952
9986.474353
8892.714929
7791.86206
6685.876709
5576.30022
4464.298129
3350.721817
2236.175129
1121.080202
5.740412424
-0.07004522339
-0.07220184472
-0.07435846496
-0.07651508518
-0.07867170539
-0.08082832559
-0.08298494579
-0.08514156598
0.3038946153
0.3812342302
0.1566474834
-1.164835306
-2.478668219
-4.24382507
3.463452318
317.4181869
26997.60292
26797.54739
28367.53454
25369.75636
22864.30466
21041.79498
19612.47986
18372.48327
17213.82492
16084.17923
14959.8264
13831.17164
12695.3673
11552.5943
10404.20739
9251.834636
8096.967147
6940.798928
5784.19091
4627.69338
3471.592954
2315.967545
1160.741831
5.740412424
-0.07004522339
-0.07220184472
-0.07435846496
-0.07651508518
-0.07867170539
-0.08082832559
-0.08298494578
-0.08514156597
0.4480247176
1.032121903
1.571922734
2.191425532
-4.913696826
-16.11537859
-18.36308424
14679.46465
17095.75476
37733.66559
34163.14971
27430.41555
24249.98522
22257.81377
20726.32306
19386.98771
18128.05982
16900.70723
15683.91153
14469.42237
13254.78166
12039.98108
10825.86395
9613.388269
8403.316032
7196.110142
5991.928163
4790.657355
3591.963875
2395.34378
1200.170897
5.740412424
-0.0700452234
-0.07220184472
-0.07435846495
-0.07651508517
-0.07867170539
-0.08082832559
-0.08298494578
-0.08514156597
0.3652436494
0.7114709637
0.7176330366
0.3542356564
-2.651829689
-13.45926833
-15.00965835
17.31833025
2.139035205
16463.4997
27086.42115
25938.47804
24447.39413
23013.12269
21647.97344
20321.04077
19010.67012
17706.62465
16405.63388
15107.76671
13814.29585
12526.62234
11245.81642
9972.477518
8706.741697
7448.346652
6196.710976
4951.009094
3710.235215
2473.255305
1238.848499
5.740412423
-0.07004522341
-0.07220184471
-0.07435846495
-0.07651508517
-0.07867170538
-0.08082832558
-0.08298494577
-0.08514156596
0.3469981905
0.819669967
1.154649935
0.885879828
-0.9076975114
-7.515106374
-8.034728597
12.62023852
14.87161281
2773.959243
23132.84692
24789.23057
24587.97062
23699.28037
22531.37016
21238.4879
19886.90585
18509.43357
17124.17654
15741.65698
14367.95267
13006.33394
11658.23945
10323.90332
9002.770534
7693.773641
6395.516796
5106.397314
3824.685301
2548.575024
1276.217406
5.740412423
-0.07004522341
-0.07220184471
-0.07435846494
-0.07651508517
-0.07867170538
-0.08082832558
-0.08298494577
-0.08514156596
0.251857327
0.8566370275
1.387628247
1.740965912
2.012099128
0.8772160309
2.967222244
9.430822708
13.34484208
2638.694974
24463.73059
25498.02015
25415.95692
24664.629
23539.70156
22214.59029
20788.98195
19319.97281
17839.92506
16366.67364
14909.46324
13472.45875
12056.84169
10662.06613
9286.608536
7928.411462
6585.142507
5254.342234
3933.505446
2620.122256
1311.694918
5.740412422
-0.07004522342
-0.0722018447
-0.07435846494
-0.07651508516
-0.07867170537
-0.08082832557
-0.08298494577
-0.08514156595
0.08014653551
0.7119042103
1.334138452
2.047716802
3.045681147
4.037250867
6.346071415
10.77656186
13.81291037
3100.409666
27233.35518
27325.32447
26913.18807
26003.5478
24748.17814
23291.1438
21734.40758
20141.49498
18548.81938
16975.58966
15430.70603
13917.13262
12434.53955
10980.8515
9553.131821
8148.07291
6762.257304
5392.287737
4034.843133
2686.692964
1344.688334
5.740412422
-0.07004522343
-0.0722018447
-0.07435846493
-0.07651508516
-0.07867170537
-0.08082832557
-0.08298494576
-0.08514156595
-0.119781705
0.3974660537
0.931569983
1.622456104
2.586423212
4.250781554
7.54160928
12.02220695
14.6747382
3439.973891
29979.90881
29659.09424
28907.90317
27688.16678
26158.27955
24467.35273
22715.95658
20962.72251
19238.20849
17556.09915
15920.57635
14330.76233
12783.2693
11273.60896
9796.940349
8348.44315
6923.484058
5517.672237
4126.857086
2747.096942
1374.613607
5.740412421
-0.07004522344
-0.07220184469
-0.07435846493
-0.07651508515
-0.07867170536
-0.08082832556
-0.08298494575
-0.08514156594
-0.3001563873
-0.01001012656
0.3268621079
0.8939611904
1.788818825
3.943999252
8.453456865
14.09790283
15.39058846
4932.17864
32255.23724
32425.22711
31371.14327
29682.90902
27729.38069
25703.98501
23699.28992
21755.17098
19885.1322
18089.96113
16364.67599
14702.00798
13094.1038
11533.31537
10012.5235
8525.227315
7065.521406
5628.023781
4207.786405
2800.202668
1400.91735
5.74041242
-0.07004522345
-0.07220184468
-0.07435846492
-0.07651508514
-0.07867170535
-0.08082832556
-0.08298494575
-0.08514156594
-0.4453107281
-0.6545009785
-0.9732574783
-1.372623878
-1.728617133
-0.09195327345
8.092179961
22.66641428
15.33256236
2701.378164
36204.72825
36415.4561
34468.51404
31942.91812
29372.31423
26919.87074
24621.99066
22473.47725
20457.12529
18553.87541
16746.09726
15018.42822
13357.76144
11752.96689
10194.55735
8674.373204
7185.308109
5721.078518
4276.03224
2844.988478
1423.101457
5.740412419
-0.07004522347
-0.07220184468
-0.07435846491
-0.07651508514
-0.07867170535
-0.08082832555
-0.08298494574
-0.08514156593
-0.474735917
-1.246034474
-2.515515812
-4.462348784
-7.341320685
-8.615261797
1.348223536
17.49190178
-0.8459269142
5549.144144
46628.75641
42565.83564
38144.52377
34247.90224
30897.05538
27981.14986
25395.26851
23059.55887
20915.95192
18922.25527
17047.34845
15267.78595
13565.48752
11926.17651
10338.3131
8792.352404
7280.21699
5794.913327
4330.245709
2880.596182
1440.748511
5.740412418
-0.07004522348
-0.07220184467
-0.07435846491
-0.07651508513
-0.07867170534
-0.08082832554
-0.08298494574
-0.08514156593
-0.4196679741
-1.661671249
-3.965396099
-8.935222309
-19.79889341
281.8667309
49.03936652
100.7699997
6017.739251
56635.75099
62957.6047
49078.50279
41295.82008
36007.08599
31986.82455
28712.35997
25918.31703
23453.47359
21224.80244
19171.78106
17253.19339
15439.81942
13710.16779
12047.88286
10440.11447
8876.45937
7348.252214
5848.075772
4369.411544
2906.381008
1453.545149
5.740412418
-0.07004522349
-0.07220184467
-0.0743584649
-0.07651508513
-0.07867170534
-0.08082832554
-0.08298494573
-0.08514156592
-0.2084047244
-0.6783548205
-0.4026187006
-2.426660993
-2.82801333
39404.92247
57774.95537
40716.82818
56323.90826
66396.37112
59944.56888
49494.49023
41953.14443
36497.77803
32330.7668
28963.10139
26112.10813
23611.15252
21357.93741
19286.8077
17353.76104
15528.06928
13787.42267
12115.01739
10497.75152
8925.07212
7388.215442
5879.690278
4392.914729
2921.950656
1461.300146
5.740412417
-0.0700452235
-0.07220184466
-0.0743584649
-0.07651508512
-0.07867170533
-0.08082832553
-0.08298494573
-0.08514156592
-0.09242027553
-0.2740346406
0.03215202684
-1.230249181
-0.3355631545
247.0240639
22748.41893
38978.39226
43292.03019
74586.97052
56645.6488
47001.78067
40524.4854
35700.10037
31875.33189
28697.12257
25955.8061
23521.03157
21308.92424
19263.68696
17346.90994
15531.21195
13796.37701
12126.9572
10510.75145
8937.816481
7399.806601
5889.52023
4400.578261
2927.186887
1463.954236
5.740412416
-0.07004522351
-0.07220184465
-0.07435846489
-0.07651508511
-0.07867170533
-0.08082832553
-0.08298494572
-0.08514156591
0.0325907741
0.2051368775
0.5167842054
0.5267849121
1.191554556
2.644050353
223.1561269
31529.66194
30386.73854
45828.21985
45049.37586
41342.47368
37442.90739
33902.7882
30773.30152
27994.20184
25492.91008
23208.1894
21092.9832
19112.04487
17238.91756
15453.43013
13739.85733
12085.62801
10480.43051
8915.590841
7383.634595
5877.971811
4392.663944
2922.245278
1461.57979
5.740412415
-0.07004522353
-0.07220184465
-0.07435846488
-0.07651508511
-0.07867170532
-0.08082832552
-0.08298494571
-0.0851415659
0.06154821667
0.6401940476
0.8726256294
2.124854506
2.485052724
4.891266214
11.66607735
13131.33822
22273.07035
33289.38475
36381.16425
35875.82761
34001.87289
31694.81747
29320.8409
27013.42184
24813.39178
22725.78101
20742.71908
18852.53287
17043.22452
15303.67315
13623.93587
11995.21268
10409.70242
8860.437789
7341.130531
5846.035608
4369.834198
2907.532164
1454.369964
5.740412414
-0.07004522354
-0.07220184464
-0.07435846488
-0.0765150851
-0.07867170531
-0.08082832551
-0.08298494571
-0.0851415659
-0.0441327798
1.11269348
1.077765453
2.724059212
2.610775894
4.850552064
9.405688932
17133.35364
22726.59955
28675.64132
31310.06529
31777.79401
30993.9198
29553.7345
27801.77356
25925.19861
24021.4013
22138.77099
20299.52386
18512.08462
16777.71441
15094.04215
13456.94262
11861.53072
10302.68019
8775.284376
7274.376661
5795.174183
4333.079902
2883.661687
1442.618653
5.740412414
-0.07004522355
-0.07220184464
-0.07435846487
-0.0765150851
-0.07867170531
-0.08082832551
-0.0829849457
-0.08514156589
-0.3218495672
1.085869257
0.6381638498
1.70539352
3.139985461
4.329561885
699.6844145
29123.97125
28331.77205
27377.16612
28405.65806
28931.34964
28642.25104
27724.39397
26407.27315
24864.14667
23208.19377
21508.327
19804.4671
18118.51074
16461.44782
14837.7797
13248.205
11691.23466
10164.15571
8663.600972
7185.881247
5727.174013
4283.625391
2851.399263
1426.694108
5.740412413
-0.07004522356
-0.07220184463
-0.07435846487
-0.07651508509
-0.0786717053
-0.0808283255
-0.0829849457
-0.08514156589
-0.627844734
1.346430427
-0.3831357885
0.9012105065
4.332357042
5.788151267
9116.020501
13467.87705
21314.37234
24095.41099
26004.04208
26899.67569
26919.31877
26294.29354
25238.74223
23915.87728
22438.85344
20881.82701
19291.45476
17695.98868
16111.72979
14547.36678
13006.80769
11490.99577
9999.06075
8529.0419
7078.338253
5643.985821
4222.825216
2811.599814
1407.010026
5.740412413
-0.07004522356
-0.07220184462
-0.07435846486
-0.07651508508
-0.0786717053
-0.0808283255
-0.08298494569
-0.08514156588
-0.04380357347
2.656869701
0.4081305679
-1.21010266
3.219306696
781.0946457
17278.66513
4503.887052
15103.59598
21684.87675
24615.40818
25743.96639
25841.035
25294.68956
24337.48603
23121.72288
21749.46927
20288.62403
18783.48514
17262.20613
15742.06078
14233.09446
12740.60939
11266.83001
9812.004805
8375.128329
6954.410212
5547.577513
4152.067594
2765.149363
1383.998022
5.740412412
-0.07004522357
-0.07220184462
-0.07435846485
-0.07651508508
-0.07867170529
-0.08082832549
-0.08298494569
-0.08514156587
-0.8311533262
1.058933223
-3.409346234
-8.612467379
112.8040929
26646.23407
7517.170165
8436.115799
17356.44902
22925.08155
25028.71804
25619.69895
25406.13773
24705.91401
23694.75324
22484.01767
21148.63168
19739.66697
18291.6058
16827.23807
15361.15917
13902.28687
12455.65321
11023.66172
9606.956882
8205.01854
6816.564191
5439.819226
4072.696918
2712.917253
1358.084856
5.740412412
-0.07004522358
-0.07220184461
-0.07435846485
-0.07651508507
-0.07867170528
-0.08082832549
-0.08298494568
-0.08514156587
-1.713216586
1.158776819
-1.180096503
7.142078858
16644.15598
51070.09848
35634.73121
38039.86201
29419.78877
27630.25783
26954.65182
26299.95442
25457.88226
24428.04769
23251.56121
21970.9242
20621.32993
19229.76054
17815.98502
16393.93098
14972.99895
13559.18827
12156.00442
10765.16021
9387.100911
8021.388393
6666.977492
5322.41214
3985.963078
2655.723708
1329.676615
5.740412412
-0.07004522358
-0.07220184461
-0.07435846484
-0.07651508507
-0.07867170528
-0.08082832548
-0.08298494567
-0.08514156586
-2.582566208
0.625710691
-0.206158354
11.37119476
1752.70293
15060.13935
19716.37525
42458.14752
35579.66031
31220.80794
28859.65702
27167.56661
25697.36641
24296.80598
22912.48751
21526.7511
20135.96207
18742.01613
17348.59646
15959.45326
14577.66695
13205.41223
11843.96747
10493.82925
9154.858408
7826.421798
6507.515217
5196.863656
3892.999852
2594.324312
1299.150683
5.740412412
-0.07004522358
-0.0722018446
-0.07435846484
-0.07651508506
-0.07867170527
-0.08082832548
-0.08298494567
-0.08514156586
-30.69981992
1990.821742
-26.80347726
-9.364919018
-19.92379054
-12.03737547
7.532448419
33305.93322
36143.1579
32813.56149
30095.60139
27813.26995
25867.1876
24149.2964
22574.80204
21087.59573
19653.71176
18253.70314
16876.88664
15517.57141
14172.75444
12840.77752
11520.5776
10211.28845
8912.043815
7621.891898
6339.769148
5064.503335
3794.829495
2529.410041
1266.854932
5.740412412
-0.07004522358
-0.07220184459
-0.07435846483
-0.07651508506
-0.07867170527
-0.08082832547
-0.08298494566
-0.08514156585
32279.6194
15959.80939
391.9835764
514.552807
-8.174404435
0.442021967
-4.080354771
15195.30904
33868.72067
33794.98606
30895.91051
28122.70548
25808.79647
23858.36607
22149.80111
20595.08469
19137.54835
17742.15733
16387.6322
15061.14549
13754.95465
12464.3192
11186.23291
9918.662963
8660.100568
7409.301115
6165.138621
4926.52799
3692.386735
2461.619099
1233.112485
5.740412412
-0.07004522358
-0.07220184459
-0.07435846483
-0.07651508505
-0.07867170526
-0.08082832546
-0.08298494566
-0.08514156585
692.1014037
144.2396355
43.06745356
-9.472251549
-5.119414395
-4.480669993
-4.200555958
9762.980374
35454.68271
37607.96583
31570.34501
27972.82966
25386.90821
23325.54837
21570.92534
20005.36155
18559.2035
17189.70652
15870.29741
14584.37943
13321.55429
12075.26751
10841.33036
9616.99207
8400.360398
7190.043212
5984.929975
4784.061284
3586.553229
2391.555481
1198.229773
5.740412413
-0.07004522358
-0.07220184458
-0.07435846482
-0.07651508505
-0.07867170526
-0.08082832546
-0.08298494565
-0.08514156584
-3.768841221
-13.38903459
-14.87812216
-17.56608779
-8.885696275
-6.725379284
-8.165348615
4294.882872
33467.76544
33650.31881
29804.64947
26811.34391
24440.4415
22485.97428
20802.96496
19296.20175
17904.16289
16587.13015
15319.43107
14084.4781
12871.57266
11673.82466
10486.79014
9307.579072
8134.273707
6965.552767
5800.451827
4638.213079
3478.193247
2319.808894
1162.505388
5.740412413
-0.07004522358
-0.07220184458
-0.07435846482
-0.07651508504
-0.07867170525
-0.08082832545
-0.08298494565
-0.08514156584
-5.401178308
-11.12960436
-10.92812687
-9.907916301
-6.737302206
-5.811112293
-6.009311308
6652.565468
30465.20605
28771.65237
27186.54675
25027.4448
23077.5248
21374.92356
19858.73368
18472.28786
17174.0829
15935.18392
14735.77984
13562.4889
12406.39332
11261.6296
10124.39033
8992.227233
7863.572472
6737.415304
5613.087886
4490.126295
3368.18264
2246.971306
1126.23757
5.740412413
-0.07004522357
-0.07220184457
-0.07435846481
-0.07651508504
-0.07867170525
-0.08082832545
-0.08298494564
-0.08514156583
-2.514869196
-4.885173328
-5.836476139
-5.855783276
-4.356525242
-5.150724159
-3.442406595
1503.334383
27201.59388
29653.05045
25142.44232
23034.35638
21467.2751
20077.44257
18784.73417
17560.10471
16384.66519
15243.70819
14125.97858
13023.26644
11929.84459
10841.87425
9756.880829
8673.336152
7590.345385
6507.422668
5424.335939
4341.003195
3257.425663
2173.646777
1089.728712
5.740412413
-0.07004522357
-0.07220184457
-0.07435846481
-0.07651508503
-0.07867170524
-0.08082832544
-0.08298494564
-0.08514156583
-1.70236121
-3.477773342
-4.227235219
-4.139639853
-3.362047671
-4.046665717
-3.370018313
-3.9819991
11682.91541
18644.89194
20695.80426
20500.25027
19679.76295
18682.81897
17642.63259
16598.70473
15560.73491
14528.97229
13501.12527
12474.71844
11447.80972
10419.10885
9387.891526
8353.862337
7317.023791
6277.570234
5235.80932
4192.107862
3146.857141
2100.452921
1053.286065
5.740412414
-0.07004522356
-0.07220184456
-0.0743584648
-0.07651508503
-0.07867170524
-0.08082832544
-0.08298494563
-0.08514156582
-1.082444914
-2.079167084
-2.607552518
-2.620069545
-2.388658691
-2.272380057
-1.862523447
-3.13776842
10276.90514
16364.37387
18496.1687
18591.0678
18068.69378
17331.42
16504.25074
15631.32142
14730.56915
13810.29013
12874.79973
11926.63993
10967.5352
9998.829356
9021.685259
8037.170981
7046.292482
6050.002972
5049.204103
4044.746179
3037.430392
2028.014034
1017.218621
5.740412414
-0.07004522355
-0.07220184456
-0.0743584648
-0.07651508502
-0.07867170523
-0.08082832544
-0.08298494563
-0.08514156582
-0.7049957911
-1.333232204
-1.71380238
-1.752021526
-1.604530148
-1.238108769
-1.103641853
-1.632952962
19978.79641
21379.83877
18333.00869
17299.14962
16672.51119
16069.89972
15411.60854
14691.73739
13919.90372
13106.79103
12261.11427
11389.47685
10496.83269
9586.95998
8662.822386
7726.818744
6780.949133
5826.92451
4866.240355
3900.228155
2930.093644
1956.947339
981.8307754
5.740412415
-0.07004522355
-0.07220184455
-0.07435846479
-0.07651508502
-0.07867170523
-0.08082832543
-0.08298494563
-0.08514156582
-0.4987462662
-0.8802097593
-1.080664259
-1.071933173
-0.9600328752
-0.5228750673
-0.5910534882
-0.2575941812
11970.4378
17787.7912
16156.65161
15600.00223
15252.28948
14864.04346
14380.52729
13804.09388
13150.49288
12435.83005
11673.36285
10873.29373
10043.33218
9189.329564
8315.800701
7426.30912
6523.739402
5610.486635
4688.588599
3759.819603
2825.759208
1887.844783
947.4138841
5.740412415
-0.07004522354
-0.07220184455
-0.07435846479
-0.07651508501
-0.07867170523
-0.08082832543
-0.08298494562
-0.08514156581
-0.3599525823
-0.5560829844
-0.6333665832
-0.5621443285
-0.401541268
0.1436930655
0.03035067186
1.272841114
2426.85739
10385.77137
12905.57573
13691.90927
13872.58981
13753.44271
13442.34553
12993.59765
12442.12149
11812.64983
11123.18918
10386.97871
9613.848424
8811.20151
7984.718714
7138.855999
6277.192984
5402.676678
4517.793224
3624.690881
2725.270307
1821.253226
914.2370133
5.740412415
-0.07004522353
-0.07220184455
-0.07435846479
-0.07651508501
-0.07867170522
-0.08082832542
-0.08298494562
-0.08514156581
-0.2945958045
-0.3840922151
-0.3763402193
-0.2611733719
-0.03465917895
0.36393737
0.4814154292
1.639507926
631.82074
9360.459714
11387.30607
12389.46215
12792.70732
12834.77831
12641.79811
12285.81122
11811.72528
11249.43716
10619.74338
9937.56125
9213.858953
8456.887275
7672.995371
6867.183227
6043.481751
5205.218047
4355.203532
3495.869955
2629.370263
1757.655857
882.5382066
5.740412416
-0.07004522352
-0.07220184454
-0.07435846478
-0.07651508501
-0.07867170522
-0.08082832542
-0.08298494561
-0.0851415658
-0.2618812373
-0.2564592885
-0.1796241572
-0.03139361209
0.2427884667
0.5764754618
0.7705817819
1.844496612
261.2975929
9687.083038
10893.57195
11685.91927
12073.98924
12151.15248
12004.24262
11696.10728
11269.51298
10753.61082
10168.766
9529.643591
8847.118299
8129.472925
7383.172677
6613.381481
5824.316201
5019.495837
4201.920919
3374.205678
2538.677973
1697.457208
852.5173833
5.740412416
-0.07004522351
-0.07220184454
-0.07435846478
-0.076515085
-0.07867170522
-0.08082832542
-0.08298494561
-0.0851415658
-0.2797663171
-0.2394474949
-0.1376093105
0.0146764989
0.3397198528
0.707550204
0.9802984238
2.731852526
264.1614954
10198.10054
10815.42673
11386.64743
11666.16906
11691.58833
11527.89967
11224.84766
10816.59225
10326.7097
9772.048124
9165.110194
8515.478855
7830.694768
7116.822973
6378.837086
5620.890652
4846.515073
4058.767701
3260.345194
2453.672318
1640.973397
824.3316558
5.740412416
-0.0700452235
-0.07220184454
-0.07435846478
-0.076515085
-0.07867170521
-0.08082832541
-0.08298494561
-0.0851415658
-0.2991602579
-0.2298213414
-0.09533579047
0.04434821679
0.4298044749
0.8370316773
1.1346637
5.906238615
199.640985
9060.723446
10784.72099
11379.0689
11512.44327
11421.12168
11190.90861
10858.77833
10445.2839
9964.571795
9427.590076
8843.253162
8218.974876
7560.987232
6874.570962
6164.237966
5433.880477
4686.894103
3926.279556
3154.727024
2374.686676
1588.428396
798.0934489
5.740412417
-0.07004522349
-0.07220184453
-0.07435846477
-0.076515085
-0.07867170521
-0.08082832541
-0.0829849456
-0.08514156579
-0.3933783835
-0.3502256527
-0.2522142433
-0.1822058365
0.2092727529
0.5769753666
1.020595066
3.710720009
768.0630814
10670.97197
11883.84982
11832.45871
11583.4061
11289.53735
10955.8245
10574.06128
10141.17984
9658.689116
9130.472137
8561.321926
7956.164478
7319.692747
6656.220726
5969.649395
5263.486558
4540.890224
3804.720017
3057.589079
2301.91321
1539.956186
773.8713941
5.740412417
-0.07004522347
-0.07220184453
-0.07435846477
-0.07651508499
-0.07867170521
-0.08082832541
-0.0829849456
-0.08514156579
-0.4491400752
-0.4504900257
-0.4034764233
-0.5595076859
-0.1913009411
-2.634229214
-0.8515253732
1229.386542
16570.61952
19600.09414
14247.9442
12483.50446
11699.17755
11197.78901
10768.78153
10340.45169
9886.672927
9398.519613
8874.273674
8315.383708
7724.653977
7105.384359
6460.956156
5794.639543
5109.514471
4408.449886
3694.112359
2968.988817
2235.415339
1495.607968
751.6936246
5.740412417
-0.07004522346
-0.07220184453
-0.07435846477
-0.07651508499
-0.0786717052
-0.0808283254
-0.0829849456
-0.08514156579
-0.5830501256
-0.5962758406
-0.5629471085
-0.6405027174
-0.1928114327
-1.102926987
-1.790841022
8282.912447
8650.887174
14189.11782
13023.94346
12154.43413
11532.00461
11033.65257
10581.05249
10132.28121
9666.529578
9174.430872
8652.706724
8101.272292
7521.670233
6916.221583
6287.567471
5638.426338
4971.471026
4289.272755
3594.282286
2888.831504
2175.145956
1455.363029
731.552858
5.740412418
-0.07004522345
-0.07220184452
-0.07435846476
-0.07651508499
-0.0786717052
-0.0808283254
-0.0829849456
-0.08514156579
-0.707381615
-0.7702256212
-0.8474519873
-0.942706123
-0.6605665281
-1.007822491
-2.032141555
3462.653721
-2558.805856
9555.666239
11503.19311
11578.27979
11240.749
10823.75786
10389.48689
9941.082143
9472.72341
8979.95688
8460.838713
7915.316703
7344.521081
6750.252355
6134.654234
5500.016307
4848.660317
4182.878579
3504.904442
2816.902206
2120.968698
1419.141737
713.412555
5.740412418
-0.07004522344
-0.07220184452
-0.07435846476
-0.07651508499
-0.0786717052
-0.0808283254
-0.08298494559
-0.08514156578
-0.8225824451
-0.9727603895
-1.381582561
-1.712933101
-1.490738205
-0.968051394
-0.2448631703
49.29194734
13854.52401
12757.31158
11854.8844
11414.73922
11028.94914
10631.13713
10212.0479
9769.828872
9303.31607
8811.824846
8295.364241
7754.623953
7190.834028
6605.601523
6000.770035
5378.314022
4740.265691
4088.66799
3425.546941
2752.897671
2072.67982
1386.819197
697.2134797
5.740412419
-0.07004522343
-0.07220184452
-0.07435846476
-0.07651508498
-0.0786717052
-0.0808283254
-0.08298494559
-0.08514156578
-0.8227169548
-1.328654195
-2.338857201
-3.051644591
-2.993160412
-2.239543223
-1.155280067
414.5627179
19028.40365
13280.4157
11744.28186
11196.84039
10829.16697
10459.78812
10057.7321
9622.861831
9158.878887
8668.653286
8154.159962
7616.970908
7058.579374
6480.539444
5884.50029
5272.194338
4645.411278
4005.972361
3355.710253
2696.455495
2030.028871
1358.238456
682.8801264
5.740412419
-0.07004522342
-0.07220184452
-0.07435846476
-0.07651508498
-0.07867170519
-0.0808283254
-0.08298494559
-0.08514156578
-0.3705108481
-0.6054542278
-2.562271435
-3.660079183
-3.77680828
-2.756530001
-1.26784075
1571.130615
2762.425756
9590.078691
10644.98473
10799.1705
10631.08619
10321.1111
9936.224478
9505.000575
9040.676749
8549.741193
8035.642593
7500.511094
6945.963616
6373.467021
5784.487883
5180.5426
4563.204065
3934.09198
3294.859201
2647.17931
1992.737159
1333.222555
670.3266589
5.740412419
-0.07004522341
-0.07220184452
-0.07435846476
-0.07651508498
-0.07867170519
-0.08082832539
-0.08298494559
-0.08514156578
-0.4125806304
-0.05698891368
-1.796319171
-3.253322472
-3.531191229
-2.486222865
-1.161739399
236.3886429
1888.016766
8949.172546
10446.40616
10723.76768
10574.89239
10257.34079
9861.048423
9420.232765
8949.079189
8453.984377
7938.149831
7403.458576
6851.28806
6282.868155
5699.432731
5102.275499
4492.762264
3872.324842
3242.448704
2604.659922
1960.513695
1311.585129
659.4621924
5.74041242
-0.0700452234
-0.07220184451
-0.07435846475
-0.07651508498
-0.07867170519
-0.08082832539
-0.08298494559
-0.08514156578
-0.3293019633
0.1520517897
-1.554925709
-2.638183564
-2.341530783
-1.190137988
1.373928185
3583.630683
12599.63807
12104.92682
11467.69791
11074.5986
10687.37111
10272.30657
9830.390091
9365.7966
8881.415976
8378.959851
7859.50588
7323.877096
6772.853489
6207.276356
5628.091047
5036.356339
4433.237062
3819.989506
3197.944808
2568.492981
1933.068758
1293.139549
650.1953781
5.74041242
-0.0700452234
-0.07220184451
-0.07435846475
-0.07651508498
-0.07867170519
-0.08082832539
-0.08298494559
-0.08514156578
-0.5309455164
-0.6621087786
-1.415519097
-0.8734509931
0.03151215454
0.2085594859
4.700432963
5523.611047
15873.46603
13737.31668
12244.8578
11419.55488
10827.6832
10314.11964
9822.403282
9331.141402
8831.821525
8320.925952
7797.02915
7259.682604
6708.964492
6145.284788
5569.290961
4981.814247
4383.833123
3776.444971
3160.842546
2538.293938
1910.125412
1277.706705
642.4383251
5.74041242
-0.07004522339
-0.07220184451
-0.07435846475
-0.07651508498
-0.07867170519
-0.08082832539
-0.08298494559
-0.08514156577
-0.7014811796
-1.640652313
-2.134134347
-1.273623123
0.2156403224
1.135060221
2.756485822
2789.834508
15120.27302
13516.71392
12354.85982
11531.07713
10889.68338
10334.08079
9813.956483
9304.538063
8793.796122
8275.886226
7747.994828
7208.852189
6658.029553
6095.599876
5521.966482
4937.769624
4343.829776
3741.108948
3130.681532
2513.710813
1891.429262
1265.121595
636.1099179
5.740412421
-0.07004522338
-0.07220184451
-0.07435846475
-0.07651508498
-0.07867170519
-0.08082832539
-0.08298494558
-0.08514156577
-0.1798463331
-1.184905568
-1.308015887
-0.8440230286
0.04764314534
0.5693275317
1.153512257
1398.883396
13447.35782
12853.14761
12126.7883
11460.20745
10865.8884
10318.55878
9794.798207
9279.2521
8762.932076
8240.821081
7710.204636
7169.694591
6618.694507
6057.111656
5485.198678
4903.461576
4312.601526
3713.474304
3107.059408
2494.434989
1876.75662
1255.238814
631.1385738
5.740412421
-0.07004522338
-0.07220184451
-0.07435846475
-0.07651508498
-0.07867170519
-0.08082832539
-0.08298494558
-0.08514156577
0.9246054744
-0.2566286735
-0.2712900275
-0.4804772255
0.1643622149
0.2032979015
0.9072344795
2461.529164
12620.13947
12321.73032
11838.93605
11317.07266
10795.09973
10279.46268
9767.419819
9254.733894
8737.85245
8214.254586
7682.301137
7141.02013
6589.935418
6028.946929
5458.248645
4878.270535
4289.635054
3693.122613
3089.642855
2480.209982
1865.921117
1247.936993
627.4644745
5.740412421
-0.07004522338
-0.07220184451
-0.07435846475
-0.07651508498
-0.07867170519
-0.08082832539
-0.08298494558
-0.08514156577
2.155628054
0.3043164308
0.7289074721
-0.1232636822
0.5121282804
0.2982658841
19.08047083
12757.2436
12529.28096
11974.69829
11590.15026
11174.04383
10717.97074
10236.76728
9740.678811
9234.405045
8719.48275
8196.036997
7663.718477
7122.142709
6571.073573
6010.485682
5440.572443
4861.731306
4274.540545
3679.733909
3078.175817
2470.838135
1858.778799
1243.122233
625.041292
5.740412421
-0.07004522338
-0.07220184451
-0.07435846475
-0.07651508498
-0.07867170519
-0.08082832539
-0.08298494558
-0.08514156577
3.0275611
0.3759091441
1.276608673
0.01033467209
0.6546378906
0.2398652068
39.00938052
4631.608925
11025.04621
11457.62972
11372.91992
11070.97789
10665.96766
10208.95174
9724.117415
9222.718596
8709.630088
8186.685625
7654.386503
7112.752173
6561.724158
6001.343698
5431.818395
4853.536413
4267.057189
3673.092588
3072.484999
2466.185285
1855.231762
1240.730577
623.8374276
5.740412421
-0.07004522339
-0.07220184451
-0.07435846475
-0.07651508498
-0.07867170519
-0.08082832539
-0.08298494558
-0.08514156577
)
;

boundaryField
{
    lowerWall
    {
        type            calculated;
        value           nonuniform List<scalar> 
80
(
-0.08621987611
-0.08621987611
-0.08621987611
-0.08621987611
-0.08621987611
-0.08621987611
-0.08621987611
-0.08621987611
-0.0862198761
-0.0862198761
-0.0862198761
-0.0862198761
-0.0862198761
-0.0862198761
-0.0862198761
-0.0862198761
-0.0862198761
-0.0862198761
-0.0862198761
-0.08621987609
-0.08621987609
-0.08621987609
-0.08621987609
-0.08621987608
-0.08621987608
-0.08621987608
-0.08621987607
-0.08621987607
-0.08621987607
-0.08621987606
-0.08621987606
-0.08621987605
-0.08621987605
-0.08621987604
-0.08621987604
-0.08621987603
-0.08621987603
-0.08621987602
-0.08621987602
-0.08621987601
-0.086219876
-0.086219876
-0.08621987599
-0.08621987599
-0.08621987598
-0.08621987597
-0.08621987597
-0.08621987596
-0.08621987596
-0.08621987595
-0.08621987595
-0.08621987594
-0.08621987594
-0.08621987593
-0.08621987593
-0.08621987592
-0.08621987592
-0.08621987591
-0.08621987591
-0.08621987591
-0.0862198759
-0.0862198759
-0.08621987589
-0.08621987589
-0.08621987589
-0.08621987589
-0.08621987588
-0.08621987588
-0.08621987588
-0.08621987588
-0.08621987587
-0.08621987587
-0.08621987587
-0.08621987587
-0.08621987587
-0.08621987587
-0.08621987587
-0.08621987587
-0.08621987587
-0.08621987587
)
;
    }
    atmosphere
    {
        type            calculated;
        value           nonuniform List<scalar> 
80
(
-0.1966759702
-0.6592855712
-0.7856806747
-0.8261101779
-0.8139193777
-1.041270765
-0.9777820153
-0.916370161
-0.5283704455
-0.3233776573
-0.200643574
-0.2213136189
-0.3465397276
-0.5976111613
-1.026047552
-1.662484112
-2.397519937
-2.551243935
-0.9198820852
0
0
0
0
0
0
0
0
0
0
0
0
-0.008347103463
-0.107414627
-0.2619647855
-0.395302781
-0.468847957
-0.4125192589
-0.2746081919
-0.04893600644
-0.04305926869
-0.0313980281
-0.04553442173
-0.09452676391
-0.102538507
-0.4002017323
-0.1088676993
0
0
0
0
0
0
0
-0.3246582855
-1.368509278
-0.7693179679
-0.4756687983
-0.3622469369
-0.254314849
-0.2314173073
-0.2110026824
-0.2215572515
-0.2417243562
-0.2879389242
-0.323542186
-0.4264356757
-0.4550518078
-0.6090454671
-0.7088647086
-0.8227414325
-0.7318908572
-0.1729819474
0
0
0
0
0
0
0
0
)
;
    }
    rightWall
    {
        type            empty;
    }
    leftWall
    {
        type            empty;
    }
    frontAndBack
    {
        type            calculated;
        value           nonuniform List<scalar> 
80
(
-2.120365094
1.457059546
1208.84205
-3.7325874
-3.149919086
-3.944793439
1218.432725
17589.63324
17580.83194
14675.53789
12805.10599
11485.55722
10485.77491
9682.989559
9005.351249
8407.558822
7859.651791
7341.331068
6838.763599
6342.604226
5846.679357
5347.070356
4841.46104
4328.670211
3808.316812
3280.580518
2746.031133
2205.507655
1660.033027
1110.753982
558.8978998
5.740412412
-0.07004522358
-0.07220184475
-0.07435846499
-0.07651508522
-0.07867170543
-0.08082832563
-0.08298494582
-0.08514156601
3.0275611
0.3759091441
1.276608673
0.01033467209
0.6546378906
0.2398652068
39.00938052
4631.608925
11025.04621
11457.62972
11372.91992
11070.97789
10665.96766
10208.95174
9724.117415
9222.718596
8709.630088
8186.685625
7654.386503
7112.752173
6561.724158
6001.343698
5431.818395
4853.536413
4267.057189
3673.092588
3072.484999
2466.185285
1855.231762
1240.730577
623.8374276
5.740412421
-0.07004522339
-0.07220184451
-0.07435846475
-0.07651508498
-0.07867170519
-0.08082832539
-0.08298494558
-0.08514156577
)
;
    }
}


// ************************************************************************* //
