/*--------------------------------*- C++ -*----------------------------------*\
| =========                 |                                                 |
| \\      /  F ield         | OpenFOAM: The Open Source CFD Toolbox           |
|  \\    /   O peration     | Version:  2506                                  |
|   \\  /    A nd           | Website:  www.openfoam.com                      |
|    \\/     M anipulation  |                                                 |
\*---------------------------------------------------------------------------*/
FoamFile
{
    version     2.0;
    format      ascii;
    arch        "LSB;label=32;scalar=64";
    class       volScalarField;
    location    "0.006";
    object      p_rgh;
}
// * * * * * * * * * * * * * * * * * * * * * * * * * * * * * * * * * * * * * //

dimensions      [1 -1 -2 0 0 0 0];

internalField   nonuniform List<scalar> 
3200
(
-2.119354939
1.46008867
1213.187718
-3.725513359
-3.14078314
-3.933598627
1234.949194
17663.20824
17664.21691
14768.73289
12908.11099
11598.37222
10608.39991
9815.424559
9147.596249
8559.613822
8021.516791
7513.006068
7020.248599
6533.899226
6047.784357
5557.985356
5062.18604
4559.205211
4048.661812
3530.735518
3005.996133
2475.282655
1939.618027
1400.148982
858.1028998
314.7554124
4.504074295e-05
4.493364409e-05
4.49330438e-05
4.493252374e-05
4.4932094e-05
4.493176122e-05
4.493153223e-05
4.493141545e-05
-1.670896137
0.1272621795
-2.5559993
-4.637731787
-3.573608313
-3.780915027
578.7440583
17665.34987
15505.22231
13733.86596
12357.22338
11278.59754
10411.39153
9690.263207
9067.733394
8509.709096
7991.90908
7497.229631
7013.815959
6533.639238
6051.442032
5563.958023
5069.339205
4566.740133
4056.019323
3537.526378
3011.951136
2480.217393
1943.40839
1402.714507
859.3959746
314.7554124
4.504117541e-05
4.493364495e-05
4.493304392e-05
4.4932524e-05
4.493209404e-05
4.493176121e-05
4.493153243e-05
4.493141539e-05
-0.8597828067
-0.7313321119
-0.346822412
-2.293056523
-2.637761252
-1.352716405
3601.756843
11729.90937
12957.08322
12304.279
11508.30361
10747.38208
10068.27955
9466.4728
8923.330298
8419.541674
7939.139281
7470.143263
7004.100009
6535.351903
6060.338117
5577.017599
5084.426509
4582.353831
4071.110151
3551.365276
3024.035
2490.202509
1951.064049
1407.891325
862.0050452
314.7554124
4.504154454e-05
4.493364611e-05
4.493304454e-05
4.493252446e-05
4.493209434e-05
4.493176144e-05
4.49315326e-05
4.493141534e-05
-0.8511557943
-0.8488922733
-0.2945697086
-1.495599235
-2.948625154
-0.03021318473
2780.685092
7289.155993
10888.28263
11017.85462
10624.31651
10134.32962
9647.849445
9183.991699
8739.543029
8305.954266
7874.926393
7440.065067
6997.048527
6543.289981
6077.501516
5599.308913
5108.956914
4607.100974
4094.666818
3572.757735
3042.593667
2505.471128
1962.736831
1415.770292
865.9721019
314.7554124
4.504213501e-05
4.493364699e-05
4.493304519e-05
4.493252494e-05
4.49320947e-05
4.493176174e-05
4.493153282e-05
4.493141546e-05
-0.8544589419
-0.9120347478
-0.9244555791
-1.568723466
-3.005938991
-1.563608733
13161.98724
12577.14315
11289.42247
10254.53003
9836.764827
9517.752573
9204.774708
8882.075129
8544.865533
8189.772173
7814.510337
7418.103084
7000.698602
6563.217823
6107.030118
5633.721479
5144.953327
4642.389023
4127.663103
3602.373452
3068.083795
2526.329775
1978.625623
1426.470303
871.3526583
314.7554124
4.50428024e-05
4.493364746e-05
4.493304565e-05
4.493252533e-05
4.493209505e-05
4.493176208e-05
4.493153315e-05
4.493141582e-05
-1.309015752
-1.266728407
-2.703887356
-2.8050357
-17.83076588
-14.9809208
2182.600055
5096.80079
8437.449528
8874.066948
8950.446818
8895.123131
8771.399236
8594.64189
8368.041135
8093.724265
7775.202414
7417.097903
7024.382184
6601.809843
6153.638663
5683.554227
5194.7075
4689.801348
4171.187973
3640.957728
3101.011689
2553.117357
1998.949932
1440.122484
878.2079539
314.7554124
4.504358958e-05
4.493364764e-05
4.493304591e-05
4.493252562e-05
4.493209537e-05
4.493176242e-05
4.493153354e-05
4.493141629e-05
-0.9110499767
-1.20364829
-1.369382215
-2.593539957
-2.008441802
-7.023024865
7.388113467
331.6965423
6829.942356
7853.828405
8195.819102
8340.875915
8391.034681
8357.025319
8238.902214
8041.847155
7775.440224
7450.663051
7077.877863
6665.955539
6222.117249
5752.108445
5260.482027
4750.883425
4226.294703
3689.226557
3141.861495
2586.157053
2023.918799
1456.851665
886.596295
314.7554124
4.50444998e-05
4.493364765e-05
4.493304606e-05
4.493252585e-05
4.493209567e-05
4.493176278e-05
4.493153395e-05
4.493141677e-05
-0.7617769238
-1.197702205
-1.659340872
-4.246544215
-5.678791955
-19.39749623
7.176240475
1182.998174
7696.248053
7515.458346
7638.112572
7881.509354
8094.816289
8203.496424
8188.665431
8059.289087
7834.013627
7532.197134
7170.466597
6761.971374
6316.722051
5842.238517
5344.189115
4826.917946
4293.845796
3747.761006
3191.024164
2625.709376
2053.70081
1476.758675
896.5648459
314.7554124
4.504551802e-05
4.493364763e-05
4.493304619e-05
4.493252608e-05
4.493209598e-05
4.493176316e-05
4.493153438e-05
4.493141725e-05
-0.3221979632
-0.622636969
-0.7667641965
-2.675997564
-4.763812009
-8.671592152
-9.046198955
-53.60884773
5580.472534
6866.32912
6959.651902
7452.216079
7903.203566
8173.453202
8252.944004
8172.597946
7969.095415
7673.608273
7309.777265
6894.695926
6440.516565
5955.892238
5447.077918
4918.715465
4374.374217
3816.915898
3248.737814
2671.933709
2088.399989
1499.906297
908.1431756
314.7554124
4.504662453e-05
4.493364764e-05
4.493304634e-05
4.493252634e-05
4.493209632e-05
4.493176356e-05
4.493153483e-05
4.493141773e-05
0.0899425869
0.04491809814
0.6097861926
-0.3562534942
-1.076141092
-9.859662467
-14.72197683
-39.59175094
64.84045551
4798.494053
5881.628403
7064.484044
7892.307789
8334.142177
8477.025187
8409.02821
8196.128054
7883.326048
7500.295653
7066.473221
6594.711375
6093.693306
5569.47428
5026.453312
4467.98394
3896.758433
3315.049866
2724.865059
2128.041795
1526.311367
921.3396927
314.7554124
4.50477993e-05
4.493364773e-05
4.493304656e-05
4.493252665e-05
4.493209671e-05
4.493176401e-05
4.493153532e-05
4.493141823e-05
0.4629191296
0.7956086616
2.061849099
2.920055741
3.346209615
-12.47910765
-19.18654565
-27.91416977
6.276273557
26.81535686
4554.421024
7031.768189
8267.379597
8793.753958
8911.946164
8790.32214
8523.025892
8163.233122
7741.562566
7276.144244
6778.117321
6254.652083
5710.631304
5149.600401
4574.313392
3987.051268
3389.80979
2784.411353
2172.572391
1555.944741
936.1417408
314.7554124
4.50490208e-05
4.493364789e-05
4.493304685e-05
4.493252704e-05
4.493209717e-05
4.493176452e-05
4.493153586e-05
4.493141879e-05
0.7259019983
1.184859286
3.282273991
3.956825855
5.964593648
-6.106439009
-16.43497929
-15.02493775
8.478800476
-19.91819645
5395.799697
8240.836834
9351.671131
9661.521804
9586.643738
9317.248819
8942.382472
8504.977299
8026.532657
7518.377593
6986.915958
6436.122446
5868.756321
5286.963564
4692.580752
4087.289947
3472.697535
2850.373795
2221.872365
1588.73968
952.5195656
314.7554124
4.505026747e-05
4.493364814e-05
4.493304723e-05
4.493252751e-05
4.493209771e-05
4.493176511e-05
4.493153648e-05
4.493141942e-05
0.7396026884
1.451561042
4.038570284
3.662816572
6.378984778
4.794612724
2.753985754
-3.595233728
42.50926528
6409.062544
10150.62071
11184.10543
11236.94337
10914.00011
10455.82585
9949.611512
9424.240684
8887.719388
8341.167637
7783.870474
7215.000051
6634.120523
6041.264776
5436.87566
4821.71786
4196.795793
3563.286628
2922.488758
2275.783537
1624.607685
970.4336534
314.7554124
4.505152017e-05
4.493364848e-05
4.493304771e-05
4.493252808e-05
4.493209834e-05
4.493176579e-05
4.49315372e-05
4.493142014e-05
0.5350424712
1.619637872
4.063055414
3.700753831
6.196177874
10.96667645
15.14767453
139.2134644
6677.884463
16250.72257
17124.14749
15108.02019
13497.99985
12301.68656
11373.01548
10601.09586
9917.211172
9280.44895
8666.501395
8060.888672
7455.045833
6844.048788
6225.262193
5597.514037
4960.579704
4314.85309
3661.133416
3000.485081
2334.144708
1663.459205
989.8442168
314.7554124
4.505275812e-05
4.493364892e-05
4.493304829e-05
4.493252875e-05
4.493209908e-05
4.493176658e-05
4.493153802e-05
4.493142097e-05
0.1666076523
1.590931219
3.871672337
3.846961407
5.776172909
12.68800948
10.54822754
7449.09257
24990.18419
25056.11827
25108.36436
18625.79641
15345.33044
13421.70349
12133.42124
11164.51022
10363.01975
9650.319543
8983.45272
8338.088146
7700.197321
7061.719347
6418.175514
5767.294895
5108.192893
4440.866373
3765.876576
3084.146508
2396.82984
1705.225423
1010.721057
314.7554124
4.50539614e-05
4.493364946e-05
4.493304899e-05
4.493252955e-05
4.493209994e-05
4.493176749e-05
4.493153896e-05
4.493142193e-05
-0.4208121861
1.160520739
3.310069035
3.542291829
4.241376452
6.8399354
2.058499506
9528.206791
23202.19117
25201.74376
24528.34172
18941.47983
15835.80636
13906.34956
12574.42466
11560.4685
10719.99719
9974.311147
9278.853261
8607.76409
7945.886234
7284.407177
6618.378743
5945.252283
5263.9884
4574.504446
3877.326358
3173.366557
2463.780997
1749.876727
1033.051819
314.7554124
4.505511232e-05
4.493365011e-05
4.493304981e-05
4.493253048e-05
4.493210094e-05
4.493176854e-05
4.493154005e-05
4.493142304e-05
-1.383577439
0.05463750736
1.822311577
2.308317324
1.656796846
0.6915727171
-0.932986941
6.931535959
2573.618749
21990.40739
18181.62335
16775.88024
15150.05107
13793.43914
12697.42881
11782.90566
10982.14725
10248.0279
9549.835706
8868.177923
8191.1252
7511.594198
6825.631745
6131.301146
5427.960722
4715.79699
3995.523001
3268.183422
2535.02863
1797.433735
1056.846799
314.7554124
4.505619234e-05
4.49336509e-05
4.493305078e-05
4.493253156e-05
4.49321021e-05
4.493176975e-05
4.493154129e-05
4.49314243e-05
-3.01196151
-1.6830907
-0.4650741463
0.4825056353
0.0818394697
-0.4883716837
1.88759782
5.516571331
10.57258128
11148.10989
15081.7046
14830.25382
14195.0689
13419.90325
12638.91524
11891.54105
11177.61518
10485.76987
9804.233561
9123.934814
8438.789598
7745.160436
7041.202764
6326.312433
5600.71193
4865.159037
4120.749359
3368.785762
2610.693721
1847.967788
1082.138944
314.7554124
4.505718376e-05
4.493365186e-05
4.493305192e-05
4.493253281e-05
4.493210342e-05
4.493177113e-05
4.493154271e-05
4.493142573e-05
-4.758559468
-2.985213832
-2.059453889
-0.2593808839
-0.06891314279
-0.6404587063
-2.255395506
1.902468548
3.240640273
2625.940028
12022.6191
13267.64316
13380.05216
13052.16587
12546.75684
11966.69045
11350.95891
10713.15451
10057.34301
9384.485346
8694.883391
7989.000613
7267.653886
6531.984379
5783.369399
5023.335724
4253.492645
3475.486033
2690.969667
1901.589656
1108.978432
314.7554124
4.505806795e-05
4.493365301e-05
4.493305325e-05
4.493253425e-05
4.493210493e-05
4.49317727e-05
4.493154431e-05
4.493142734e-05
-4.737887685
-2.772502444
-1.336728013
0.5852091741
0.7060769671
0.6572646781
1.01324394
2.061269885
3.446840232
1537.233265
12164.64251
12837.43706
13005.31494
12861.92723
12529.22448
12077.4672
11546.33194
10958.49772
10327.44759
9661.727024
8967.202493
8248.248432
7508.373038
6750.550044
5977.397394
5191.277955
4394.361146
3588.664647
2776.085737
1958.427414
1137.422225
314.7554124
4.505882855e-05
4.493365436e-05
4.493305479e-05
4.493253589e-05
4.493210665e-05
4.493177446e-05
4.493154611e-05
4.493142916e-05
-2.221943829
-0.5428159292
1.11376606
2.017846444
1.610305164
1.711740206
1.972834282
2.897344053
3.792876305
1457.612391
13020.22934
12913.07231
12941.82736
12860.97949
12630.7153
12267.58444
11798.36112
11247.00878
10632.17209
9967.720075
9263.89584
8528.360921
7766.984067
6984.39219
6184.342413
5369.972184
4543.969779
3708.693387
2866.257155
2018.596371
1167.519921
314.7554124
4.505944828e-05
4.493365595e-05
4.493305656e-05
4.493253776e-05
4.493210858e-05
4.493177645e-05
4.493154813e-05
4.493143119e-05
0.634626643
2.090863039
3.294141365
2.967515775
1.404880795
86.88872177
3.895519321
4.262828303
4.432185034
1369.05301
12829.78384
12854.01678
12987.92657
13009.42381
12865.04133
12563.75695
12132.47725
11598.9565
10986.46188
10313.03324
9592.244933
8834.258792
8046.754122
7235.638345
6405.557117
5560.252177
4702.811961
3835.849042
2961.628621
2082.164998
1199.297717
314.7554124
4.505991054e-05
4.493365778e-05
4.493305856e-05
4.493253987e-05
4.493211075e-05
4.493177866e-05
4.493155037e-05
4.493143345e-05
2.519477909
3.50031094
4.341556882
3.880323424
3.028510233
3.322258936
4.857388089
5.477619629
4.814813829
1433.809681
11914.33034
12686.6229
13146.42176
13323.72304
13256.23694
12989.8871
12568.79179
12029.82954
11401.63458
10705.65285
9957.736058
9169.618013
8350.078652
7505.79524
6641.943835
5762.620205
4871.135819
3970.22891
3062.218539
2149.121074
1232.742439
314.7554124
4.506020115e-05
4.493365987e-05
4.493306083e-05
4.493254222e-05
4.493211316e-05
4.493178111e-05
4.493155285e-05
4.493143594e-05
2.816262439
3.660926258
4.474262167
4.134144218
4.260441331
4.233011098
5.64854762
6.562419838
6.172330052
2290.254771
11416.34537
12832.71831
13587.3968
13882.78381
13846.26158
13570.72354
13122.92807
12549.88552
11884.542
11150.15309
10363.37153
9536.340574
8678.089847
7795.464521
6893.750139
5977.100997
5048.84075
4111.678794
3167.870758
2219.342065
1267.787463
314.7554124
4.506030578e-05
4.493366225e-05
4.493306337e-05
4.493254484e-05
4.493211583e-05
4.493178381e-05
4.493155557e-05
4.493143867e-05
2.160329418
3.044251301
3.822511916
3.553061963
3.754897135
3.635547199
3.958909635
4.680383144
7.242030798
4858.120256
12164.46775
13639.55097
14487.64409
14773.72717
14675.26442
14323.77888
13802.26518
13162.19219
12436.44275
11646.99137
10809.19928
9934.224688
9030.417819
8104.166516
7160.437731
6203.144266
5235.405646
4259.741308
3278.218949
2292.572829
1304.301989
314.7554124
4.506021506e-05
4.493366492e-05
4.493306619e-05
4.493254774e-05
4.493211877e-05
4.493178678e-05
4.493155855e-05
4.493144166e-05
1.421350797
2.197547962
2.731046392
2.517496873
2.369398531
1.876068907
0.2098791211
0.5397862566
5.681890801
6606.904413
12512.44279
15071.07664
15949.88062
16049.19162
15757.2536
15246.82405
14600.11616
13860.12496
13051.99235
12192.11449
11292.15153
10360.88234
9405.131856
8430.288937
7440.635796
6439.583543
5429.854331
4413.628462
3392.666408
2368.412388
1342.084512
314.7554124
4.505991975e-05
4.49336679e-05
4.493306931e-05
4.493255092e-05
4.493212197e-05
4.493179e-05
4.493156179e-05
4.49314449e-05
0.8796982829
1.438727868
1.636799582
1.285195762
0.7178806697
-0.2520156576
1.1955611
0.382849084
19.49052968
10585.6968
16537.69107
18182.29441
18191.5906
17715.877
17057.69974
16306.10525
15491.20265
14626.14807
13719.23323
12777.26592
11806.35126
10811.96189
9798.879235
8771.163748
7732.178101
6684.650228
5630.757623
4572.218512
3510.381524
2446.310092
1380.860689
314.7554124
4.505941489e-05
4.493367119e-05
4.493307274e-05
4.493255439e-05
4.493212546e-05
4.49317935e-05
4.493156529e-05
4.493144841e-05
0.5615107462
1.062995301
1.315592423
0.854532816
0.197491864
-3.271120529
-2.078450142
-12.42360618
1288.284323
16969.22436
27135.58194
22929.60391
20918.28621
19564.9872
18451.52529
17428.65153
16432.3932
15433.97999
14421.47189
13391.30723
12343.96633
11281.67452
10207.19935
9123.249929
8032.20706
6936.031709
5836.26522
4734.073129
3630.306817
2525.570129
1420.285202
314.7554124
4.505869892e-05
4.493367482e-05
4.493307647e-05
4.493255815e-05
4.493212921e-05
4.493179726e-05
4.493156905e-05
4.493145216e-05
0.3048742203
0.3841754216
0.1615572505
-1.157944456
-2.469777668
-4.232912899
3.476416742
324.5969891
27075.57991
26890.71908
28470.53954
25482.57136
22986.92966
21174.22998
19754.72486
18524.53827
17375.68992
16255.85423
15141.3114
14022.46664
12896.4723
11763.5093
10624.93239
9482.369636
8337.312147
7190.953928
6044.15591
4897.46838
3751.177954
2605.362545
1459.946831
314.7554124
4.505777333e-05
4.493367878e-05
4.493308051e-05
4.493256219e-05
4.493213325e-05
4.493180128e-05
4.493157307e-05
4.493145618e-05
0.449002882
1.035058972
1.576827175
2.198314275
-4.904799416
-16.10445095
-18.3500991
14727.19621
17154.49895
37826.65234
34266.15471
27543.23055
24372.61022
22390.24877
20868.56806
19539.04271
18289.92482
17072.38223
15865.39653
14660.71737
13455.88666
12250.89608
11046.58895
9843.923269
8643.661032
7446.265142
6251.893163
5060.432355
3871.548875
2684.73878
1499.375897
314.7554124
4.50566438e-05
4.493368307e-05
4.493308484e-05
4.493256651e-05
4.493213754e-05
4.493180556e-05
4.493157733e-05
4.493146043e-05
0.3662206205
0.7144040327
0.7225292894
0.3611089158
-2.642960105
-13.44839025
-14.99676872
17.33328063
2.165831161
16525.46955
27189.42615
26051.29304
24570.01913
23145.55769
21790.21844
20473.09577
19172.53512
17878.29965
16587.11888
15299.06171
14015.40085
12737.53734
11466.54142
10203.01252
8947.086697
7698.501652
6456.675976
5220.784094
3989.820215
2762.650305
1538.053499
314.7554124
4.505531927e-05
4.493368766e-05
4.493308946e-05
4.49325711e-05
4.493214209e-05
4.493181008e-05
4.493158184e-05
4.493146493e-05
0.3479741965
0.8225994352
1.159537599
0.8927346142
-0.8988644495
-7.504297274
-8.021976603
12.63487523
14.88798377
2796.31453
23235.85192
24902.04557
24710.59562
23831.71537
22673.61516
21390.5429
20048.77085
18681.10857
17305.66154
15932.95198
14569.05767
13217.24894
11878.96445
10554.43832
9243.115534
7943.928641
6655.481796
5376.172314
4104.270301
2837.970024
1575.422406
314.7554124
4.505381235e-05
4.493369253e-05
4.493309433e-05
4.493257594e-05
4.493214688e-05
4.493181483e-05
4.493158656e-05
4.493146964e-05
0.2528326062
0.8595635567
1.392508212
1.747802993
2.020896223
0.8879625294
2.979877856
9.445326331
13.36111791
2659.136888
24566.73559
25610.83515
25538.58192
24797.064
23681.94656
22366.64529
20950.84695
19491.64781
18021.41006
16557.96864
15110.56824
13683.37375
12277.56669
10892.60113
9526.953536
8178.566462
6845.107507
5524.117234
4213.090446
2909.517256
1610.899918
314.7554124
4.505213837e-05
4.493369766e-05
4.493309945e-05
4.4932581e-05
4.493215189e-05
4.493181979e-05
4.49315915e-05
4.493147456e-05
0.08112130573
0.7148285014
1.339012037
2.054538534
3.054446343
4.047942966
6.358648741
10.79096299
13.82907044
3121.664116
27336.36018
27438.13947
27035.81307
26135.9828
24890.42314
23443.1988
21896.27258
20313.16998
18730.30438
17166.88466
15631.81103
14128.04762
12655.26455
11211.3865
9793.476821
8398.22791
7022.222304
5662.062737
4314.428133
2976.087964
1643.893334
314.7554124
4.505031676e-05
4.493370302e-05
4.493310479e-05
4.493258627e-05
4.493215709e-05
4.493182495e-05
4.493159662e-05
4.493147967e-05
-0.1188072723
0.4003886564
0.9364382045
1.629264326
2.595160403
4.26142585
7.554117359
12.03650988
14.69075219
3461.419273
30082.91381
29771.90924
29030.52817
27820.60178
26300.52455
24619.40773
22877.82158
21134.39751
19419.69349
17747.39415
16121.68135
14541.67733
13003.9943
11504.14396
10037.28535
8598.59815
7183.449058
5787.447237
4406.442086
3036.491942
1673.818607
314.7554124
4.504836887e-05
4.493370858e-05
4.493311031e-05
4.493259172e-05
4.493216247e-05
4.493183028e-05
4.493160192e-05
4.493148494e-05
-0.2991822001
-0.007089043273
0.3317247043
0.9007541995
1.797524649
3.954591849
8.465892481
14.11210666
15.40650583
4957.557831
32358.24224
32538.04211
31493.76827
29815.34402
27871.62569
25856.04001
23861.15492
21926.84598
20066.6172
18281.25613
16565.78099
14912.92298
13314.8288
11763.85037
10252.8685
8775.382315
7325.486406
5897.798781
4487.371405
3089.597668
1700.12235
314.7554124
4.504631946e-05
4.493371433e-05
4.4933116e-05
4.493259733e-05
4.493216801e-05
4.493183576e-05
4.493160736e-05
4.493149037e-05
-0.4443367665
-0.6515816375
-0.9684022994
-1.36585276
-1.719958904
-0.08143693065
8.104516516
22.68045687
15.34809731
2718.871302
36307.73325
36528.2711
34591.13904
32075.35312
29514.55923
27071.92574
24783.85566
22645.15225
20638.61029
18745.17041
16947.20226
15229.34322
13578.48644
11983.50189
10434.90235
8924.528204
7445.273109
5990.853518
4555.61724
3134.383478
1722.306457
314.7554124
4.504419477e-05
4.493372022e-05
4.493312182e-05
4.493260307e-05
4.493217367e-05
4.493184137e-05
4.493161293e-05
4.493149592e-05
-0.4737621457
-1.243117008
-2.510669716
-4.455607103
-7.332734111
-8.604877961
1.360431787
17.50574904
-0.8309074573
5571.187856
46731.76141
42678.65064
38267.14877
34380.33724
31039.30038
28133.20486
25557.13351
23231.23387
21097.43692
19113.55027
17248.45345
15478.70095
13786.21252
12156.71151
10578.6581
9042.507404
7540.18199
6064.688327
4609.830709
3169.991182
1739.953511
314.7554124
4.504202247e-05
4.493372623e-05
4.493312774e-05
4.493260891e-05
4.493217944e-05
4.493184708e-05
4.49316186e-05
4.493150157e-05
-0.4186941994
-1.658754817
-3.960557413
-8.92850935
-19.79038703
285.4435205
49.05155885
100.7969832
6040.47907
56716.33801
63060.6097
49191.31779
41418.44508
36139.52099
32129.06955
28864.41497
26080.18203
23625.14859
21406.28744
19363.07606
17454.29839
15650.73442
13930.89279
12278.41786
10680.45947
9126.61437
7608.217214
6117.850772
4648.996544
3195.776008
1752.750149
314.7554124
4.503983054e-05
4.493373232e-05
4.493313375e-05
4.493261483e-05
4.493218529e-05
4.493185287e-05
4.493162436e-05
4.49315073e-05
-0.2074305172
-0.67543654
-0.3977746019
-2.41993446
-2.819477417
39448.99043
57836.36915
40782.15151
56406.81417
66489.40247
60047.57388
49607.30523
42075.76943
36630.21303
32473.0118
29115.15639
26273.97313
23782.82752
21539.42241
19478.1027
17554.86604
15738.98428
14008.14767
12345.55239
10738.09652
9175.22712
7648.180442
6149.465278
4672.499729
3211.345656
1760.505146
314.7554124
4.50376481e-05
4.493373848e-05
4.493313981e-05
4.49326208e-05
4.493219119e-05
4.493185872e-05
4.493163017e-05
4.49315131e-05
-0.0914453134
-0.2711127392
0.03700932387
-1.223482897
-0.3269299378
250.4809047
22794.94438
39051.7201
43375.41519
74680.16552
56748.6538
47114.59567
40647.1104
35832.53537
32017.57689
28849.17757
26117.6711
23692.70657
21490.40924
19454.98196
17548.01494
15742.12695
14017.10201
12357.4922
10751.09645
9187.971481
7659.771601
6159.29523
4680.163261
3216.581887
1763.159236
314.7554124
4.503550328e-05
4.493374467e-05
4.49331459e-05
4.493262681e-05
4.493219713e-05
4.49318646e-05
4.493163602e-05
4.493151893e-05
0.03356665108
0.2080626332
0.5216533752
0.5335859282
1.200280964
2.654726992
227.7625222
31599.86925
30470.1235
45921.41485
45152.38086
41455.28868
37565.53239
34035.2232
30915.54652
28146.25684
25654.77508
23379.8644
21274.4682
19303.33987
17440.02256
15664.34513
13960.58233
12316.16301
10720.77551
9165.745841
7643.599595
6147.746811
4672.248944
3211.640278
1760.78479
314.7554124
4.503342217e-05
4.493375087e-05
4.493315199e-05
4.493263282e-05
4.493220307e-05
4.49318705e-05
4.493164188e-05
4.493152478e-05
0.062525123
0.6431234914
0.8775039322
2.131677683
2.493828968
4.902038672
11.67891453
13179.84424
22356.4553
33382.57975
36484.16925
35988.64261
34124.49789
31827.25247
29463.0859
27165.47684
24975.25678
22897.45601
20924.20408
19043.82787
17244.32952
15514.58815
13844.66087
12225.74768
10650.04742
9110.592789
7601.095531
6115.810608
4649.419198
3196.927164
1753.574964
314.7554124
4.503143002e-05
4.493375705e-05
4.493315806e-05
4.493263882e-05
4.493220902e-05
4.49318764e-05
4.493164775e-05
4.493153063e-05
-0.04315469647
1.115626685
1.082651132
2.730896136
2.619576997
4.861373958
9.418627296
17190.38521
22809.98451
28768.83632
31413.07029
31890.60901
31116.5448
29686.1695
27944.01856
26077.25361
24183.2663
22310.44599
20481.00886
18703.37962
16978.81941
15304.95715
13677.66762
12092.06572
10543.02519
9025.439376
7534.341661
6064.949183
4612.664902
3173.056687
1741.823653
314.7554124
4.502954999e-05
4.49337632e-05
4.49331641e-05
4.493264479e-05
4.493221493e-05
4.493188227e-05
4.49316536e-05
4.493153646e-05
-0.3208701541
1.088806626
0.6430567766
1.7122407
3.148800609
4.340430359
708.886733
29197.36486
28415.157
27470.36112
28508.66306
29044.16464
28764.87604
27856.82897
26549.51815
25016.20167
23370.05877
21680.002
19985.9521
18309.80574
16662.55282
15048.6947
13468.93
11921.76966
10404.50071
8913.755972
7445.846247
5996.949013
4563.210391
3140.794263
1725.899108
314.7554124
4.502780332e-05
4.49337693e-05
4.493317009e-05
4.493265071e-05
4.493222081e-05
4.493188811e-05
4.493165941e-05
4.493154225e-05
-0.6268639674
1.349372181
-0.3782352214
0.9080657376
4.341162481
5.798893953
9146.026859
13509.18727
21397.75726
24188.60599
26107.04708
27012.49069
27041.94377
26426.72854
25380.98723
24067.93228
22600.71844
21053.50201
19472.93976
17887.28368
16312.83479
14758.28178
13227.53269
11721.53077
10239.40575
8779.1969
7338.303253
5913.760821
4502.410216
3100.994814
1706.215026
314.7554124
4.502620571e-05
4.493377534e-05
4.493317602e-05
4.493265657e-05
4.493222662e-05
4.493189389e-05
4.493166517e-05
4.4931548e-05
-0.04282174358
2.659815485
0.4130403462
-1.203233434
3.228122306
788.416144
17316.43795
4507.836929
15186.98089
21778.07175
24718.41318
25856.78139
25963.66
25427.12456
24479.73103
23273.77788
21911.33427
20460.29903
18964.97014
17453.50113
15943.16578
14444.00946
12961.33439
11497.36501
10052.3498
8625.283329
7214.375212
5817.352513
4431.652594
3054.544363
1683.203022
314.7554124
4.502477149e-05
4.49337813e-05
4.493318187e-05
4.493266236e-05
4.493223237e-05
4.493189961e-05
4.493167086e-05
4.493155368e-05
-0.8301713019
1.0618811
-3.404427565
-8.605577724
114.9951783
26687.85319
7528.368548
8439.890037
17439.83391
23018.27655
25131.72304
25732.51395
25528.76273
24838.34901
23836.99824
22636.07267
21310.49668
19911.34197
18473.0908
17018.53307
15562.26417
14113.20187
12676.37821
11254.19672
9847.301882
8455.17354
7076.529191
5709.594226
4352.281918
3002.312253
1657.289856
314.7554124
4.50235107e-05
4.493378718e-05
4.493318763e-05
4.493266806e-05
4.493223804e-05
4.493190525e-05
4.493167648e-05
4.493155929e-05
-1.712236518
1.161719896
-1.175174402
7.148989441
16673.17865
51123.87211
35695.60047
38089.45021
29503.1737
27723.45283
27057.65682
26412.76942
25580.50726
24560.48269
23393.80621
22122.9792
20783.19493
19401.43554
17997.47002
16585.22598
15174.10395
13770.10327
12376.72942
10995.69521
9627.445911
8271.543393
6926.942492
5592.18714
4265.548078
2945.118708
1628.881615
314.7554124
4.50224305e-05
4.493379296e-05
4.49331933e-05
4.493267367e-05
4.493224362e-05
4.49319108e-05
4.493168201e-05
4.493156481e-05
-2.581591529
0.6286317108
-0.2012464014
11.37809058
1761.634711
15094.03181
19764.10743
42531.67149
35663.04516
31314.00294
28962.66202
27280.38161
25819.99141
24429.24098
23054.73251
21678.8061
20297.82707
18913.69113
17530.08146
16150.74826
14778.77195
13416.32723
12064.69247
10724.36425
9395.203408
8076.576798
6767.480217
5466.638656
4172.584852
2883.719312
1598.355683
314.7554124
4.502153425e-05
4.493379864e-05
4.493319886e-05
4.493267918e-05
4.493224909e-05
4.493191625e-05
4.493168744e-05
4.493157023e-05
-30.67775556
1993.695672
-26.70470396
-9.357763817
-19.91495457
-12.02661175
8.283092145
33370.18483
36226.54279
32906.75649
30198.60639
27926.08495
25989.8126
24281.7314
22717.04704
21239.65073
19815.57676
18425.37814
17058.37164
15708.86641
14373.85944
13051.69252
11741.3026
10441.82345
9152.388815
7872.046898
6599.734148
5334.278335
4074.414495
2818.805041
1566.059932
314.7554124
4.502082225e-05
4.493380423e-05
4.493320432e-05
4.493268458e-05
4.493225446e-05
4.493192159e-05
4.493169277e-05
4.493157555e-05
32283.47646
15968.8455
395.7946432
517.6938697
-8.160388038
0.4526155944
-4.0680548
15234.1764
33952.10531
33888.18106
30998.91551
28235.52048
25931.42147
23990.80107
22292.04611
20747.13969
19299.41335
17913.83233
16569.1172
15252.44049
13956.05965
12675.2342
11406.95791
10149.19796
8900.445568
7659.456115
6425.103621
5196.30299
3971.971735
2751.014099
1532.317485
314.7554124
4.502029165e-05
4.49338097e-05
4.493320966e-05
4.493268987e-05
4.493225971e-05
4.493192681e-05
4.493169797e-05
4.493158075e-05
692.6619761
145.0895204
43.85306028
-9.44396085
-5.110727942
-4.470065411
-4.18825931
9793.121935
35538.06734
37701.16083
31673.35001
28085.64466
25509.53321
23457.98337
21713.17034
20157.41655
18721.0685
17361.38152
16051.78241
14775.67443
13522.65929
12286.18251
11062.05536
9847.52707
8640.705398
7440.198212
6244.894975
5053.836284
3866.138229
2680.950481
1497.434773
314.7554124
4.501993745e-05
4.493381506e-05
4.493321488e-05
4.493269502e-05
4.493226483e-05
4.493193191e-05
4.493170306e-05
4.493158582e-05
-3.767875651
-13.38613299
-14.87328752
-17.5592913
-8.876923532
-6.714658306
-8.152819857
4316.195467
33551.12982
33743.51381
29907.65447
26924.15891
24563.0665
22618.40928
20945.20996
19448.25675
18066.02789
16758.80515
15500.91607
14275.7731
13072.67766
11884.73966
10707.51514
9538.114072
8374.618707
7215.707767
6060.416827
4907.988079
3757.778247
2609.203894
1461.710388
314.7554124
4.501975224e-05
4.493382026e-05
4.493321995e-05
4.493270003e-05
4.493226982e-05
4.493193688e-05
4.4931708e-05
4.493159076e-05
-5.400201333
-11.1266715
-10.92323369
-9.901047273
-6.728441464
-5.800252503
-5.996432277
6684.681605
30548.53562
28864.84737
27289.55175
25140.2598
23200.1498
21507.35856
20000.97868
18624.34286
17335.9479
16106.85892
14917.26484
13753.7839
12607.49832
11472.5446
10345.11533
9222.762233
8103.917472
6987.570304
5873.052886
4759.901295
3647.76764
2536.366306
1425.44257
314.7554124
4.50197267e-05
4.493382532e-05
4.493322488e-05
4.49327049e-05
4.493227466e-05
4.49319417e-05
4.493171281e-05
4.493159556e-05
-2.513883062
-4.882213617
-5.831538705
-5.848857738
-4.347597768
-5.139783941
-3.429449869
1518.992431
27284.79684
29746.24545
25245.44732
23147.17138
21589.9001
20209.87757
18926.97917
17712.15971
16546.53019
15415.38319
14307.46358
13214.56144
12130.94959
11052.78925
9977.605829
8903.871152
7830.690385
6757.577668
5684.300939
4610.778195
3537.010663
2463.041777
1388.933712
314.7554124
4.501985073e-05
4.493383021e-05
4.493322965e-05
4.493270962e-05
4.493227935e-05
4.493194637e-05
4.493171747e-05
4.493160021e-05
-1.701368561
-3.474794371
-4.222266724
-4.132674213
-3.353073141
-4.035673351
-3.357015469
-3.831798252
11739.74516
18738.08694
20798.80926
20613.06527
19802.38795
18815.25397
17784.87759
16750.75973
15722.59991
14700.64729
13682.61027
12666.01344
11648.91472
10630.02385
9608.616526
8584.397337
7557.368791
6527.725234
5495.77432
4461.882862
3426.442141
2389.847921
1352.491065
314.7554124
4.502011311e-05
4.493383493e-05
4.493323425e-05
4.493271417e-05
4.493228388e-05
4.493195088e-05
4.493172197e-05
4.493160471e-05
-1.081447821
-2.076174981
-2.602562761
-2.61307611
-2.379651385
-2.261347069
-1.849460296
-3.122670945
10333.14706
16457.56887
18599.1737
18703.8828
18191.31878
17463.855
16646.49574
15783.37642
14892.43415
13981.96513
13056.28473
12117.93493
11168.6402
10209.74436
9242.410259
8267.705981
7286.637482
6300.157972
5309.169103
4314.521179
3317.015392
2317.409034
1316.423621
314.7554124
4.502050068e-05
4.493383948e-05
4.493323869e-05
4.493271856e-05
4.493228824e-05
4.493195523e-05
4.493172631e-05
4.493160904e-05
-0.7039956861
-1.330231191
-1.708798132
-1.745008851
-1.595499801
-1.22704623
-1.090530355
-1.617767446
20057.20362
21473.03377
18436.01369
17411.96462
16795.13619
16202.33472
15553.85354
14843.79239
14081.76872
13278.46603
12442.59927
11580.77185
10697.93769
9797.87498
8883.547386
7957.353744
7021.294133
6077.07951
5126.205355
4170.003155
3209.678644
2246.342339
1281.035775
314.7554124
4.502100171e-05
4.493384386e-05
4.493324295e-05
4.493272278e-05
4.493229244e-05
4.493195942e-05
4.493173048e-05
4.493161321e-05
-0.4977441032
-0.8772026676
-1.075650136
-1.064907322
-0.9509865268
-0.5117934079
-0.5779143455
-0.2423698601
12033.14784
17880.9862
16259.65661
15712.81723
15374.91448
14996.47846
14522.77229
13956.14888
13312.35788
12607.50505
11854.84785
11064.58873
10244.43718
9400.244564
8536.525701
7656.84412
6764.084402
5860.641635
4948.553599
4029.594603
3105.344208
2177.239783
1246.618884
314.7554124
4.502160263e-05
4.493384806e-05
4.493324704e-05
4.493272682e-05
4.493229647e-05
4.493196343e-05
4.493173449e-05
4.493161721e-05
-0.3589489653
-0.5530716085
-0.628345562
-0.5551094082
-0.3924842201
0.1547865678
0.04350347516
1.288082423
2456.427479
10478.96637
13008.58073
13804.72427
13995.21481
13885.87771
13584.59053
13145.65265
12603.98649
11984.32483
11304.67418
10578.27371
9814.953424
9022.11651
8205.443714
7369.390999
6517.537984
5652.831678
4777.758224
3894.465881
3004.855307
2110.648226
1213.442013
314.7554124
4.502229083e-05
4.493385206e-05
4.493325095e-05
4.493273069e-05
4.493230032e-05
4.493196726e-05
4.493173831e-05
4.493162103e-05
-0.2935910843
-0.3810776045
-0.3713140614
-0.2541318735
-0.02559491051
0.3750374921
0.4945721109
1.654748374
647.014629
9453.654713
11490.31107
12502.27715
12915.33232
12967.21331
12784.04311
12437.86622
11973.59028
11421.11216
10801.22838
10128.85625
9414.963953
8667.802275
7893.720371
7097.718227
6283.826751
5455.373047
4615.168532
3765.644955
2908.955263
2047.050857
1181.743207
314.7554124
4.502305403e-05
4.493385588e-05
4.493325466e-05
4.493273437e-05
4.493230398e-05
4.493197092e-05
4.493174196e-05
4.493162468e-05
-0.2608755867
-0.253441954
-0.1745936899
-0.024346651
0.2518585975
0.5875806639
0.7837416984
1.859741385
271.1813721
9780.278036
10996.57695
11798.73427
12196.61424
12283.58748
12146.48762
11848.16228
11431.37798
10925.28582
10350.251
9720.938591
9048.223299
8340.387925
7603.897677
6843.916481
6064.661201
5269.650837
4461.885919
3643.980678
2818.262973
1986.852208
1151.722383
314.7554124
4.502387968e-05
4.493385949e-05
4.493325819e-05
4.493273787e-05
4.493230746e-05
4.493197439e-05
4.493174543e-05
4.493162814e-05
-0.2787597924
-0.2364275868
-0.1325747169
0.02172883415
0.3487960227
0.7186609304
0.9934612808
2.747093672
273.910213
10291.29553
10918.43173
11499.46243
11788.79406
11824.02333
11670.14467
11376.90266
10978.45725
10498.3847
9953.533124
9356.405194
8716.583855
8041.609768
7337.547973
6609.372086
5861.235652
5096.670073
4318.732701
3530.120194
2733.257318
1930.368397
1123.536656
314.7554124
4.502475557e-05
4.493386291e-05
4.493326153e-05
4.493274117e-05
4.493231076e-05
4.493197768e-05
4.493174871e-05
4.493163142e-05
-0.298152851
-0.2267988115
-0.09029689569
0.05140643415
0.438887894
0.8481501346
1.147832112
5.921476511
209.1477117
9153.918445
10887.72599
11491.8839
11635.06827
11553.55668
11333.15361
11010.83333
10607.1489
10136.24679
9609.075076
9034.548162
8420.079876
7771.902232
7095.295962
6394.772966
5674.225477
4937.049103
4186.244556
3424.502024
2654.271676
1877.823396
1097.298449
314.7554124
4.502566993e-05
4.493386613e-05
4.493326468e-05
4.493274429e-05
4.493231387e-05
4.493198077e-05
4.49317518e-05
4.493163451e-05
-0.3923700627
-0.347200394
-0.2471708073
-0.1751411597
0.218364955
0.588105436
1.033776224
3.725946741
784.6394823
10764.16697
11986.85482
11945.27371
11706.0311
11421.97235
11098.0695
10726.11628
10303.04484
9830.364116
9311.957137
8752.616926
8157.269478
7530.607747
6876.945726
6200.184395
5503.831558
4791.045224
4064.685017
3327.364079
2581.49821
1829.351186
1073.076394
314.7554124
4.502661097e-05
4.493386916e-05
4.493326764e-05
4.493274722e-05
4.493231678e-05
4.493198368e-05
4.49317547e-05
4.49316374e-05
-0.4481308093
-0.4474619536
-0.3984283352
-0.5524363739
-0.1821991869
-2.623082905
-0.8383054392
1247.678272
16642.82922
19693.28914
14350.9492
12596.31946
11821.80255
11330.22401
10911.02653
10492.50669
10048.53793
9570.194613
9055.758674
8506.678708
7925.758977
7316.299359
6681.681156
6025.174543
5349.859471
4658.604886
3954.077359
3238.763817
2515.000339
1785.002968
1050.898625
314.7554124
4.502756693e-05
4.4933872e-05
4.493327041e-05
4.493274996e-05
4.49323195e-05
4.493198639e-05
4.49317574e-05
4.49316401e-05
-0.5820398956
-0.5932449446
-0.5578945858
-0.6334258474
-0.1837038663
-1.091776386
-1.777629324
8326.783169
8704.289775
14282.31282
13126.94846
12267.24913
11654.62961
11166.08757
10723.29749
10284.33621
9828.394578
9346.105872
8834.191724
8292.567292
7722.775233
7127.136583
6508.292471
5868.961338
5211.816026
4539.427755
3854.247286
3158.606504
2454.730956
1744.758029
1030.757858
314.7554124
4.502852626e-05
4.493387466e-05
4.493327299e-05
4.493275251e-05
4.493232203e-05
4.49319889e-05
4.49317599e-05
4.49316426e-05
-0.7063703999
-0.7671918562
-0.842395097
-0.9356242698
-0.651455081
-0.9966723151
-2.018940293
3492.422629
-2530.835417
9648.861239
11606.19811
11691.09479
11363.374
10956.19286
10531.73189
10093.13714
9634.58841
9151.63188
8642.323713
8106.611703
7545.626081
6961.167355
6355.379234
5730.551307
5089.005317
4433.033579
3764.869442
3086.677206
2400.553698
1708.536737
1012.617555
314.7554124
4.502947655e-05
4.493387712e-05
4.493327538e-05
4.493275486e-05
4.493232436e-05
4.493199121e-05
4.493176219e-05
4.493164489e-05
-0.8215702242
-0.9697236671
-1.376521161
-1.705846115
-1.481622701
-0.9569007254
-0.2316668642
53.01733724
13928.01171
12850.50658
11957.8894
11527.55422
11151.57414
10763.57213
10354.2929
9921.883872
9465.18107
8983.499846
8476.849241
7945.918953
7391.939028
6816.516523
6221.495035
5608.849022
4980.610691
4338.82299
3685.511941
3022.672671
2352.26482
1676.214197
996.4184797
314.7554124
4.503040637e-05
4.49338794e-05
4.493327758e-05
4.493275701e-05
4.493232648e-05
4.493199331e-05
4.493176428e-05
4.493164697e-05
-0.8217037286
-1.325614495
-2.333791087
-3.044551964
-2.984039889
-2.228390454
-1.142086489
425.1113331
19111.78865
13373.6107
11847.28686
11309.65539
10951.79197
10592.22312
10199.9771
9774.916831
9320.743887
8840.328286
8335.644962
7808.265908
7259.684374
6691.454444
6105.22529
5502.729338
4885.756278
4256.127361
3615.675253
2966.230495
2309.613871
1647.633456
982.0851264
314.7554124
4.503130298e-05
4.493388147e-05
4.493327958e-05
4.493275896e-05
4.49323284e-05
4.49319952e-05
4.493176615e-05
4.493164883e-05
-0.3694966321
-0.602411529
-2.557200379
-3.652980216
-3.767681517
-2.745373833
-1.254652395
1590.881401
2796.905432
9683.273691
10747.98973
10911.9855
10753.71119
10453.5461
10078.46948
9657.055575
9202.541749
8721.416193
8217.127593
7691.806094
7147.068616
6584.382021
6005.212883
5411.0776
4803.549065
4184.24698
3554.824201
2916.95431
2272.322159
1622.617555
969.5316589
314.7554124
4.503215426e-05
4.493388332e-05
4.493328137e-05
4.49327607e-05
4.49323301e-05
4.493199688e-05
4.493176781e-05
4.493165048e-05
-0.4115654688
-0.05394322022
-1.791242816
-3.246216185
-3.522056434
-2.475060413
-1.14854841
244.3119581
1923.842278
9042.367546
10549.41116
10836.58268
10697.51739
10389.77579
10003.29342
9572.287765
9110.944189
8625.659377
8119.634831
7594.753576
7052.39306
6493.783155
5920.157731
5332.810499
4733.107264
4122.479842
3502.413704
2874.434922
2240.098695
1600.980129
958.6671924
314.7554124
4.503294809e-05
4.493388495e-05
4.493328293e-05
4.493276222e-05
4.493233158e-05
4.493199833e-05
4.493176924e-05
4.493165189e-05
-0.3282858871
0.1551005142
-1.549843682
-2.631068925
-2.332385892
-1.178967058
1.387112133
3612.828412
12670.20685
12198.12182
11570.70291
11187.4136
10809.99611
10404.74157
9972.635091
9517.8516
9043.280976
8550.634851
8040.99088
7515.172096
6973.958489
6418.191356
5848.816047
5266.891339
4673.582062
4070.144506
3457.909808
2838.267981
2212.653758
1582.534549
949.4003781
314.7554124
4.503367271e-05
4.493388633e-05
4.493328424e-05
4.493276349e-05
4.493233282e-05
4.493199954e-05
4.493177043e-05
4.493165306e-05
-0.5299285763
-0.6590571533
-1.410431316
-0.8663267285
0.04067174366
0.2197532671
4.713664096
5562.370478
15951.07319
13830.51168
12347.8628
11532.36988
10950.3082
10446.55464
9964.648282
9483.196402
8993.686525
8492.600952
7978.51415
7450.977604
6910.069492
6356.199788
5790.015961
5212.349247
4624.178123
4026.599971
3420.807546
2808.068938
2189.710412
1567.101705
941.6433251
314.7554124
4.503431803e-05
4.493388741e-05
4.493328525e-05
4.493276448e-05
4.493233379e-05
4.49320005e-05
4.493177137e-05
4.493165397e-05
-0.7004634246
-1.637598029
-2.129041301
-1.266489658
0.2248144628
1.146274381
2.76974144
2819.73165
15203.65802
13609.90892
12457.86482
11643.89213
11012.30838
10466.51579
9956.201483
9456.593063
8955.661122
8447.561226
7929.479828
7400.147189
6859.134553
6306.514876
5742.691482
5168.304624
4584.174776
3991.263948
3390.646532
2783.485813
2171.014262
1554.516595
935.3149179
314.7554124
4.503487303e-05
4.493388814e-05
4.493328594e-05
4.493276517e-05
4.49323345e-05
4.493200122e-05
4.493177208e-05
4.493165464e-05
-0.1788277626
-1.181848664
-1.302917701
-0.8368805231
0.05683191842
0.5805607379
1.166776924
1421.808858
13530.74282
12946.34261
12229.7933
11573.02245
10988.5134
10450.99378
9937.043207
9431.3071
8924.797076
8412.496081
7891.689636
7360.989591
6819.799507
6268.026656
5705.923678
5133.996576
4552.946526
3963.629304
3367.024408
2764.209989
2156.34162
1544.633814
930.3435738
314.7554124
4.503532124e-05
4.493388843e-05
4.493328627e-05
4.493276558e-05
4.493233496e-05
4.493200171e-05
4.49317726e-05
4.493165515e-05
0.9256248788
-0.2535691195
-0.2661867207
-0.4733254968
0.1735678609
0.2145616759
0.9205571858
2492.047576
12703.52447
12414.92532
11941.94105
11429.88766
10917.72473
10411.89768
9909.664819
9406.788894
8899.71745
8385.929586
7863.786137
7332.31513
6791.040418
6239.861929
5678.973645
5108.805535
4529.980054
3943.277613
3349.607855
2749.984982
2145.506117
1537.331993
926.6694745
314.7554124
4.503564203e-05
4.493388817e-05
4.493328622e-05
4.493276571e-05
4.493233519e-05
4.4932002e-05
4.493177296e-05
4.493165559e-05
2.156648238
0.3073784123
0.7340153569
-0.1161035477
0.521350347
0.3095633155
21.35447391
12825.39786
12612.66596
12067.89329
11693.15526
11286.85883
10840.59574
10369.20228
9882.923811
9386.460045
8881.34775
8367.711997
7845.203477
7313.437709
6772.178573
6221.400682
5661.297443
5092.266306
4514.885545
3929.888909
3338.140817
2740.613135
2138.363799
1532.517233
924.246292
314.7554124
4.503587231e-05
4.493388749e-05
4.4933286e-05
4.493276561e-05
4.493233524e-05
4.493200211e-05
4.493177311e-05
4.493165591e-05
3.028581806
0.3789726883
1.2817194
0.01750022761
0.6638715024
0.2511914221
42.66490239
4667.093613
11108.42789
11550.82472
11475.92492
11183.79289
10788.59266
10341.38674
9866.362415
9374.773596
8871.495088
8358.360625
7835.871503
7304.047173
6762.829158
6212.258698
5652.543395
5084.071413
4507.402189
3923.247588
3332.449999
2735.960285
2134.816762
1530.125577
923.0424276
314.7554124
4.503578346e-05
4.493388678e-05
4.493328604e-05
4.493276545e-05
4.493233525e-05
4.493200218e-05
4.4931773e-05
4.493165609e-05
)
;

boundaryField
{
    lowerWall
    {
        type            fixedFluxPressure;
        gradient        uniform 0;
        value           nonuniform List<scalar> 
80
(
4.493141545e-05
4.493141539e-05
4.493141534e-05
4.493141546e-05
4.493141582e-05
4.493141629e-05
4.493141677e-05
4.493141725e-05
4.493141773e-05
4.493141823e-05
4.493141879e-05
4.493141942e-05
4.493142014e-05
4.493142097e-05
4.493142193e-05
4.493142304e-05
4.49314243e-05
4.493142573e-05
4.493142734e-05
4.493142916e-05
4.493143119e-05
4.493143345e-05
4.493143594e-05
4.493143867e-05
4.493144166e-05
4.49314449e-05
4.493144841e-05
4.493145216e-05
4.493145618e-05
4.493146043e-05
4.493146493e-05
4.493146964e-05
4.493147456e-05
4.493147967e-05
4.493148494e-05
4.493149037e-05
4.493149592e-05
4.493150157e-05
4.49315073e-05
4.49315131e-05
4.493151893e-05
4.493152478e-05
4.493153063e-05
4.493153646e-05
4.493154225e-05
4.4931548e-05
4.493155368e-05
4.493155929e-05
4.493156481e-05
4.493157023e-05
4.493157555e-05
4.493158075e-05
4.493158582e-05
4.493159076e-05
4.493159556e-05
4.493160021e-05
4.493160471e-05
4.493160904e-05
4.493161321e-05
4.493161721e-05
4.493162103e-05
4.493162468e-05
4.493162814e-05
4.493163142e-05
4.493163451e-05
4.49316374e-05
4.49316401e-05
4.49316426e-05
4.493164489e-05
4.493164697e-05
4.493164883e-05
4.493165048e-05
4.493165189e-05
4.493165306e-05
4.493165397e-05
4.493165464e-05
4.493165515e-05
4.493165559e-05
4.493165591e-05
4.493165609e-05
)
;
    }
    atmosphere
    {
        type            totalPressure;
        rho             rho;
        psi             none;
        gamma           1;
        p0              uniform 0;
        value           nonuniform List<scalar> 
80
(
-0.1966759702
-0.6592855712
-0.7856806747
-0.8261101779
-0.8139193777
-1.041270765
-0.9777820153
-0.916370161
-0.5283704455
-0.3233776573
-0.200643574
-0.2213136189
-0.3465397276
-0.5976111613
-1.026047552
-1.662484112
-2.397519937
-2.551243935
-0.9198820852
0
0
0
0
0
0
0
0
0
0
0
0
-0.008347103463
-0.107414627
-0.2619647855
-0.395302781
-0.468847957
-0.4125192589
-0.2746081919
-0.04893600644
-0.04305926869
-0.0313980281
-0.04553442173
-0.09452676391
-0.102538507
-0.4002017323
-0.1088676993
0
0
0
0
0
0
0
-0.3246582855
-1.368509278
-0.7693179679
-0.4756687983
-0.3622469369
-0.254314849
-0.2314173073
-0.2110026824
-0.2215572515
-0.2417243562
-0.2879389242
-0.323542186
-0.4264356757
-0.4550518078
-0.6090454671
-0.7088647086
-0.8227414325
-0.7318908572
-0.1729819474
0
0
0
0
0
0
0
0
)
;
    }
    rightWall
    {
        type            empty;
    }
    leftWall
    {
        type            empty;
    }
    frontAndBack
    {
        type            fixedFluxPressure;
        gradient        nonuniform List<scalar> 
80
(
2.182725e-06
6.548175006e-06
0.007672592801
1.527908692e-05
1.964453502e-05
2.400998782e-05
-4939.404553
-1.468143691
0
0
0
0
0
0
0
0
0
0
0
0
0
0
0
0
0
0
0
0
0
0
0
0
0.0001418773384
0.000146242575
0.000150608025
0.000154973475
0.000159338925
0.000163704375
0.000168069825
0.000172435275
2.182725753e-06
6.548176718e-06
1.091362648e-05
1.527907613e-05
1.964452514e-05
2.4009975e-05
-2812.83754
-6367.635867
0
0
0
0
0
0
0
0
0
0
0
0
0
0
0
0
0
0
0
0
0
0
0
0
0.0001418773282
0.000146242575
0.000150608025
0.0001549734751
0.000159338925
0.000163704375
0.0001680698252
0.000172435275
)
;
        value           nonuniform List<scalar> 
80
(
-2.119354938
1.46008867
1213.187718
-3.725513358
-3.140783138
-3.933598625
1234.640481
17663.20815
17664.21691
14768.73289
12908.11099
11598.37222
10608.39991
9815.424559
9147.596249
8559.613822
8021.516791
7513.006068
7020.248599
6533.899226
6047.784357
5557.985356
5062.18604
4559.205211
4048.661812
3530.735518
3005.996133
2475.282655
1939.618027
1400.148982
858.1028998
314.7554124
4.504961028e-05
4.494278426e-05
4.49424568e-05
4.494220959e-05
4.494205268e-05
4.494199275e-05
4.494203659e-05
4.494219265e-05
3.028581806
0.3789726887
1.281719401
0.01750022856
0.6638715036
0.2511914236
42.48910005
4666.695636
11108.42789
11550.82472
11475.92492
11183.79289
10788.59266
10341.38674
9866.362415
9374.773596
8871.495088
8358.360625
7835.871503
7304.047173
6762.829158
6212.258698
5652.543395
5084.071413
4507.402189
3923.247588
3332.449999
2735.960285
2134.816762
1530.125577
923.0424276
314.7554124
4.504465079e-05
4.494302694e-05
4.494269904e-05
4.494245129e-05
4.494229393e-05
4.49422337e-05
4.494227736e-05
4.494243329e-05
)
;
    }
}


// ************************************************************************* //
