/*--------------------------------*- C++ -*----------------------------------*\
| =========                 |                                                 |
| \\      /  F ield         | OpenFOAM: The Open Source CFD Toolbox           |
|  \\    /   O peration     | Version:  2506                                  |
|   \\  /    A nd           | Website:  www.openfoam.com                      |
|    \\/     M anipulation  |                                                 |
\*---------------------------------------------------------------------------*/
FoamFile
{
    version     2.0;
    format      ascii;
    arch        "LSB;label=32;scalar=64";
    class       volScalarField;
    location    "0.006";
    object      Qv;
}
// * * * * * * * * * * * * * * * * * * * * * * * * * * * * * * * * * * * * * //

dimensions      [1 0 -3 0 0 0 0];

internalField   nonuniform List<scalar> 
3200
(
14233170.83
14346149.66
14395727.12
14127334.97
12952174.37
12251663.02
12298523.91
11893794.51
3147231.123
215987.5514
11436.95568
2519.296483
1635.331332
1497.571542
1475.795385
1472.6978
1472.306135
1472.261717
1472.257148
1472.256718
1472.25668
1472.256677
1472.256675
1472.256666
1472.256616
1472.256365
1472.255228
1472.250698
1472.234976
1472.188199
1472.070926
1471.827203
1471.827543
1471.840863
1471.85236
1471.861998
1471.869747
1471.87558
1471.879479
1471.881432
14106499.36
14141685.16
14223240.11
13541261.41
12468984.47
11128335.86
10806272.44
8744553.322
2477570.973
180215.2715
10614.51076
2483.162919
1633.139688
1497.648227
1475.867271
1472.715425
1472.309273
1472.262186
1472.257211
1472.256726
1472.256681
1472.256677
1472.256675
1472.256666
1472.256616
1472.256365
1472.255228
1472.250698
1472.234976
1472.188199
1472.070926
1471.827203
1471.827543
1471.840863
1471.85236
1471.861998
1471.869747
1471.87558
1471.879479
1471.881432
13923487.83
13883302.66
13764030.87
13218245.11
12274861.07
10875732.56
10751405.53
7101234.828
1750935.187
133900.9856
9410.045301
2431.581495
1631.426332
1498.26619
1476.097817
1472.767103
1472.318562
1472.263642
1472.257418
1472.256753
1472.256685
1472.256678
1472.256675
1472.256666
1472.256616
1472.256365
1472.255228
1472.250698
1472.234976
1472.188199
1472.070926
1471.827203
1471.827543
1471.840863
1471.85236
1471.861998
1471.869747
1471.87558
1471.879479
1471.881432
13734697.13
13654939.29
13461443.58
12998916.59
12229938.63
11051447.19
10904235.08
5843691.96
1238952.298
111093.9528
9153.28457
2467.09413
1645.168489
1502.085657
1476.975302
1472.941106
1472.349294
1472.268574
1472.258146
1472.256852
1472.256697
1472.256679
1472.256676
1472.256666
1472.256616
1472.256365
1472.255228
1472.250698
1472.234976
1472.188199
1472.070926
1471.827203
1471.827543
1471.840863
1471.85236
1471.861998
1471.869747
1471.87558
1471.879479
1471.881432
13555899.27
13453321.02
13222158.47
12801375.8
12224724.47
11841540.91
11918663.52
7121449.048
1548765.202
140874.5847
11174.09325
2716.667187
1698.230714
1514.72243
1479.789486
1473.506324
1472.45185
1472.285514
1472.260712
1472.257211
1472.256744
1472.256685
1472.256676
1472.256666
1472.256617
1472.256365
1472.255228
1472.250698
1472.234976
1472.188199
1472.070926
1471.827203
1471.827543
1471.840863
1471.85236
1471.861998
1471.869746
1471.87558
1471.879479
1471.881432
13384335.04
13258823.24
12976249.83
12495927.77
11729638.09
10239174.47
9863772.198
5457122.099
1548988.376
193122.8638
16733.93419
3434.789783
1850.181552
1551.667255
1488.264571
1475.253598
1472.775163
1472.339647
1472.268983
1472.258373
1472.256895
1472.256703
1472.256678
1472.256667
1472.256617
1472.256365
1472.255228
1472.250698
1472.234976
1472.188199
1472.070926
1471.827203
1471.827543
1471.840863
1471.85236
1471.861998
1471.869746
1471.87558
1471.879479
1471.881432
13217766.37
13053515.45
12678903.96
12043414.98
11052109
9605080.277
7680391.336
4402327.059
1956202.431
393823.6729
40337.02801
6008.40966
2305.156762
1654.738021
1511.580701
1480.068926
1473.669048
1472.489539
1472.29188
1472.261584
1472.257311
1472.256753
1472.256684
1472.256667
1472.256617
1472.256365
1472.255228
1472.250698
1472.234976
1472.188199
1472.070926
1471.827203
1471.827543
1471.840863
1471.85236
1471.861998
1471.869746
1471.87558
1471.879479
1471.881432
13069632.56
12861800.76
12385288.97
11557612.48
10316037.89
8183837.257
5927466.251
5371239.568
3652515.066
1193534.648
161667.9379
16758.1215
3634.511667
1905.863338
1565.346553
1491.042937
1475.701491
1472.829719
1472.343688
1472.268821
1472.258245
1472.256865
1472.256696
1472.256669
1472.256617
1472.256365
1472.255228
1472.250698
1472.234976
1472.188199
1472.070926
1471.827203
1471.827543
1471.840863
1471.85236
1471.861998
1471.869746
1471.87558
1471.879479
1471.881432
12955706.96
12704204.16
12122560.46
11102201.7
9496508.85
7706374.327
6272445.779
5717054.216
5877601.435
2858177.991
597281.1334
57860.04591
7142.438729
2407.678779
1662.942742
1510.564066
1479.309187
1473.433064
1472.43533
1472.281563
1472.259879
1472.25706
1472.256718
1472.256671
1472.256617
1472.256365
1472.255228
1472.250698
1472.234976
1472.188199
1472.070926
1471.827203
1471.827543
1471.840863
1471.85236
1471.861998
1471.869746
1471.87558
1471.879479
1471.881432
12893543.47
12612807.04
11960958.02
10800083.74
9246887.354
7739094.597
6585765.5
5685100.902
5192463.566
3766844.982
1196106.765
145964.6871
13832.31195
3150.379491
1792.666448
1536.040636
1484.036701
1474.227012
1472.555934
1472.298269
1472.262007
1472.257311
1472.256746
1472.256674
1472.256617
1472.256365
1472.255228
1472.250698
1472.234976
1472.188199
1472.070926
1471.827203
1471.827543
1471.840863
1471.85236
1471.861998
1471.869746
1471.87558
1471.879479
1471.881432
12891128.6
12604584.25
11942891.46
10810621.19
9408508.398
8095358.632
7205796.524
6367759.618
4012117.33
2857757.198
1222913.914
209908.8613
20510.95989
3849.324083
1909.006209
1559.03509
1488.383907
1474.966555
1472.668756
1472.313845
1472.263972
1472.257539
1472.25677
1472.256676
1472.256617
1472.256365
1472.255228
1472.250698
1472.234976
1472.188199
1472.070926
1471.827203
1471.827543
1471.840863
1471.85236
1471.861998
1471.869746
1471.87558
1471.879479
1471.881432
12942635.78
12676593.42
12072549.29
11069221.63
9822831.324
8714486.186
8292677.284
8105861.516
6124208.687
2292781.748
1235443.383
247540.5242
25098.75566
4318.118224
1984.480048
1573.970884
1491.233946
1475.452578
1472.742316
1472.323816
1472.265195
1472.257676
1472.256784
1472.256678
1472.256618
1472.256365
1472.255228
1472.250698
1472.234976
1472.188199
1472.070926
1471.827203
1471.827543
1471.840863
1471.85236
1471.861998
1471.869746
1471.87558
1471.879479
1471.881432
13027842.64
12793301.23
12268737.22
11418373.56
10354385.34
9585964.356
9823102.461
10488379.32
9346822.724
4611863.802
1718193.852
309245.9243
29003.65053
4609.693762
2024.484856
1581.237207
1492.529606
1475.656927
1472.770197
1472.327087
1472.26552
1472.257702
1472.256786
1472.256678
1472.256618
1472.256365
1472.255228
1472.250698
1472.234976
1472.188199
1472.070926
1471.827203
1471.827543
1471.840863
1471.85236
1471.861998
1471.869746
1471.87558
1471.879479
1471.881432
13127537.99
12922672.86
12466575.35
11752248.46
10924736.45
10576706.51
11618972.12
12263220.28
11769630.43
7929423.706
2455098.938
378794.1389
32343.28737
4813.498975
2048.408644
1584.924437
1493.049581
1475.7107
1472.772215
1472.326399
1472.2653
1472.25766
1472.256779
1472.256677
1472.256617
1472.256365
1472.255228
1472.250698
1472.234976
1472.188199
1472.070926
1471.827203
1471.827543
1471.840863
1471.85236
1471.861998
1471.869746
1471.87558
1471.879479
1471.881432
13230826.57
13048029.59
12643101.05
12030073.43
11441375.17
11380856.8
12291219.37
12361281.34
12296704.89
11897367.88
3357083.493
442892.0576
35800.84031
5063.319353
2079.82859
1589.81773
1493.723149
1475.775982
1472.773748
1472.325362
1472.265005
1472.257606
1472.256772
1472.256676
1472.256617
1472.256365
1472.255228
1472.250698
1472.234976
1472.188199
1472.070926
1471.827203
1471.827543
1471.840863
1471.85236
1471.861998
1471.869746
1471.87558
1471.879479
1471.881432
13337500.16
13166746.19
12794715.72
12262271.5
11873502.43
11949745.74
12529125.98
12565124.38
12517785.74
12472661.72
3745403.499
527549.6388
42504.27014
5528.789562
2134.277959
1598.150114
1494.926746
1475.916609
1472.785058
1472.325505
1472.264846
1472.257568
1472.256765
1472.256675
1472.256617
1472.256365
1472.255228
1472.250698
1472.234976
1472.188199
1472.070926
1471.827203
1471.827543
1471.840863
1471.85236
1471.861998
1471.869746
1471.87558
1471.879479
1471.881432
13458539.1
13288175.3
12932599.62
12491923.1
12235347.03
12322001.22
12577798.42
12489434.33
12325301.1
12351037.15
4009313.524
658285.5108
53265.36934
6174.73244
2200.934684
1607.65737
1496.244796
1476.06707
1472.797247
1472.325776
1472.264714
1472.257535
1472.25676
1472.256674
1472.256617
1472.256365
1472.255228
1472.250698
1472.234976
1472.188199
1472.070926
1471.827203
1471.827543
1471.840863
1471.85236
1471.861998
1471.869746
1471.87558
1471.879479
1471.881432
13616231.4
13436704.27
13102676.4
12782928.93
12655244.99
12800490.71
12987153.63
12855348.71
12468637.31
12485060.35
4636692.652
847813.4986
66512.93127
6824.527022
2257.117574
1614.497059
1497.00963
1476.121597
1472.795388
1472.324288
1472.264393
1472.257484
1472.256753
1472.256673
1472.256617
1472.256365
1472.255228
1472.250698
1472.234976
1472.188199
1472.070926
1471.827203
1471.827543
1471.840863
1471.85236
1471.861998
1471.869746
1471.87558
1471.879479
1471.881432
13844064.27
13653038.51
13399345.53
13233229.68
13287997.35
13584950.8
13724107.22
13379327.2
12574838.73
12505947.45
5227047.92
1011725.641
75468.0507
7098.791344
2264.873989
1612.636588
1496.189952
1475.91825
1472.756784
1472.318188
1472.263556
1472.257382
1472.256742
1472.256672
1472.256617
1472.256365
1472.255228
1472.250698
1472.234976
1472.188199
1472.070926
1471.827203
1471.827543
1471.840863
1471.85236
1471.861998
1471.869746
1471.87558
1471.879479
1471.881432
14193719.68
14039598.28
13916745.66
13971032.55
14345556.57
14992523
14886033.47
14096088.13
12716184.5
12561240.31
5640315.735
1102898.87
76614.45152
6865.849588
2214.542022
1600.733925
1493.590465
1475.433325
1472.679197
1472.307329
1472.262203
1472.25723
1472.256727
1472.256671
1472.256617
1472.256365
1472.255228
1472.250698
1472.234976
1472.188199
1472.070926
1471.827203
1471.827543
1471.840863
1471.85236
1471.861998
1471.869746
1471.87558
1471.879479
1471.881432
14750067.42
14665902.67
14714708.87
15075602.01
16021561.62
17566159.79
16533786.82
14933024.69
12810136.91
12546583.71
5802922.602
1091395.151
68751.03734
6143.838822
2110.887647
1580.031035
1489.549122
1474.741967
1472.576175
1472.293764
1472.260602
1472.257059
1472.25671
1472.256669
1472.256617
1472.256365
1472.255228
1472.250698
1472.234976
1472.188199
1472.070926
1471.827203
1471.827543
1471.840863
1471.85236
1471.861998
1471.869746
1471.87558
1471.879479
1471.881432
15541809.57
15521860.33
15714048.96
16341376.43
18000259.56
19873960.14
18142105.09
15574735.7
12853590.83
12511519.65
5559517.02
920767.5424
51020.04291
4979.004813
1959.553469
1552.127642
1484.517358
1473.940805
1472.464141
1472.279827
1472.259039
1472.256899
1472.256695
1472.256668
1472.256617
1472.256365
1472.255228
1472.250698
1472.234976
1472.188199
1472.070926
1471.827203
1471.827543
1471.840863
1471.85236
1471.861998
1471.869746
1471.87558
1471.879479
1471.881432
16517564.07
16512705.28
16703614.78
17195412.67
18059694.45
18722374.61
17366249.41
15278314.5
12737898.1
12446208.08
4663934.032
585970.2023
29081.81714
3676.708483
1791.918343
1523.016172
1479.662007
1473.222728
1472.370088
1472.268785
1472.257864
1472.256784
1472.256684
1472.256667
1472.256617
1472.256365
1472.255228
1472.250698
1472.234976
1472.188199
1472.070926
1471.827203
1471.827543
1471.840863
1471.85236
1471.861998
1471.869746
1471.87558
1471.879479
1471.881432
17557140.88
17527173.36
17616383.41
17833481.53
18063026.71
17856790.5
16671787.53
14858484.58
12562616.58
12346126.48
3256402.701
254595.804
12939.7539
2613.298466
1645.862664
1498.853187
1475.941669
1472.71414
1472.30804
1472.261948
1472.257176
1472.256721
1472.256679
1472.256667
1472.256617
1472.256365
1472.255228
1472.250698
1472.234976
1472.188199
1472.070926
1471.827203
1471.827543
1471.840863
1471.85236
1471.861998
1471.869746
1471.87558
1471.879479
1471.881432
18506837.14
18437778.04
18398626.02
18365319.34
18208535.07
17625801.06
16479761.18
14869547.59
12481948.84
12289161.17
1787169.204
73748.00068
5351.757985
1964.196433
1549.525627
1483.742867
1473.792074
1472.441501
1472.276912
1472.258712
1472.256866
1472.256693
1472.256677
1472.256667
1472.256617
1472.256365
1472.255228
1472.250698
1472.234976
1472.188199
1472.070926
1471.827203
1471.827543
1471.840863
1471.85236
1471.861998
1471.869746
1471.87558
1471.879479
1471.881432
19273562.97
19173397.35
19036104.94
18840017.35
18493753.73
17862468.05
16944292.02
15703955.32
12871042.58
12513043.08
980345.9802
25190.4518
3036.029719
1691.557889
1506.328072
1477.199166
1472.907169
1472.334499
1472.265202
1472.257539
1472.256758
1472.256684
1472.256676
1472.256666
1472.256616
1472.256365
1472.255228
1472.250698
1472.234976
1472.188199
1472.070926
1471.827203
1471.827543
1471.840863
1471.85236
1471.861998
1471.869746
1471.87558
1471.879479
1471.881432
19853714.29
19736601.45
19541493.69
19254935.11
18830385.85
18249417.29
17611298.85
17030701.83
15240194.66
13690108.14
651478.5977
13724.48084
2379.458872
1600.450356
1491.713937
1475.041393
1472.622885
1472.300827
1472.261574
1472.257179
1472.256725
1472.256681
1472.256676
1472.256666
1472.256616
1472.256365
1472.255228
1472.250698
1472.234976
1472.188199
1472.070926
1471.827203
1471.827543
1471.840863
1471.85236
1471.861998
1471.869746
1471.87558
1471.879479
1471.881432
20283543.71
20156681.6
19922939.59
19570038.96
19075030.79
18446557.99
17781327.54
17208592.38
17296854.99
12959451.71
536987.4592
10668.24103
2190.781149
1572.817214
1487.217074
1474.371943
1472.533677
1472.290085
1472.260391
1472.257059
1472.256713
1472.25668
1472.256676
1472.256666
1472.256616
1472.256365
1472.255228
1472.250698
1472.234976
1472.188199
1472.070926
1471.827203
1471.827543
1471.840863
1471.85236
1471.861998
1471.869746
1471.87558
1471.879479
1471.881432
20602226.57
20467917.33
20199808.8
19765449.25
19133956.76
18322821.39
17226557.67
16748099.91
16636440.28
11810679.24
502122.4195
10011.19666
2131.276188
1562.234707
1485.357993
1474.083941
1472.493966
1472.285125
1472.259823
1472.256999
1472.256708
1472.256679
1472.256676
1472.256666
1472.256616
1472.256365
1472.255228
1472.250698
1472.234976
1472.188199
1472.070926
1471.827203
1471.827543
1471.840863
1471.85236
1471.861998
1471.869746
1471.87558
1471.879479
1471.881432
20842212.88
20699243.65
20383131.7
19820037.99
18994668.03
18053362.35
16930011.77
16818416.52
17104106.77
16813239.27
550282.9517
9476.831551
2077.992667
1553.779027
1483.998373
1473.882295
1472.466485
1472.281675
1472.259423
1472.256956
1472.256703
1472.256679
1472.256676
1472.256666
1472.256616
1472.256365
1472.255228
1472.250698
1472.234976
1472.188199
1472.070926
1471.827203
1471.827543
1471.840863
1471.85236
1471.861998
1471.869746
1471.87558
1471.879479
1471.881432
21037695.62
20920114.54
20660885.68
20209875.07
19569215.93
18938886.59
18436169.89
17387956.09
20607315.54
21779384.15
774986.2123
9151.70001
2020.776317
1545.362057
1482.766936
1473.709966
1472.443632
1472.278837
1472.259096
1472.256921
1472.2567
1472.256679
1472.256675
1472.256666
1472.256616
1472.256365
1472.255228
1472.250698
1472.234976
1472.188199
1472.070926
1471.827203
1471.827543
1471.840863
1471.85236
1471.861998
1471.869746
1471.87558
1471.879479
1471.881432
21193773.93
21115830.72
20946005.97
20660948.19
20290061.52
20088296.12
20388105.89
21230461.57
23064249.69
23364426.66
1127176.516
10497.68588
2014.968736
1540.280722
1481.80341
1473.564854
1472.424029
1472.276397
1472.258815
1472.256891
1472.256697
1472.256678
1472.256675
1472.256666
1472.256616
1472.256365
1472.255228
1472.250698
1472.234976
1472.188199
1472.070926
1471.827203
1471.827543
1471.840863
1471.85236
1471.861998
1471.869746
1471.87558
1471.879479
1471.881432
21310259.81
21273442.46
21196006.2
21077945.43
20960330.47
21044241.17
21586458.93
22546903.75
23768730.69
23871633.25
1399265.104
11560.14677
2009.121054
1535.936296
1480.969349
1473.437972
1472.406798
1472.274251
1472.258569
1472.256865
1472.256694
1472.256678
1472.256675
1472.256666
1472.256616
1472.256365
1472.255228
1472.250698
1472.234976
1472.188199
1472.070926
1471.827203
1471.827543
1471.840863
1471.85236
1471.861998
1471.869746
1471.87558
1471.879479
1471.881432
21391583.66
21392450.31
21399453.97
21427815.41
21524153.28
21813981.16
22468470.33
23446316.02
24542723.83
24623943.92
1948848.883
11732.1579
1968.473605
1529.663213
1480.081619
1473.317125
1472.390998
1472.27231
1472.258348
1472.256842
1472.256692
1472.256678
1472.256675
1472.256666
1472.256616
1472.256365
1472.255228
1472.250698
1472.234976
1472.188199
1472.070926
1471.827203
1471.827543
1471.840863
1471.85236
1471.861998
1471.869746
1471.87558
1471.879479
1471.881432
21445800.8
21482015.84
21568315.53
21727385.74
21996550.13
22446888.24
23186032.93
24225013.3
25408209.64
25553920.98
2881125.866
10584.30147
1893.790743
1522.053159
1479.189041
1473.202831
1472.376254
1472.270506
1472.258143
1472.25682
1472.25669
1472.256678
1472.256675
1472.256666
1472.256616
1472.256365
1472.255228
1472.250698
1472.234976
1472.188199
1472.070926
1471.827203
1471.827543
1471.840863
1471.85236
1471.861998
1471.869746
1471.87558
1471.879479
1471.881432
21485662.23
21562479.46
21742873.04
22054506.9
22499682.65
23086139.34
23877637.91
24937203.67
25924137.15
25871708.91
4522355.87
9386.528112
1823.58372
1515.141135
1478.366644
1473.094785
1472.362179
1472.268789
1472.25795
1472.2568
1472.256688
1472.256678
1472.256675
1472.256666
1472.256616
1472.256365
1472.255228
1472.250698
1472.234976
1472.188199
1472.070926
1471.827203
1471.827543
1471.840863
1471.85236
1471.861998
1471.869747
1471.87558
1471.879479
1471.881432
21522313.53
21653771.84
21967632.37
22504393.08
23209219.88
23943523.13
24728071.23
25948929.63
27553149.9
27742637.31
7926037.293
9046.577519
1763.655983
1508.906893
1477.602071
1472.992884
1472.34896
1472.267195
1472.257773
1472.256782
1472.256686
1472.256678
1472.256675
1472.256666
1472.256616
1472.256365
1472.255228
1472.250698
1472.234976
1472.188199
1472.070926
1471.827203
1471.827543
1471.840863
1471.85236
1471.861998
1471.869747
1471.87558
1471.879479
1471.881432
21553040.65
21750396.21
22233987.51
23072426.53
24167982.33
25216942.76
25677381.81
26961199.45
28989220.61
29918350.89
7803051.156
6342.530874
1698.615112
1503.485353
1476.939355
1472.904095
1472.337534
1472.265833
1472.257624
1472.256767
1472.256685
1472.256677
1472.256675
1472.256666
1472.256616
1472.256365
1472.255228
1472.250698
1472.234976
1472.188199
1472.070926
1471.827203
1471.827543
1471.840863
1471.85236
1471.861998
1471.869747
1471.87558
1471.879479
1471.881432
21553087.06
21803041.38
22443950.09
23588713.28
25103944.84
25702799.06
25715025.91
26807664.07
27959713.64
29801260.91
1658985.195
3233.186259
1642.718063
1499.358914
1476.421858
1472.833342
1472.328371
1472.26474
1472.257504
1472.256755
1472.256684
1472.256677
1472.256675
1472.256666
1472.256616
1472.256365
1472.255228
1472.250698
1472.234976
1472.188199
1472.070926
1471.827203
1471.827543
1471.840863
1471.85236
1471.861998
1471.869747
1471.87558
1471.879479
1471.881432
21486063.21
21710942.26
22297799.45
23367634.07
24809706.63
24918631.77
24829644.13
23434770.98
22334047.78
16058610.58
29605.95767
2410.81211
1615.013763
1496.531088
1476.023254
1472.776918
1472.320976
1472.263855
1472.257407
1472.256745
1472.256683
1472.256677
1472.256675
1472.256666
1472.256616
1472.256365
1472.255228
1472.250698
1472.234976
1472.188199
1472.070926
1471.827203
1471.827543
1471.840863
1471.85236
1471.861999
1471.869747
1471.87558
1471.879479
1471.881432
21367196.11
21524714.76
21911030.21
22615802.59
23584013.81
24018606.06
21610322.96
18813467.45
9035737.04
208324.9513
6842.298029
2169.896909
1599.107676
1494.417726
1475.700126
1472.729999
1472.314771
1472.263111
1472.257326
1472.256737
1472.256682
1472.256677
1472.256675
1472.256666
1472.256616
1472.256365
1472.255228
1472.250698
1472.234976
1472.188199
1472.070926
1471.827203
1471.827543
1471.840863
1471.85236
1471.861999
1471.869747
1471.87558
1471.879479
1471.881432
21221352.79
21321844.83
21546640.61
21895603.41
22192443.29
22059634.74
20537982.35
19412062.26
2240055.613
57541.74492
5414.728121
2097.62751
1589.573728
1492.791637
1475.431206
1472.689859
1472.309414
1472.262469
1472.257256
1472.25673
1472.256682
1472.256677
1472.256675
1472.256666
1472.256616
1472.256365
1472.255228
1472.250698
1472.234976
1472.188199
1472.070926
1471.827203
1471.827543
1471.840863
1471.85236
1471.861999
1471.869747
1471.87558
1471.879479
1471.881432
21055667.83
21124512.52
21256522.67
21402902.4
21340369.87
20662787.55
19219804.29
18989930.34
1473844.683
43138.2362
5021.672632
2059.590884
1582.77625
1491.484968
1475.204438
1472.65534
1472.304775
1472.261912
1472.257196
1472.256724
1472.256681
1472.256677
1472.256675
1472.256666
1472.256616
1472.256365
1472.255228
1472.250698
1472.234976
1472.188199
1472.070926
1471.827203
1471.827543
1471.840863
1471.852361
1471.861999
1471.869747
1471.87558
1471.879479
1471.881432
20864161.4
20920846.12
21017298.45
21084211.19
20882996.7
19860671.48
17653688.1
17430615.73
874145.3313
33457.90466
4701.453876
2023.8549
1576.149863
1490.219595
1474.988359
1472.622982
1472.30049
1472.261404
1472.257141
1472.256719
1472.25668
1472.256677
1472.256675
1472.256666
1472.256616
1472.256365
1472.255228
1472.250698
1472.234976
1472.188199
1472.070926
1471.827203
1471.827543
1471.840863
1471.852361
1471.861999
1471.869747
1471.87558
1471.879479
1471.881432
20644683.62
20692443.32
20779967.69
20843260.01
20614991.15
19049015.35
17800015.07
12942980.68
455559.3088
27233.28485
4437.651694
1989.175586
1569.455308
1488.943878
1474.773222
1472.591224
1472.296342
1472.260919
1472.25709
1472.256714
1472.25668
1472.256677
1472.256675
1472.256666
1472.256616
1472.256365
1472.255228
1472.250698
1472.234976
1472.188199
1472.070926
1471.827203
1471.827543
1471.840863
1471.852361
1471.861999
1471.869747
1471.87558
1471.879479
1471.881432
20417593.73
20448353.99
20527146.87
20657519.85
20805368.59
21085803.6
21231680.48
8511610.828
246658.2936
22410.1589
4106.253599
1941.532113
1560.535403
1487.324119
1474.512336
1472.554242
1472.29168
1472.26039
1472.257036
1472.256709
1472.25668
1472.256677
1472.256675
1472.256666
1472.256616
1472.256365
1472.255228
1472.250698
1472.234976
1472.188199
1472.070926
1471.827203
1471.827543
1471.840863
1471.852361
1471.861999
1471.869747
1471.87558
1471.87948
1471.881432
20237051.28
20219991.99
20215611.07
20326903.64
20633808.23
21026050.48
21476120.64
5326281.134
145726.0085
17287.31218
3704.59286
1885.271112
1550.435788
1485.556256
1474.235699
1472.515912
1472.286938
1472.259861
1472.256982
1472.256704
1472.256679
1472.256677
1472.256675
1472.256666
1472.256616
1472.256365
1472.255228
1472.250698
1472.234976
1472.188199
1472.070926
1471.827203
1471.827543
1471.840863
1471.852361
1471.861999
1471.869747
1471.87558
1471.87948
1471.881432
20205749.84
20100591.71
19906031.23
19821078.02
19880554.02
20267155.72
18455359.51
2985013.045
205335.3406
20132.36147
3866.804054
1896.670727
1550.506724
1485.272675
1474.153303
1472.500233
1472.284574
1472.259559
1472.256948
1472.2567
1472.256679
1472.256677
1472.256675
1472.256666
1472.256616
1472.256365
1472.255228
1472.250698
1472.234976
1472.188199
1472.070926
1471.827203
1471.827543
1471.840863
1471.852361
1471.861999
1471.869747
1471.87558
1471.87948
1471.881432
20538116.9
20373290.68
19783523.74
19274361.51
19225531.81
18798374.39
16942550.41
6662836.506
458441.0579
33481.86312
4552.951812
1956.315768
1556.690088
1485.770432
1474.162474
1472.494304
1472.283166
1472.259345
1472.256922
1472.256698
1472.256679
1472.256677
1472.256675
1472.256666
1472.256616
1472.256365
1472.255228
1472.250698
1472.234976
1472.188199
1472.070926
1471.827203
1471.827544
1471.840863
1471.852361
1471.861999
1471.869747
1471.87558
1471.87948
1471.881432
21394003.86
21538206.74
20145737.49
19663199.15
19361905.81
20499902.06
17795454.3
13603702.42
919661.3943
41438.67035
4542.292404
1922.821934
1547.953149
1484.014366
1473.873198
1472.453771
1472.278202
1472.258804
1472.256869
1472.256693
1472.256678
1472.256677
1472.256675
1472.256666
1472.256616
1472.256365
1472.255228
1472.250698
1472.234976
1472.188199
1472.070926
1471.827203
1471.827544
1471.840864
1471.852361
1471.861999
1471.869747
1471.87558
1471.87948
1471.881432
21978570.47
21921380.7
20066962.51
22163314.16
20241223.65
20829278.93
23497085.41
22059687.88
1798058.101
41932.8975
3792.293455
1788.955443
1522.72991
1479.800976
1473.268299
1472.377983
1472.269763
1472.257957
1472.256791
1472.256686
1472.256678
1472.256677
1472.256675
1472.256666
1472.256616
1472.256365
1472.255228
1472.250698
1472.234976
1472.188199
1472.070926
1471.827203
1471.827544
1471.840864
1471.852361
1471.861999
1471.869747
1471.87558
1471.87948
1471.881432
23472373.85
22044270.56
22378748.29
23708114.3
23112971.46
23069335.21
25006276.35
25229694.71
3077038.968
46066.7025
3215.352512
1672.544605
1500.007413
1476.022046
1472.733564
1472.312103
1472.262556
1472.257246
1472.256728
1472.256681
1472.256677
1472.256677
1472.256675
1472.256666
1472.256616
1472.256365
1472.255228
1472.250698
1472.234976
1472.188199
1472.070926
1471.827203
1471.827544
1471.840864
1471.852361
1471.861999
1471.869747
1471.87558
1471.87948
1471.881432
23253257.63
22770193.81
23506636.95
23535495.29
22779136.16
22937029.19
25035089.1
25328768.35
11993687.89
150446.3865
3689.0912
1645.573629
1490.192936
1474.173564
1472.461765
1472.278141
1472.258822
1472.256878
1472.256695
1472.256678
1472.256677
1472.256677
1472.256675
1472.256666
1472.256616
1472.256365
1472.255228
1472.250698
1472.234976
1472.188199
1472.070926
1471.827203
1471.827544
1471.840864
1471.852361
1471.861999
1471.869747
1471.87558
1471.87948
1471.881432
22758422.16
22496728.74
22532603.94
21963616.56
21391821.49
21420413.95
22993256.66
23311275.45
12571055.48
313116.8286
4957.578977
1697.137538
1491.863407
1473.906357
1472.390584
1472.267472
1472.257554
1472.256748
1472.256683
1472.256677
1472.256677
1472.256677
1472.256675
1472.256666
1472.256616
1472.256365
1472.255228
1472.250698
1472.234976
1472.188199
1472.070926
1471.827203
1471.827544
1471.840864
1471.852361
1471.861999
1471.869747
1471.87558
1471.87948
1471.881432
21057395.23
20942689.02
20772280.65
20324752.3
19757762.04
19264643.47
18622122.59
18335389.81
13450531.01
539177.8737
7071.646702
1798.239926
1500.410634
1474.539555
1472.425573
1472.268321
1472.257443
1472.256726
1472.25668
1472.256677
1472.256677
1472.256677
1472.256675
1472.256666
1472.256616
1472.256365
1472.255228
1472.250698
1472.234976
1472.188199
1472.070926
1471.827203
1471.827544
1471.840864
1471.852361
1471.861999
1471.869747
1471.87558
1471.87948
1471.881432
19478095.8
19393507.75
19218679.06
18859426.67
18352905.92
17822098.27
17387564.05
17302442.83
16642053.15
1050525.368
11018.67857
1955.165006
1515.33113
1475.950533
1472.543912
1472.277177
1472.25804
1472.256762
1472.256682
1472.256677
1472.256677
1472.256677
1472.256675
1472.256666
1472.256616
1472.256365
1472.255228
1472.250698
1472.234976
1472.188199
1472.070926
1471.827203
1471.827544
1471.840864
1471.852361
1471.861999
1471.869747
1471.87558
1471.87948
1471.881432
18218518.83
18147524.44
18000252.78
17710179.37
17269347.53
16805777.12
16607820.4
16947098.15
16334894.58
1138398.27
15071.59777
2150.566154
1537.056134
1478.348189
1472.7761
1472.297181
1472.259603
1472.256875
1472.25669
1472.256678
1472.256677
1472.256677
1472.256675
1472.256666
1472.256616
1472.256365
1472.255228
1472.250698
1472.234976
1472.188199
1472.070926
1471.827203
1471.827544
1471.840864
1471.852361
1471.861999
1471.869747
1471.87558
1471.87948
1471.881432
17289818.69
17229905.5
17101994.6
16857575.45
16467152.4
15967757.24
15533267.64
15138498.23
15078534.35
1236819.171
20342.59059
2407.163609
1567.462837
1482.063581
1473.172625
1472.334428
1472.262746
1472.257116
1472.256707
1472.256679
1472.256677
1472.256677
1472.256675
1472.256666
1472.256616
1472.256365
1472.255228
1472.250698
1472.234976
1472.188199
1472.070926
1471.827203
1471.827544
1471.840864
1471.852361
1471.861999
1471.869747
1471.87558
1471.87948
1471.881432
16627877.86
16575344.3
16459156.29
16239932.6
15879388.02
15333114.58
14629534.72
13670921.79
13604790.94
1453302.632
28427.40195
2759.343711
1608.882717
1487.442107
1473.787445
1472.395953
1472.268239
1472.257561
1472.25674
1472.256681
1472.256677
1472.256677
1472.256675
1472.256666
1472.256616
1472.256365
1472.255228
1472.250698
1472.234976
1472.188199
1472.070926
1471.827203
1471.827544
1471.840864
1471.852361
1471.861999
1471.869747
1471.87558
1471.87948
1471.881432
16160204.86
16113678.09
16006657.61
15803756.78
15459351.5
14910472.23
14094097.86
12991864.18
12925834.02
1662980.792
41536.83825
3292.802831
1669.218998
1495.561552
1474.762935
1472.498399
1472.277808
1472.25837
1472.256802
1472.256686
1472.256678
1472.256677
1472.256675
1472.256666
1472.256616
1472.256365
1472.255228
1472.250698
1472.234976
1472.188199
1472.070926
1471.827203
1471.827544
1471.840864
1471.852361
1471.861999
1471.869747
1471.87558
1471.87948
1471.881432
15822303.35
15781058.55
15683621
15497211.28
15172898.22
14643608.88
13823570.48
12691270.77
12564157.75
1793973.932
56455.73225
3908.053249
1738.357515
1505.480009
1476.051609
1472.644398
1472.292456
1472.259694
1472.256912
1472.256694
1472.256678
1472.256677
1472.256675
1472.256666
1472.256616
1472.256365
1472.255228
1472.250698
1472.234976
1472.188199
1472.070926
1471.827203
1471.827544
1471.840864
1471.852361
1471.861999
1471.869747
1471.87558
1471.87948
1471.881432
15561970.78
15526079.09
15439487.29
15271759.15
14977038.33
14492322.96
13744035.83
12700849.48
12529969.28
1989419.905
74125.33671
4660.609575
1822.742301
1518.292329
1477.838962
1472.861387
1472.315694
1472.261929
1472.257108
1472.25671
1472.256679
1472.256677
1472.256675
1472.256666
1472.256616
1472.256365
1472.255228
1472.250698
1472.234976
1472.188199
1472.070926
1471.827203
1471.827544
1471.840864
1471.852361
1471.861999
1471.869747
1471.87558
1471.87948
1471.881432
15339909.31
15309036.63
15232595.6
15082867.31
14816979.58
14375815.36
13678101.37
12619467.23
12281505.49
2253420.136
101460.8187
5785.724099
1939.470948
1536.123452
1480.426337
1473.1908
1472.352779
1472.265683
1472.257454
1472.256739
1472.256682
1472.256677
1472.256675
1472.256666
1472.256616
1472.256365
1472.255228
1472.250698
1472.234976
1472.188199
1472.070926
1471.827203
1471.827544
1471.840864
1471.852361
1471.861999
1471.869747
1471.87558
1471.87948
1471.881432
15129376.53
15102111.23
15032845.5
14895780.39
14651471.23
14249385.41
13619060.79
12683549.21
12405560.9
2575094.839
141796.2919
7440.303849
2096.292475
1559.964663
1484.007588
1473.667896
1472.409196
1472.271695
1472.258039
1472.256792
1472.256686
1472.256677
1472.256675
1472.256666
1472.256616
1472.256365
1472.255228
1472.250698
1472.234976
1472.188199
1472.070926
1471.827203
1471.827544
1471.840863
1471.852361
1471.861999
1471.869747
1471.87558
1471.87948
1471.881432
14914912.89
14889419.15
14822892.11
14689537.33
14451830.43
14072431.91
13508893.63
12741515.82
12474978.05
2790265.058
179900.9826
9201.741647
2261.823821
1586.369348
1488.288025
1474.284078
1472.48757
1472.280635
1472.258967
1472.25688
1472.256694
1472.256678
1472.256675
1472.256666
1472.256616
1472.256365
1472.255228
1472.250698
1472.234976
1472.188199
1472.070926
1471.827203
1471.827544
1471.840863
1471.852361
1471.861999
1471.869747
1471.87558
1471.879479
1471.881432
14690562.99
14665916.82
14599152.09
14461065.18
14208093.42
13805153.96
13255779.23
12942122.94
13729045.55
2924379.217
196202.9501
10424.679
2400.923775
1611.772731
1492.937918
1475.026902
1472.590829
1472.293362
1472.260382
1472.257024
1472.256707
1472.256679
1472.256676
1472.256666
1472.256616
1472.256365
1472.255228
1472.250698
1472.234976
1472.188199
1472.070926
1471.827203
1471.827544
1471.840863
1471.852361
1471.861999
1471.869747
1471.87558
1471.879479
1471.881432
14456183.58
14433105.76
14367583.86
14223919.78
13940119.63
13426466.49
12467435.42
12218673.76
12497958.44
2514864.747
186471.0061
11207.364
2529.481808
1638.4125
1498.299047
1475.955844
1472.729475
1472.311574
1472.262528
1472.257254
1472.25673
1472.256681
1472.256676
1472.256666
1472.256616
1472.256365
1472.255228
1472.250698
1472.234976
1472.188199
1472.070926
1471.827203
1471.827544
1471.840863
1471.852361
1471.861999
1471.869747
1471.87558
1471.879479
1471.881432
14214489.07
14196939.47
14144478.23
14022936.47
13774426.09
13323419.33
12635861.85
12597993.26
11660393.47
1956333.105
189950.6359
12639.21988
2710.158513
1673.325863
1505.326214
1477.206458
1472.923098
1472.338066
1472.265786
1472.25762
1472.256768
1472.256685
1472.256676
1472.256666
1472.256617
1472.256365
1472.255228
1472.250698
1472.234976
1472.188199
1472.070926
1471.827203
1471.827544
1471.840863
1471.852361
1471.861999
1471.869747
1471.87558
1471.879479
1471.881432
13964861.43
13954499.54
13922640.82
13841281.88
13663004.77
13332095.85
12847200.83
12809001.62
8362239.514
2267072.445
234235.1112
15191.94226
2959.9283
1718.051074
1514.302218
1478.844406
1473.185826
1472.375469
1472.270582
1472.258181
1472.256828
1472.256691
1472.256677
1472.256667
1472.256617
1472.256365
1472.255228
1472.250698
1472.234976
1472.188199
1472.070926
1471.827203
1471.827543
1471.840863
1471.852361
1471.861999
1471.869747
1471.87558
1471.879479
1471.881432
13707228.16
13701970.58
13691491.34
13652933.07
13546435.79
13319945.32
12947951.11
12750611.92
10798913.12
3171493.786
305195.7126
18617.66334
3263.812674
1770.83672
1525.092106
1480.887984
1473.527918
1472.426359
1472.2774
1472.259013
1472.256922
1472.256701
1472.256678
1472.256667
1472.256617
1472.256365
1472.255228
1472.250698
1472.234976
1472.188199
1472.070926
1471.827203
1471.827543
1471.840863
1471.852361
1471.861999
1471.869747
1471.87558
1471.879479
1471.881432
13446936.98
13444966.35
13447602.32
13444465.3
13401888.09
13270150.02
13002881.84
12907840.08
9543161.157
3135764.331
339814.9579
21887.87414
3592.681325
1829.652
1537.568477
1483.358319
1473.960718
1472.493685
1472.286821
1472.260213
1472.257063
1472.256716
1472.256679
1472.256667
1472.256617
1472.256365
1472.255228
1472.250698
1472.234976
1472.188199
1472.070926
1471.827203
1471.827543
1471.840863
1471.852361
1471.861999
1471.869747
1471.87558
1471.879479
1471.881432
13187982.56
13183662.55
13189434.85
13208398.13
13221527.57
13190442.96
13111738.01
13112938.02
7435845.704
2494237.324
339532.1915
24860.97752
3945.361275
1894.469163
1551.759617
1486.283136
1474.495131
1472.580339
1472.299445
1472.261886
1472.257266
1472.256739
1472.256682
1472.256667
1472.256617
1472.256365
1472.255228
1472.250698
1472.234976
1472.188199
1472.070926
1471.827203
1471.827543
1471.840863
1471.852361
1471.861999
1471.869747
1471.87558
1471.879479
1471.881432
12938104.99
12919998.83
12909968.26
12933426.86
12987824.56
13041978.26
13060606.12
13003014.42
6707096.745
2501376.405
375363.9179
28867.43208
4350.060087
1965.638009
1567.503229
1489.634108
1475.13111
1472.687503
1472.315654
1472.264113
1472.257547
1472.256772
1472.256685
1472.256667
1472.256617
1472.256365
1472.255228
1472.250698
1472.234976
1472.188199
1472.070926
1471.827203
1471.827543
1471.840863
1471.852361
1471.861999
1471.869747
1471.87558
1471.879479
1471.881432
12694184.25
12650639.02
12607854.3
12616333.69
12690906
12840207.29
13208896.45
13328507.11
7658967.956
3013744.025
446408.135
33972.84067
4799.792625
2041.010934
1584.251821
1493.296743
1475.849991
1472.812886
1472.335269
1472.266896
1472.257908
1472.256815
1472.25669
1472.256668
1472.256617
1472.256365
1472.255228
1472.250698
1472.234976
1472.188199
1472.070926
1471.827203
1471.827543
1471.840863
1471.852361
1471.861999
1471.869747
1471.87558
1471.879479
1471.881432
12461394.79
12389496.8
12296419
12244439.07
12250605.67
12282383.98
12239441.65
12201569.48
8464987.618
3453348.471
521885.6636
39612.70848
5272.91472
2117.059246
1601.078002
1497.042061
1476.604432
1472.948244
1472.357052
1472.270073
1472.258332
1472.256867
1472.256696
1472.256668
1472.256617
1472.256365
1472.255228
1472.250698
1472.234976
1472.188199
1472.070926
1471.827203
1471.827543
1471.840863
1471.852361
1471.861999
1471.869747
1471.87558
1471.879479
1471.881432
12240095
12147890.83
12007833.86
11883102.59
11805674.99
11772049.02
11717696.92
11688237.42
9454175.394
3947602.117
606480.5318
45492.05023
5720.65385
2184.801966
1615.872499
1500.377488
1477.291702
1473.074745
1472.377944
1472.273198
1472.25876
1472.256921
1472.256702
1472.256669
1472.256617
1472.256365
1472.255228
1472.250698
1472.234976
1472.188199
1472.070926
1471.827203
1471.827543
1471.840863
1471.852361
1471.861999
1471.869747
1471.87558
1471.879479
1471.881432
12017183.89
11908114.92
11723694.82
11524004.59
11351835.8
11287732.91
11520213.88
11633874.95
9417095.97
3950017.946
615280.652
46924.17545
5883.457838
2215.311557
1623.525285
1502.284755
1477.715869
1473.157671
1472.392331
1472.275441
1472.259077
1472.256962
1472.256707
1472.25667
1472.256617
1472.256365
1472.255228
1472.250698
1472.234976
1472.188199
1472.070926
1471.827203
1471.827543
1471.840863
1471.852361
1471.861999
1471.869747
1471.87558
1471.879479
1471.881432
11787838.62
11664071.49
11438612.07
11154333.19
10822276.33
10499664.28
10256234.62
10298250.74
7963531.419
3189975.924
488143.9624
39585.80537
5473.852248
2173.531862
1617.668028
1501.497128
1477.635665
1473.154637
1472.393384
1472.27579
1472.259147
1472.256974
1472.256709
1472.25667
1472.256617
1472.256365
1472.255228
1472.250698
1472.234976
1472.188199
1472.070926
1471.827203
1471.827543
1471.840863
1471.852361
1471.861999
1471.869747
1471.87558
1471.879479
1471.881432
11572194.53
11439132.19
11182041.08
10814651.73
10300844.39
9616382.083
9228779.572
9046701.916
6014837.806
2082607.346
296636.8405
26963.84877
4591.803725
2061.524962
1597.911091
1497.868581
1477.014094
1473.057671
1472.379593
1472.273991
1472.258931
1472.256949
1472.256706
1472.25667
1472.256617
1472.256365
1472.255228
1472.250698
1472.234976
1472.188199
1472.070926
1471.827203
1471.827543
1471.840863
1471.852361
1471.861999
1471.869747
1471.87558
1471.879479
1471.881432
11426814.34
11293531.18
11021892.41
10594174.15
9930965.278
8850691.267
8164290.306
7180573.307
4140253.47
1289282.032
175988.3276
18433.60486
3874.314314
1957.557891
1578.236129
1494.078812
1476.33629
1472.94721
1472.363154
1472.271743
1472.258646
1472.256916
1472.256702
1472.256669
1472.256617
1472.256365
1472.255228
1472.250698
1472.234976
1472.188199
1472.070926
1471.827203
1471.827543
1471.840863
1471.852361
1471.861999
1471.869747
1471.87558
1471.879479
1471.881432
)
;

boundaryField
{
    lowerWall
    {
        type            calculated;
        value           nonuniform List<scalar> 
80
(
1471.881432
1471.881432
1471.881432
1471.881432
1471.881432
1471.881432
1471.881432
1471.881432
1471.881432
1471.881432
1471.881432
1471.881432
1471.881432
1471.881432
1471.881432
1471.881432
1471.881432
1471.881432
1471.881432
1471.881432
1471.881432
1471.881432
1471.881432
1471.881432
1471.881432
1471.881432
1471.881432
1471.881432
1471.881432
1471.881432
1471.881432
1471.881432
1471.881432
1471.881432
1471.881432
1471.881432
1471.881432
1471.881432
1471.881432
1471.881432
1471.881432
1471.881432
1471.881432
1471.881432
1471.881432
1471.881432
1471.881432
1471.881432
1471.881432
1471.881432
1471.881432
1471.881432
1471.881432
1471.881432
1471.881432
1471.881432
1471.881432
1471.881432
1471.881432
1471.881432
1471.881432
1471.881432
1471.881432
1471.881432
1471.881432
1471.881432
1471.881432
1471.881432
1471.881432
1471.881432
1471.881432
1471.881432
1471.881432
1471.881432
1471.881432
1471.881432
1471.881432
1471.881432
1471.881432
1471.881432
)
;
    }
    atmosphere
    {
        type            calculated;
        value           nonuniform List<scalar> 
80
(
14233170.83
14106499.36
13923487.83
13734697.13
13555899.27
13384335.04
13217766.37
13069632.56
12955706.96
12893543.47
12891128.6
12942635.78
13027842.64
13127537.99
13230826.57
13337500.16
13458539.1
13616231.4
13844064.27
14193719.68
14750067.42
15541809.57
16517564.07
17557140.88
18506837.14
19273562.97
19853714.29
20283543.71
20602226.57
20842212.88
21037695.62
21193773.93
21310259.81
21391583.66
21445800.8
21485662.23
21522313.53
21553040.65
21553087.06
21486063.21
21367196.11
21221352.79
21055667.83
20864161.4
20644683.62
20417593.73
20237051.28
20205749.84
20538116.9
21394003.86
21978570.47
23472373.85
23253257.63
22758422.16
21057395.23
19478095.8
18218518.83
17289818.69
16627877.86
16160204.86
15822303.35
15561970.78
15339909.31
15129376.53
14914912.89
14690562.99
14456183.58
14214489.07
13964861.43
13707228.16
13446936.98
13187982.56
12938104.99
12694184.25
12461394.79
12240095
12017183.89
11787838.62
11572194.53
11426814.34
)
;
    }
    rightWall
    {
        type            empty;
    }
    leftWall
    {
        type            empty;
    }
    frontAndBack
    {
        type            calculated;
        value           nonuniform List<scalar> 
80
(
14233136.45
14346115.45
14395692.99
14127300.43
12952138.14
12251625.88
12298486.83
11893756.94
3147197.293
215979.6584
11436.03789
2519.022121
1635.138607
1497.392262
1475.618252
1472.520973
1472.129346
1472.084933
1472.080365
1472.079935
1472.079897
1472.079894
1472.079892
1472.079883
1472.079833
1472.079581
1472.078444
1472.073915
1472.058195
1472.011422
1471.894161
1471.650462
1471.650802
1471.664121
1471.675617
1471.685254
1471.693001
1471.698834
1471.702733
1471.704686
11426776.24
11293492.94
11021853.89
10594135.22
9930925.806
8850651.159
8164249.986
7180532.997
4140216.662
1289259.059
175981.4512
18432.27633
3873.925606
1957.334561
1578.048948
1493.899876
1476.159104
1472.770359
1472.18636
1472.094958
1472.081863
1472.080133
1472.079919
1472.079886
1472.079833
1472.079581
1472.078444
1472.073915
1472.058195
1472.011423
1471.894161
1471.650462
1471.650803
1471.664121
1471.675617
1471.685254
1471.693002
1471.698834
1471.702733
1471.704686
)
;
    }
}


// ************************************************************************* //
