/*--------------------------------*- C++ -*----------------------------------*\
| =========                 |                                                 |
| \\      /  F ield         | OpenFOAM: The Open Source CFD Toolbox           |
|  \\    /   O peration     | Version:  2506                                  |
|   \\  /    A nd           | Website:  www.openfoam.com                      |
|    \\/     M anipulation  |                                                 |
\*---------------------------------------------------------------------------*/
FoamFile
{
    version     2.0;
    format      ascii;
    arch        "LSB;label=32;scalar=64";
    class       volScalarField;
    location    "0.006";
    object      T;
}
// * * * * * * * * * * * * * * * * * * * * * * * * * * * * * * * * * * * * * //

dimensions      [0 0 0 1 0 0 0];

internalField   nonuniform List<scalar> 
3200
(
1861.148694
1871.442456
1875.976078
1851.552462
1747.805693
1688.139419
1692.085712
1658.203193
954.1098196
534.5190725
365.2395266
314.6788993
302.7594713
300.4443369
300.0624889
300.0077964
300.0008742
300.0000891
300.0000083
300.0000007
300.0000001
300
300
299.9999998
299.9999989
299.9999945
299.9999744
299.9998943
299.9996164
299.9987896
299.9967165
299.9924076
299.9924137
299.9926492
299.9928524
299.9930228
299.9931598
299.993263
299.9933319
299.9933664
1849.668531
1852.850989
1860.246359
1799.194254
1706.493394
1595.247942
1569.154433
1406.1737
889.6001079
519.4877223
362.3570363
314.2649317
302.7239164
300.4456735
300.0637571
300.0081079
300.0009297
300.0000974
300.0000094
300.0000009
300.0000001
300
300
299.9999998
299.9999989
299.9999945
299.9999744
299.9998943
299.9996164
299.9987896
299.9967165
299.9924076
299.9924137
299.9926492
299.9928524
299.9930228
299.9931598
299.993263
299.9933319
299.9933664
1833.193799
1829.593618
1818.944044
1770.870572
1690.092202
1574.764024
1564.730166
1278.775669
810.9452928
496.6406184
357.8021014
313.6654072
302.6960933
300.4564423
300.0678238
300.0090211
300.0010939
300.0001231
300.0000131
300.0000013
300.0000001
300
300
299.9999998
299.9999989
299.9999945
299.9999744
299.9998943
299.9996164
299.9987896
299.9967165
299.9924076
299.9924137
299.9926492
299.9928524
299.9930228
299.9931598
299.993263
299.9933319
299.9933664
1816.333036
1809.24982
1792.161521
1751.840838
1686.312041
1588.998744
1577.068699
1180.508809
745.957144
483.3148231
356.7724152
314.0792619
302.918579
300.5229205
300.0832973
300.0120957
300.0016371
300.0002103
300.000026
300.0000031
300.0000004
300
300
299.9999998
299.9999989
299.9999945
299.9999744
299.9998943
299.9996164
299.9987896
299.9967165
299.9924076
299.9924137
299.9926492
299.9928524
299.9930228
299.9931598
299.993263
299.9933319
299.9933664
1800.486457
1791.447109
1771.211565
1734.835169
1685.873657
1653.858568
1660.27162
1280.343416
786.5581259
500.3966911
364.3363905
316.8584867
303.7635922
300.7418784
300.1328716
300.0220812
300.0034497
300.0005097
300.0000713
300.0000094
300.0000012
300.0000001
300
299.9999998
299.9999989
299.9999945
299.9999744
299.9998943
299.9996164
299.9987896
299.9967165
299.9924076
299.9924137
299.9926492
299.9928524
299.9930228
299.9931598
299.993263
299.9933319
299.9933664
1785.388849
1774.408888
1749.883189
1708.778414
1644.580918
1523.697028
1493.906162
1149.807059
786.5858533
525.1253922
380.7045137
323.838157
306.0690481
301.3735204
300.2817005
300.0529297
300.0091635
300.0014666
300.0002175
300.00003
300.0000038
300.0000005
300
299.9999998
299.9999989
299.9999945
299.9999744
299.9998943
299.9996164
299.9987896
299.9967165
299.9924076
299.9924137
299.9926492
299.9928524
299.9930228
299.9931598
299.993263
299.9933319
299.9933664
1770.82886
1756.563203
1724.353454
1670.67594
1589.052467
1473.497609
1323.640665
1063.82268
834.4075854
591.6073393
422.2005106
341.8220221
312.1509512
303.0726105
300.6875822
300.1377899
300.0249554
300.0041158
300.0006222
300.0000867
300.0000112
300.0000013
300.0000001
299.9999998
299.9999989
299.9999945
299.9999744
299.9998943
299.9996164
299.9987895
299.9967165
299.9924076
299.9924137
299.9926492
299.9928524
299.9930228
299.9931598
299.993263
299.9933319
299.9933664
1757.959065
1740.023812
1699.408809
1630.380254
1529.82457
1362.632138
1187.121753
1142.93885
999.6230992
739.5918362
510.8854748
380.7657698
325.5673589
306.8750947
301.6042601
300.3303389
300.0608325
300.0101275
300.001538
300.0002147
300.0000277
300.0000033
300.0000003
299.9999999
299.9999989
299.9999945
299.9999744
299.9998943
299.9996164
299.9987895
299.9967165
299.9924076
299.9924137
299.9926492
299.9928524
299.9930228
299.9931598
299.993263
299.9933319
299.9933664
1748.110407
1726.514977
1677.299019
1593.122436
1464.958651
1325.65222
1214.229179
1170.486614
1183.187112
926.9589789
639.3293577
442.04764
347.8042855
313.3840722
303.2040928
300.6699926
300.1244162
300.0207871
300.0031577
300.0004399
300.0000566
300.0000068
300.0000007
299.9999999
299.9999989
299.9999945
299.9999744
299.9998943
299.9996164
299.9987895
299.9967165
299.9924076
299.9924137
299.9926492
299.9928524
299.9930228
299.9931598
299.993263
299.9933319
299.9933664
1742.754146
1718.715651
1663.79361
1568.655102
1445.380018
1328.185378
1238.706827
1167.952628
1128.578233
1009.638062
739.9556206
503.0578985
372.8017821
321.2297954
305.2153281
301.1078789
300.2075433
300.0348087
300.0052893
300.0007352
300.0000942
300.0000112
300.0000012
299.9999999
299.9999989
299.9999945
299.9999744
299.9998943
299.9996164
299.9987895
299.9967165
299.9924076
299.9924137
299.9926492
299.9928524
299.9930228
299.9931598
299.993263
299.9933319
299.9933664
1742.546321
1718.015203
1662.288075
1569.505354
1458.048232
1355.775355
1286.883084
1221.687949
1030.828042
926.9187529
743.7232863
532.0894251
389.5404662
327.3436814
306.9200132
301.4980064
300.2837911
300.0478639
300.0072831
300.0010105
300.0001289
300.0000152
300.0000016
300
299.9999989
299.9999945
299.9999744
299.9998943
299.9996164
299.9987895
299.9967165
299.9924076
299.9924137
299.9926492
299.9928524
299.9930228
299.9931598
299.993263
299.9933319
299.9933664
1746.983114
1724.15615
1673.111998
1590.442245
1490.670094
1403.833889
1371.070919
1356.589154
1202.60395
870.6513609
745.469689
546.449995
398.7313708
330.9589789
307.9809455
301.7488834
300.33368
300.0564408
300.0085831
300.0011867
300.0001506
300.0000177
300.0000019
300
299.9999989
299.9999945
299.9999744
299.9998943
299.9996164
299.9987895
299.9967165
299.9924076
299.9924137
299.9926492
299.9928524
299.9930228
299.9931598
299.993263
299.9933319
299.9933664
1754.341499
1734.142678
1689.576555
1618.938402
1532.885397
1471.993088
1490.691516
1543.600727
1453.209688
1081.232336
807.0891089
567.1639321
405.5947984
333.0512513
308.529971
301.8702293
300.3563342
300.0600463
300.0090757
300.0012446
300.0001563
300.0000181
300.0000019
300
299.9999989
299.9999945
299.9999744
299.9998943
299.9996164
299.9987895
299.9967165
299.9924076
299.9924137
299.9926492
299.9928524
299.9930228
299.9931598
299.993263
299.9933319
299.9933664
1762.98117
1745.262516
1706.289183
1646.452841
1578.727434
1550.681801
1635.43714
1689.111975
1647.892779
1342.922105
887.3270202
587.5257695
410.930677
334.4515216
308.854077
301.9316301
300.3654212
300.0609949
300.0091114
300.0012324
300.0001524
300.0000174
300.0000018
300
299.9999989
299.9999945
299.9999744
299.9998943
299.9996164
299.9987895
299.9967165
299.9924076
299.9924137
299.9926492
299.9928524
299.9930228
299.9931598
299.993263
299.9933319
299.9933664
1771.967049
1756.08828
1721.297965
1669.56115
1620.825389
1615.86327
1691.470056
1697.380143
1691.933444
1658.499505
973.2816629
604.2920662
416.0351909
336.1045871
309.2750704
302.0129337
300.3771885
300.0621466
300.0091385
300.0012141
300.0001472
300.0000164
300.0000017
300
299.9999989
299.9999945
299.9999744
299.9998943
299.9996164
299.9987895
299.9967165
299.9924076
299.9924137
299.9926492
299.9928524
299.9930228
299.9931598
299.993263
299.9933319
299.9933664
1781.285319
1766.38799
1734.263973
1689.032236
1656.513634
1662.859162
1711.596912
1714.656871
1710.636503
1706.807132
1007.766876
624.2803543
424.9650294
339.0180499
309.9924867
302.1509069
300.3982047
300.0646274
300.0093383
300.0012166
300.0001444
300.0000157
300.0000016
300
299.9999989
299.9999945
299.9999744
299.9998943
299.9996164
299.9987895
299.9967165
299.9924076
299.9924137
299.9926492
299.9928524
299.9930228
299.9931598
299.993263
299.9933319
299.9933664
1791.906034
1776.971805
1746.11794
1708.438649
1686.766851
1694.06509
1715.734908
1708.227667
1694.343795
1696.514913
1030.58793
651.6609521
437.3271924
342.7527485
310.8506778
302.3076146
300.4212033
300.0672814
300.0095537
300.0012214
300.0001421
300.0000152
300.0000015
299.9999999
299.9999989
299.9999945
299.9999744
299.9998943
299.9996164
299.9987895
299.9967165
299.9924076
299.9924137
299.9926492
299.9928524
299.9930228
299.9931598
299.993263
299.9933319
299.9933664
1805.820599
1789.986322
1760.823582
1733.253429
1722.333916
1734.759252
1750.824706
1739.469239
1706.463912
1707.856148
1083.282678
686.2196783
450.2413941
346.2081436
311.5577026
302.4198829
300.4345413
300.0682432
300.0095209
300.0011951
300.0001364
300.0000143
300.0000014
299.9999999
299.9999989
299.9999945
299.9999744
299.9998943
299.9996164
299.9987895
299.9967165
299.9924076
299.9924137
299.9926492
299.9928524
299.9930228
299.9931598
299.993263
299.9933319
299.9933664
1826.084179
1809.081298
1786.705634
1772.176541
1776.956259
1803.05335
1815.391209
1784.949719
1715.483218
1709.629238
1131.363332
712.7484858
457.943637
347.588523
311.6541811
302.3893834
300.4202467
300.0646563
300.0088387
300.0010872
300.0001216
300.0000125
300.0000012
299.9999999
299.9999989
299.9999945
299.9999744
299.9998943
299.9996164
299.9987895
299.9967165
299.9924076
299.9924137
299.9926492
299.9928524
299.9930228
299.9931598
299.993263
299.9933319
299.9933664
1857.566385
1843.63097
1832.589339
1837.461301
1871.388282
1931.374616
1921.374592
1848.727806
1727.539298
1714.326702
1164.39736
726.5019733
458.8811953
346.4189036
311.0232565
302.1935714
300.3748709
300.0561011
300.0074676
300.0008953
300.0000977
300.0000098
300.0000009
299.9999999
299.9999989
299.9999945
299.9999744
299.9998943
299.9996164
299.9987895
299.9967165
299.9924076
299.9924137
299.9926492
299.9928524
299.9930228
299.9931598
299.993263
299.9933319
299.9933664
1908.680541
1900.86361
1905.392793
1939.21224
2030.821511
2191.191205
2082.402785
1925.781021
1735.586856
1713.0806
1177.285775
724.8008136
452.2334703
342.5813924
309.6861527
301.8501183
300.3041973
300.0438999
300.005647
300.0006555
300.0000694
300.0000067
300.0000006
299.9999999
299.9999989
299.9999945
299.9999744
299.9998943
299.9996164
299.9987895
299.9967165
299.9924076
299.9924137
299.9926492
299.9928524
299.9930228
299.9931598
299.993263
299.9933319
299.9933664
1983.800604
1981.870943
2000.544601
2062.852852
2239.082534
2463.439062
2255.032275
1986.989863
1739.31824
1710.102032
1157.971887
698.3456788
434.911063
335.5541226
307.6342603
301.3813133
300.2159828
300.0297549
300.003667
300.0004092
300.0000418
300.0000039
300.0000003
299.9999998
299.9999989
299.9999945
299.9999744
299.9998943
299.9996164
299.9987895
299.9967165
299.9924076
299.9924137
299.9926492
299.9928524
299.9930228
299.9931598
299.993263
299.9933319
299.9933664
2080.74616
2080.250293
2099.83883
2151.331926
2245.747116
2321.927693
2169.583495
1958.471279
1729.396781
1704.563839
1085.529328
636.9623504
405.7248518
325.9228496
305.2040767
300.8847693
300.1306276
300.0170714
300.0020046
300.000214
300.000021
300.0000019
300.0000001
299.9999998
299.9999989
299.9999945
299.9999744
299.9998943
299.9996164
299.9987895
299.9967165
299.9924076
299.9924137
299.9926492
299.9928524
299.9930228
299.9931598
299.993263
299.9933319
299.9933664
2190.210453
2186.955727
2196.663095
2220.521658
2246.121559
2223.103433
2096.558036
1918.795929
1714.443684
1696.101779
964.1354374
548.9782685
370.1127511
315.7336534
302.9297772
300.4666681
300.0650695
300.0080851
300.0009079
300.0000932
300.0000088
300.0000008
300
299.9999998
299.9999989
299.9999945
299.9999744
299.9998943
299.9996164
299.9987895
299.9967165
299.9924076
299.9924137
299.9926492
299.9928524
299.9930228
299.9931598
299.993263
299.9933319
299.9933664
2296.761758
2288.779346
2284.270946
2280.445312
2262.55477
2197.69112
2076.891805
1919.831041
1707.592511
1691.296582
815.1742465
456.517508
337.9339385
307.6991081
301.3372447
300.202383
300.0271283
300.0032668
300.0003577
300.000036
300.0000033
300.0000003
300
299.9999998
299.9999989
299.9999945
299.9999744
299.9998943
299.9996164
299.9987895
299.9967165
299.9924076
299.9924137
299.9926492
299.9928524
299.9930228
299.9931598
299.993263
299.9933319
299.9933664
2388.109442
2375.879581
2359.265775
2335.828583
2295.246498
2223.732897
2124.848586
1999.559112
1740.815872
1710.224361
707.8621787
398.9015202
320.1271317
303.6585291
300.5965973
300.0872437
300.0114961
300.0013756
300.0001507
300.0000152
300.0000014
300.0000001
300
299.9999998
299.9999989
299.9999945
299.9999744
299.9998943
299.9996164
299.9987896
299.9967165
299.9924076
299.9924137
299.9926492
299.9928524
299.9930228
299.9931598
299.993263
299.9933319
299.9933664
2460.840017
2445.888667
2421.287678
2385.828011
2334.686044
2267.201234
2196.108326
2133.915854
1954.834677
1812.370203
650.3191616
372.4842065
313.0489811
302.1888918
300.3420744
300.0491848
300.0064725
300.0007804
300.0000866
300.0000089
300.0000008
300.0000001
300
299.9999998
299.9999989
299.9999945
299.9999744
299.9998943
299.9996164
299.9987896
299.9967165
299.9924076
299.9924137
299.9926492
299.9928524
299.9930228
299.9931598
299.993263
299.9933319
299.9933664
2516.957978
2500.186389
2469.744439
2424.863328
2363.9589
2289.792062
2214.759216
2152.733125
2162.146255
1748.433466
626.3842507
362.5505872
310.7213348
301.729575
300.2633435
300.0373676
300.0048959
300.0005905
300.0000657
300.0000067
300.0000006
300.0000001
300
299.9999998
299.9999989
299.9999945
299.9999744
299.9998943
299.9996164
299.9987896
299.9967165
299.9924076
299.9924137
299.9926492
299.9928524
299.9930228
299.9931598
299.993263
299.9933319
299.9933664
2559.897089
2541.656579
2505.867915
2449.558518
2371.089356
2275.576779
2154.644939
2104.43468
2092.921531
1651.296332
618.4963803
360.1292458
309.9533275
301.5519161
300.2307375
300.0322825
300.0041941
300.0005029
300.0000556
300.0000057
300.0000005
300
300
299.9999998
299.9999989
299.9999945
299.9999744
299.9998943
299.9996164
299.9987896
299.9967165
299.9924076
299.9924137
299.9926492
299.9928524
299.9930228
299.9931598
299.993263
299.9933319
299.9933664
2593.030367
2573.206806
2530.250401
2456.526256
2354.284797
2245.035815
2123.354649
2111.723835
2141.655856
2111.186117
629.3107046
358.0663097
309.2506145
301.4092502
300.2068702
300.0287216
300.0037084
300.0004419
300.0000485
300.0000049
300.0000005
300
300
299.9999998
299.9999989
299.9999945
299.9999744
299.9998943
299.9996164
299.9987896
299.9967165
299.9924076
299.9924137
299.9926492
299.9928524
299.9930228
299.9931598
299.993263
299.9933319
299.9933664
2620.551427
2603.939294
2567.93091
2507.19699
2424.760121
2347.603576
2288.593923
2171.916518
2560.592427
2729.677742
673.5191605
356.7659906
308.4794499
301.2666023
300.1852376
300.0256781
300.0033045
300.0003917
300.0000428
300.0000043
300.0000004
300
300
299.9999998
299.9999989
299.9999945
299.9999744
299.9998943
299.9996164
299.9987896
299.9967165
299.9924076
299.9924137
299.9926492
299.9928524
299.9930228
299.9931598
299.993263
299.9933319
299.9933664
2642.881694
2631.689958
2607.582038
2567.939494
2517.824503
2491.219149
2530.917289
2648.17783
2939.459938
2992.9867
730.0617164
361.9335398
308.4001813
301.1801762
300.168301
300.0231151
300.002958
300.0003486
300.0000378
300.0000038
300.0000004
300
300
299.9999998
299.9999989
299.9999945
299.9999744
299.9998943
299.9996164
299.9987896
299.9967165
299.9924076
299.9924137
299.9926492
299.9928524
299.9930228
299.9931598
299.993263
299.9933319
299.9933664
2659.760507
2654.405667
2643.203421
2626.27921
2609.60108
2621.481454
2700.537686
2851.463197
3068.253587
3088.033731
767.5256618
365.6572122
308.3201764
301.1060977
300.1536328
300.0208738
300.0026535
300.0003106
300.0000334
300.0000033
300.0000003
300
300
299.9999998
299.9999989
299.9999945
299.9999744
299.9998943
299.9996164
299.9987896
299.9967165
299.9924076
299.9924137
299.9926492
299.9928524
299.9930228
299.9931598
299.993263
299.9933319
299.9933664
2671.654937
2671.78219
2672.810945
2676.983955
2691.244043
2734.962612
2838.559563
3007.927825
3223.944344
3241.275239
833.5867573
366.234649
307.758736
300.9988285
300.1380133
300.0187391
300.0023742
300.0002763
300.0000295
300.0000029
300.0000003
300
300
299.9999998
299.9999989
299.9999945
299.9999744
299.9998943
299.9996164
299.9987896
299.9967165
299.9924076
299.9924137
299.9926492
299.9928524
299.9930228
299.9931598
299.993263
299.9933319
299.9933664
2679.636151
2684.990492
2697.825561
2721.76894
2763.158198
2835.028179
2960.945845
3158.042224
3420.077256
3455.848901
929.1494195
362.2478773
306.7019851
300.8682107
300.1223007
300.0167199
300.0021136
300.0002444
300.0000259
300.0000025
300.0000002
300
300
299.9999998
299.9999989
299.9999945
299.9999744
299.9998943
299.9996164
299.9987896
299.9967165
299.9924076
299.9924137
299.9926492
299.9928524
299.9930228
299.9931598
299.993263
299.9933319
299.9933664
2685.530641
2696.954188
2724.120236
2772.219137
2843.681332
2943.299242
3089.196132
3310.100367
3550.904204
3537.058409
1073.819224
357.7087159
305.6769887
300.7491075
300.1078167
300.014811
300.0018648
300.0002141
300.0000225
300.0000022
300.0000002
300
300
299.9999998
299.9999989
299.9999945
299.9999744
299.9998943
299.9996164
299.9987896
299.9967165
299.9924076
299.9924137
299.9926492
299.9928524
299.9930228
299.9931598
299.993263
299.9933319
299.9933664
2690.970475
2710.641958
2758.657292
2844.455797
2965.071807
3102.010543
3263.796894
3557.49805
4065.341305
4139.401192
1342.659859
356.3377978
304.7761682
300.6412996
300.0943451
300.0130106
300.0016312
300.0001859
300.0000194
300.0000019
300.0000002
300
300
299.9999998
299.9999989
299.9999945
299.9999744
299.9998943
299.9996164
299.9987896
299.9967165
299.9924076
299.9924137
299.9926492
299.9928524
299.9930228
299.9931598
299.993263
299.9933319
299.9933664
2695.545943
2725.263717
2800.626565
2940.892953
3146.517446
3374.415542
3486.861773
3856.314142
4762.764025
5571.23072
1333.136955
343.6717356
303.7696342
300.5472475
300.0826636
300.0114418
300.0014292
300.0001618
300.0000167
300.0000016
300.0000001
300
300
299.9999998
299.9999989
299.9999945
299.9999744
299.9998943
299.9996164
299.9987896
299.9967165
299.9924076
299.9924137
299.9926492
299.9928524
299.9930228
299.9931598
299.993263
299.9933319
299.9933664
2695.552865
2733.289527
2834.548058
3034.270551
3348.094926
3493.329457
3496.450993
3806.783705
4229.390593
5432.840764
800.0277589
322.0082397
302.8790187
300.4754755
300.0735388
300.0101916
300.0012672
300.0001425
300.0000146
300.0000014
300.0000001
300
300
299.9999998
299.9999989
299.9999945
299.9999744
299.9998943
299.9996164
299.9987896
299.9967165
299.9924076
299.9924137
299.9926492
299.9928524
299.9930228
299.9931598
299.993263
299.9933319
299.9933664
2685.590051
2719.276425
2810.855917
2993.569107
3281.698251
3305.928799
3286.103576
3005.812302
2816.697579
2034.503291
406.5901697
313.4210806
302.4283483
300.4261966
300.0665086
300.0091945
300.0011365
300.0001269
300.0000129
300.0000012
300.0000001
300
300
299.9999998
299.9999989
299.9999945
299.9999744
299.9998943
299.9996164
299.9987896
299.9967165
299.9924076
299.9924137
299.9926492
299.9928524
299.9930228
299.9931598
299.993263
299.9933319
299.9933664
2668.078351
2691.327543
2749.88574
2862.889893
3033.393706
3116.750089
2704.112271
2332.681031
1428.871568
531.4486293
346.2989059
310.4537511
302.166725
300.3893183
300.0608084
300.0083654
300.0010269
300.0001137
300.0000115
300.0000011
300.0000001
300
300
299.9999998
299.9999989
299.9999945
299.9999744
299.9998943
299.9996164
299.9987896
299.9967165
299.9924076
299.9924137
299.9926492
299.9928524
299.9930228
299.9931598
299.993263
299.9933319
299.9933664
2646.861212
2661.449329
2694.59181
2747.5038
2794.003711
2773.023426
2551.145529
2405.174297
865.1310192
441.729651
338.3227935
309.5112565
302.0088844
300.3609137
300.0560637
300.0076561
300.0009322
300.0001024
300.0000102
300.0000009
300.0000001
300
300
299.9999998
299.9999989
299.9999945
299.9999744
299.9998943
299.9996164
299.9987896
299.9967165
299.9924076
299.9924137
299.9926492
299.9928524
299.9930228
299.9931598
299.993263
299.9933319
299.9933664
2623.106358
2632.932557
2651.951023
2673.317731
2664.153696
2568.19208
2381.534167
2353.716269
777.1380606
425.7538861
335.8336122
309.0045079
301.8958722
300.3380703
300.0520622
300.007046
300.0008502
300.0000925
300.0000092
300.0000008
300.0000001
300
300
299.9999998
299.9999989
299.9999945
299.9999744
299.9998943
299.9996164
299.9987896
299.9967165
299.9924076
299.9924137
299.9926492
299.9928524
299.9930228
299.9931598
299.993263
299.9933319
299.9933664
2596.096171
2604.042106
2617.656865
2627.172776
2598.731949
2461.73266
2200.738913
2176.510844
690.6606648
412.6191157
333.6877166
308.5213945
301.78532
300.3159332
300.0482488
300.0064742
300.0007744
300.0000836
300.0000082
300.0000007
300.0000001
300
300
299.9999998
299.9999989
299.9999945
299.9999744
299.9998943
299.9996164
299.9987896
299.9967165
299.9924076
299.9924137
299.9926492
299.9928524
299.9930228
299.9931598
299.993263
299.9933319
299.9933664
2565.707772
2572.27016
2584.36862
2593.176494
2561.641778
2360.820822
2216.821716
1747.012852
607.4235873
402.575764
331.8300349
308.0458532
301.6732421
300.2935994
300.0444515
300.0059129
300.0007011
300.000075
300.0000073
300.0000007
300.0000001
300
300
299.9999998
299.9999989
299.9999945
299.9999744
299.9998943
299.9996164
299.9987896
299.9967165
299.9924077
299.9924137
299.9926492
299.9928524
299.9930228
299.9931598
299.993263
299.9933319
299.9933664
2534.876551
2539.017349
2549.674304
2567.468813
2587.897462
2627.399953
2648.354101
1388.062758
546.1305233
393.5182753
329.3663222
307.3813612
301.5232962
300.2652199
300.0398462
300.0052594
300.0006187
300.0000656
300.0000063
300.0000006
300
300
300
299.9999998
299.9999989
299.9999945
299.9999744
299.9998943
299.9996164
299.9987896
299.9967165
299.9924077
299.9924137
299.9926492
299.9928524
299.9930228
299.9931598
299.993263
299.9933319
299.9933664
2510.790749
2508.533884
2507.95483
2522.731577
2564.217301
2618.898203
2684.117622
1139.335756
502.9345552
382.0892345
326.1559627
306.5792773
301.3526664
300.2342164
300.0349621
300.0045819
300.0005349
300.0000563
300.0000054
300.0000005
300
300
300
299.9999998
299.9999989
299.9999945
299.9999744
299.9998943
299.9996164
299.9987896
299.9967165
299.9924077
299.9924137
299.9926492
299.9928524
299.9930228
299.9931598
299.993263
299.9933319
299.9933664
2506.652189
2492.827688
2467.564902
2456.659304
2464.286466
2514.781345
2290.807889
938.9875977
530.2301898
388.7140936
327.4846817
306.7433632
301.353868
300.2292403
300.0335073
300.0043048
300.0004931
300.0000509
300.0000048
300.0000004
300
300
300
299.9999998
299.9999989
299.9999945
299.9999744
299.9998943
299.9996164
299.9987896
299.9967165
299.9924077
299.9924137
299.9926492
299.9928524
299.9930228
299.9931598
299.993263
299.9933319
299.9933664
2551.163808
2528.931854
2451.862176
2388.207315
2382.233429
2330.89442
2124.66632
1244.711403
608.1284826
412.6549418
332.6525782
307.5889652
301.4584381
300.2379741
300.0336692
300.0042
300.0004682
300.0000472
300.0000043
300.0000004
300
300
300
299.9999998
299.9999989
299.9999945
299.9999744
299.9998943
299.9996164
299.9987896
299.9967165
299.9924077
299.9924137
299.9926492
299.9928524
299.9930228
299.9931598
299.993263
299.9933319
299.9933664
2672.01033
2693.335374
2498.747879
2436.588831
2398.973434
2545.981151
2216.318123
1804.711794
698.1658594
423.6191829
332.5772403
307.1167554
301.3105831
300.2071511
300.0285609
300.0034837
300.0003805
300.0000376
300.0000034
300.0000003
300
300
300
299.9999998
299.9999989
299.9999945
299.9999744
299.9998943
299.9996164
299.9987896
299.9967165
299.9924077
299.9924137
299.9926492
299.9928524
299.9930228
299.9931598
299.993263
299.9933319
299.9933664
2760.358189
2751.485974
2488.432119
2789.377203
2511.343228
2591.226562
3017.266611
2773.031762
816.4374064
424.2465448
326.8800346
305.1594773
300.8798481
300.1330738
300.0178765
300.0021442
300.0002313
300.0000226
300.000002
300.0000002
300
300
300
299.9999998
299.9999989
299.9999945
299.9999744
299.9998943
299.9996164
299.9987896
299.9967165
299.9924077
299.9924137
299.9926492
299.9928524
299.9930228
299.9931598
299.993263
299.9933319
299.9933664
3012.713737
2770.614863
2823.932521
3056.723778
2948.01887
2940.35103
3325.720283
3377.415826
947.60073
429.2902488
321.8419639
303.3572901
300.4867657
300.0664873
300.0084284
300.0009797
300.0001039
300.0000101
300.0000009
300.0000001
300
300
300
299.9999998
299.9999989
299.9999945
299.9999744
299.9998943
299.9996164
299.9987896
299.9967165
299.9924077
299.9924137
299.9926492
299.9928524
299.9930228
299.9931598
299.993263
299.9933319
299.9933664
2972.939478
2888.814002
3019.030122
3024.370974
2890.32928
2917.338656
3332.285429
3400.938178
1666.482429
505.3485587
326.0265443
302.9251151
300.3154666
300.033865
300.003625
300.0003794
300.0000379
300.0000036
300.0000003
300
300
300
300
299.9999998
299.9999989
299.9999945
299.9999744
299.9998943
299.9996164
299.9987896
299.9967165
299.9924077
299.9924137
299.9926492
299.9928524
299.9930228
299.9931598
299.993263
299.9933319
299.9933664
2886.821621
2843.195867
2849.102407
2758.033301
2671.689857
2675.893836
2927.075386
2983.368311
1715.1416
568.3701256
335.4130522
303.7464035
300.3446879
300.0291465
300.0023669
300.0001908
300.0000155
300.0000013
300.0000001
300
300
300
300
299.9999998
299.9999989
299.9999945
299.9999744
299.9998943
299.9996164
299.9987896
299.9967165
299.9924077
299.9924137
299.9926492
299.9928524
299.9930228
299.9931598
299.993263
299.9933319
299.9933664
2623.352148
2607.114888
2583.302267
2522.444614
2448.579768
2387.01663
2310.174315
2277.015116
1791.20172
626.8693523
347.4538079
305.2990315
300.4937837
300.0403268
300.0029853
300.0002058
300.0000135
300.0000009
300.0000001
300
300
300
300
299.9999998
299.9999989
299.9999945
299.9999744
299.9998943
299.9996164
299.9987896
299.9967165
299.9924077
299.9924137
299.9926492
299.9928524
299.9930228
299.9931598
299.993263
299.9933319
299.9933664
2413.374785
2402.877602
2381.396826
2338.133455
2279.021758
2219.262249
2171.874354
2162.743931
2093.498479
718.6789261
363.7945817
307.5728514
300.7523874
300.0652258
300.0050768
300.0003624
300.0000241
300.0000015
300.0000001
300
300
300
300
299.9999998
299.9999989
299.9999945
299.9999744
299.9998943
299.9996164
299.9987896
299.9967165
299.9924077
299.9924137
299.9926492
299.9928524
299.9930228
299.9931598
299.993263
299.9933319
299.9933664
2263.688274
2255.644686
2239.081775
2206.929745
2159.207079
2110.411376
2089.982607
2125.142305
2062.197972
731.6935156
376.320481
310.204192
301.125209
300.1074916
300.0091801
300.0007159
300.0000517
300.0000035
300.0000002
300
300
300
300
299.9999998
299.9999989
299.9999945
299.9999744
299.9998943
299.9996164
299.9987896
299.9967165
299.9924077
299.9924137
299.9926492
299.9928524
299.9930228
299.9931598
299.993263
299.9933319
299.9933664
2161.393946
2155.001441
2141.43266
2115.796299
2075.608078
2025.487854
1982.974112
1945.167103
1939.489456
745.6608966
389.1744183
313.3779836
301.639809
300.1728751
300.0161863
300.0013743
300.0001073
300.0000078
300.0000005
300
300
300
300
299.9999998
299.9999989
299.9999945
299.9999744
299.9998943
299.9996164
299.9987896
299.9967165
299.9924077
299.9924137
299.9926492
299.9928524
299.9930228
299.9931598
299.993263
299.9933319
299.9933664
2092.041759
2086.653596
2074.794456
2052.63096
2016.761396
1963.711212
1897.495409
1810.667339
1804.808104
774.5147696
404.6277804
317.3127617
302.3277566
300.267288
300.0270465
300.0024618
300.0002044
300.0000156
300.0000011
300.0000001
300
300
300
299.9999998
299.9999989
299.9999945
299.9999744
299.9998943
299.9996164
299.9987896
299.9967165
299.9924077
299.9924137
299.9926492
299.9928524
299.9930228
299.9931598
299.993263
299.9933319
299.9933664
2044.637798
2039.989502
2029.342506
2009.325625
1975.837383
1923.665001
1848.548016
1751.231572
1745.534892
800.5079575
423.7442357
322.5587537
303.3043121
300.4092835
300.04427
300.0042724
300.0003735
300.0000299
300.0000022
300.0000002
300
300
300
299.9999998
299.9999989
299.9999945
299.9999744
299.9998943
299.9996164
299.9987896
299.9967165
299.9924077
299.9924137
299.9926492
299.9928524
299.9930228
299.9931598
299.993263
299.9933319
299.9933664
2011.146273
2007.099868
1997.575608
1979.489417
1948.431843
1898.798203
1824.253555
1725.409965
1714.575185
815.9640365
440.6349311
327.8153903
304.3883402
300.5818829
300.0670087
300.0068527
300.0006324
300.0000533
300.0000041
300.0000003
300
300
300
299.9999998
299.9999989
299.9999945
299.9999744
299.9998943
299.9996164
299.9987896
299.9967165
299.9924077
299.9924137
299.9926492
299.9928524
299.9930228
299.9931598
299.993263
299.9933319
299.9933664
1985.752792
1982.278851
1973.924073
1957.845424
1929.917307
1884.838646
1817.163933
1726.228282
1711.668523
838.0985551
456.8324007
333.4056539
305.6645097
300.803462
300.0985197
300.0106871
300.0010432
300.0000928
300.0000076
300.0000006
300
300
300
299.9999998
299.9999989
299.9999945
299.9999744
299.9998943
299.9996164
299.9987896
299.9967165
299.9924077
299.9924137
299.9926492
299.9928524
299.9930228
299.9931598
299.993263
299.9933319
299.9933664
1964.361928
1961.407118
1954.110697
1939.899159
1914.917316
1874.154023
1811.304415
1719.283141
1690.651801
866.5353341
477.1052554
340.5432246
307.352314
301.1092925
300.1440795
300.0165074
300.0016987
300.0001592
300.0000137
300.0000011
300.0000001
300
300
299.9999998
299.9999989
299.9999945
299.9999744
299.9998943
299.9996164
299.9987896
299.9967165
299.9924077
299.9924137
299.9926492
299.9928524
299.9930228
299.9931598
299.993263
299.9933319
299.9933664
1944.302338
1941.71982
1935.174644
1922.287753
1899.526364
1862.622855
1806.071077
1724.750175
1701.122907
899.3716913
500.8834425
349.2494841
309.4935979
301.5136779
300.207032
300.0249351
300.0026958
300.0002655
300.0000241
300.000002
300.0000002
300
300
299.9999998
299.9999989
299.9999945
299.9999744
299.9998943
299.9996164
299.9987896
299.9967165
299.9924077
299.9924137
299.9926492
299.9928524
299.9930228
299.9931598
299.993263
299.9933319
299.9933664
1924.081471
1921.691738
1915.469367
1903.055595
1881.118749
1846.591882
1796.339606
1729.706285
1707.001516
920.4382147
519.3470923
356.9684659
311.6162737
301.9556592
300.2821114
300.0358163
300.004081
300.0004235
300.0000405
300.0000036
300.0000003
300
300
299.9999998
299.9999989
299.9999945
299.9999744
299.9998943
299.9996164
299.9987896
299.9967165
299.9924077
299.9924137
299.9926492
299.9928524
299.9930228
299.9931598
299.993263
299.9933319
299.9933664
1903.150775
1900.864922
1894.685907
1881.966506
1858.870849
1822.609819
1774.143265
1746.938912
1815.830342
933.2608575
526.4328752
361.6670082
313.3041537
302.375212
300.36347
300.048929
300.005906
300.0006484
300.0000655
300.0000061
300.0000005
300
300
299.9999998
299.9999989
299.9999945
299.9999744
299.9998943
299.9996164
299.9987896
299.9967165
299.9924077
299.9924137
299.9926492
299.9928524
299.9930228
299.9931598
299.993263
299.9933319
299.9933664
1881.518327
1879.400907
1873.401266
1860.308103
1834.685643
1789.0868
1706.362134
1685.365097
1708.946686
893.3544293
522.252974
364.4516131
314.7947154
302.8093909
300.4570148
300.0653195
300.0083561
300.0009704
300.0001034
300.0000102
300.0000009
300.0000001
300
299.9999998
299.9999989
299.9999945
299.9999744
299.9998943
299.9996164
299.9987896
299.9967165
299.9924077
299.9924137
299.9926492
299.9928524
299.9930228
299.9931598
299.993263
299.9933319
299.9933664
1859.451542
1857.858519
1853.103824
1842.130031
1819.870094
1780.053116
1720.681725
1717.456778
1638.856031
834.4221594
523.7640242
369.1748651
316.7886959
303.3697233
300.5792137
300.0873722
300.0117776
300.0014386
300.000161
300.0000167
300.0000016
300.0000001
300
299.9999998
299.9999989
299.9999945
299.9999744
299.9998943
299.9996164
299.9987896
299.9967165
299.9924077
299.9924137
299.9926492
299.9928524
299.9930228
299.9931598
299.993263
299.9933319
299.9933664
1836.906905
1835.976352
1833.117851
1825.835546
1809.965046
1780.812304
1738.769165
1735.489383
1376.467082
867.9663083
541.5495255
376.6500848
319.3745035
304.0736779
300.7346215
300.1162318
300.0164195
300.0020997
300.0002458
300.0000266
300.0000027
300.0000002
300
299.9999998
299.9999989
299.9999945
299.9999744
299.9998943
299.9996164
299.9987896
299.9967165
299.9924077
299.9924137
299.9926492
299.9928524
299.9930228
299.9931598
299.993263
299.9933319
299.9933664
1813.890902
1813.423793
1812.49307
1809.07195
1799.650951
1779.749171
1747.44146
1730.484936
1568.560659
956.3480558
565.8913982
385.2837183
322.2920673
304.8854183
300.920435
300.1522015
300.0224626
300.0029992
300.0003663
300.0000413
300.0000043
300.0000004
300
299.9999998
299.9999989
299.9999945
299.9999744
299.9998943
299.9996164
299.9987896
299.9967165
299.9924077
299.9924137
299.9926492
299.9928524
299.9930228
299.9931598
299.993263
299.9933319
299.9933664
1790.88577
1790.712524
1790.944265
1790.668477
1786.928757
1775.397554
1752.183474
1743.984908
1468.625955
953.0499406
576.4396463
392.4508695
325.2116547
305.7668472
301.1339488
300.1956282
300.0301065
300.0041891
300.0005328
300.0000625
300.0000068
300.0000007
300
299.9999998
299.9999989
299.9999945
299.9999744
299.9998943
299.9996164
299.9987896
299.9967165
299.9924077
299.9924137
299.9926492
299.9928524
299.9930228
299.9931598
299.993263
299.9933319
299.9933664
1768.235372
1767.859445
1768.361764
1770.012779
1771.156588
1768.449504
1761.609747
1761.713879
1304.706223
891.280641
576.3563453
398.2879451
328.1120894
306.711737
301.375084
300.2469675
300.0395425
300.0057206
300.000756
300.0000921
300.0000104
300.0000011
300.0000001
299.9999998
299.9999989
299.9999945
299.9999744
299.9998943
299.9996164
299.9987896
299.9967165
299.9924077
299.9924137
299.9926492
299.9928524
299.9930228
299.9931598
299.993263
299.9933319
299.9933664
1746.592495
1745.032139
1744.168174
1746.189241
1750.882651
1755.564518
1757.177201
1752.19493
1248.15718
891.9991382
586.5800036
405.3675248
331.1936202
307.7192169
301.6404871
300.3056851
300.0507681
300.0076144
300.0010425
300.0001314
300.0000154
300.0000017
300.0000001
299.9999998
299.9999989
299.9999945
299.9999744
299.9998943
299.9996164
299.9987896
299.9967165
299.9924077
299.9924137
299.9926492
299.9928524
299.9930228
299.9931598
299.993263
299.9933319
299.9933664
1725.658692
1721.940946
1718.293734
1719.016126
1725.378604
1738.168272
1770.056091
1780.498167
1321.982103
941.6866272
605.1667689
413.3849238
334.3588557
308.7541889
301.9204383
300.3697397
300.0634522
300.0098301
300.0013892
300.0001806
300.0000218
300.0000024
300.0000002
299.9999998
299.9999989
299.9999945
299.9999744
299.9998943
299.9996164
299.9987896
299.9967165
299.9924077
299.9924137
299.9926492
299.9928524
299.9930228
299.9931598
299.993263
299.9933319
299.9933664
1705.850109
1699.764506
1691.908286
1687.531614
1688.050434
1690.725659
1687.108183
1683.919119
1384.442066
981.9429491
623.006814
421.2519716
337.4418775
309.7672479
302.1992486
300.4351067
300.0767583
300.0122219
300.0017742
300.0002368
300.0000293
300.0000034
300.0000003
299.9999998
299.9999989
299.9999945
299.9999744
299.9998943
299.9996164
299.9987896
299.9967165
299.9924077
299.9924137
299.9926492
299.9928524
299.9930228
299.9931598
299.993263
299.9933319
299.9933664
1687.16619
1679.422319
1667.703918
1657.311798
1650.881174
1648.093176
1643.5926
1641.156617
1461.633165
1025.291117
641.2349804
428.6097061
340.1621534
310.6449387
302.4424125
300.4932068
300.0888748
300.014457
300.0021435
300.000292
300.0000368
300.0000043
300.0000004
299.9999999
299.9999989
299.9999945
299.9999744
299.9998943
299.9996164
299.9987896
299.9967165
299.9924077
299.9924137
299.9926492
299.9928524
299.9930228
299.9931598
299.993263
299.9933319
299.9933664
1668.48458
1659.392461
1644.089081
1627.614338
1613.486742
1608.244172
1627.302528
1636.666741
1458.722181
1025.498908
643.0419741
430.2941574
341.1092154
311.0329905
302.5674777
300.526382
300.0963506
300.0159221
300.0023977
300.0003317
300.0000424
300.000005
300.0000005
299.9999999
299.9999989
299.9999945
299.9999744
299.9998943
299.9996164
299.9987896
299.9967165
299.9924077
299.9924137
299.9926492
299.9928524
299.9930228
299.9931598
299.993263
299.9933319
299.9933664
1649.401979
1639.159832
1620.598647
1597.363785
1570.446049
1544.504645
1525.056176
1528.405686
1345.563543
958.0491053
615.2406951
421.2164926
338.6846257
310.5004754
302.4717994
300.5126861
300.0949371
300.0158685
300.0024164
300.0003378
300.0000437
300.0000052
300.0000006
299.9999999
299.9999989
299.9999945
299.9999744
299.9998943
299.9996164
299.9987896
299.9967165
299.9924077
299.9924137
299.9926492
299.9928524
299.9930228
299.9931598
299.993263
299.9933319
299.9933664
1631.581195
1620.641327
1599.620468
1569.830632
1528.612547
1474.387339
1443.962491
1429.727751
1194.005242
848.3115005
563.1659793
402.1033742
332.9259814
309.0304587
302.1469572
300.4495139
300.0839812
300.0141553
300.0021726
300.000306
300.0000398
300.0000048
300.0000005
299.9999999
299.9999989
299.9999945
299.9999744
299.9998943
299.9996164
299.9987896
299.9967165
299.9924077
299.9924137
299.9926492
299.9928524
299.9930228
299.9931598
299.993263
299.9933319
299.9933664
1619.630716
1608.717993
1586.599988
1552.083859
1499.222542
1414.438901
1361.117084
1284.927793
1041.752824
752.8728192
517.5822418
384.8524336
327.5451048
307.6063496
301.8201676
300.3834002
300.0720297
300.0122036
300.001882
300.0002663
300.0000348
300.0000042
300.0000004
299.9999999
299.9999989
299.9999945
299.9999744
299.9998943
299.9996164
299.9987896
299.9967165
299.9924077
299.9924137
299.9926492
299.9928524
299.9930228
299.9931598
299.993263
299.9933319
299.9933664
)
;

boundaryField
{
    lowerWall
    {
        type            zeroGradient;
    }
    atmosphere
    {
        type            zeroGradient;
    }
    rightWall
    {
        type            empty;
    }
    leftWall
    {
        type            empty;
    }
    frontAndBack
    {
        type            fixedGradient;
        gradient        uniform -50;
    }
}


// ************************************************************************* //
