/*--------------------------------*- C++ -*----------------------------------*\
| =========                 |                                                 |
| \\      /  F ield         | OpenFOAM: The Open Source CFD Toolbox           |
|  \\    /   O peration     | Version:  2506                                  |
|   \\  /    A nd           | Website:  www.openfoam.com                      |
|    \\/     M anipulation  |                                                 |
\*---------------------------------------------------------------------------*/
FoamFile
{
    version     2.0;
    format      ascii;
    arch        "LSB;label=32;scalar=64";
    class       volScalarField;
    location    "0.006";
    object      TLiquidus;
}
// * * * * * * * * * * * * * * * * * * * * * * * * * * * * * * * * * * * * * //

dimensions      [0 0 0 1 0 0 0];

internalField   nonuniform List<scalar> 
3200
(
10
10
1723
10.0000003
10.00000019
10.0000002
1723
1723
1723
1723
1723
1723
1723
1723
1723
1723
1723
1723
1723
1723
1723
1723
1723
1723
1723
1723
1723
1723
1723
1723
1723
1723
10.00000057
10
10
10
10
10
10
10
10
10
10
10.00000004
10.00000004
10.00000003
1723
1723
1723
1723
1723
1723
1723
1723
1723
1723
1723
1723
1723
1723
1723
1723
1723
1723
1723
1723
1723
1723
1723
1723
1723
1723
10.00000058
10
10
10
10
10
10
10
10
10
10
10.00000002
10.00000002
10.00000002
1723
1723
1723
1723
1723
1723
1723
1723
1723
1723
1723
1723
1723
1723
1723
1723
1723
1723
1723
1723
1723
1723
1723
1723
1723
1723
10.00000058
10
10
10
10
10
10
10
10
10
10
10.00000001
10.00000001
10.00000001
1723
1723
1723
1723
1723
1723
1723
1723
1723
1723
1723
1723
1723
1723
1723
1723
1723
1723
1723
1723
1723
1723
1723
1723
1723
1723
10.00000058
10
10
10
10
10
10
10
10
10
10
10
10.00000001
10.00000001
1723
1723
1723
1723
1723
1723
1723
1723
1723
1723
1723
1723
1723
1723
1723
1723
1723
1723
1723
1723
1723
1723
1723
1723
1723
1723
10.00000058
10
10
10
10
10
10
10
10
10
10
10
10
10
1723
1723
1723
1723
1723
1723
1723
1723
1723
1723
1723
1723
1723
1723
1723
1723
1723
1723
1723
1723
1723
1723
1723
1723
1723
1723
10.00000059
10
10
10
10
10
10
10
10
10
10
10
10
10
10
1723
1723
1723
1723
1723
1723
1723
1723
1723
1723
1723
1723
1723
1723
1723
1723
1723
1723
1723
1723
1723
1723
1723
1723
1723
10.00000059
10
10
10
10
10
10
10
10
10
10
10.00000001
10
10
10
1723
1723
1723
1723
1723
1723
1723
1723
1723
1723
1723
1723
1723
1723
1723
1723
1723
1723
1723
1723
1723
1723
1723
1723
1723
10.0000006
10
10
10
10
10
10
10
10
10
10
10.00000002
10.00000023
10.0000003
10.00000059
10.0000042
1723
1723
1723
1723
1723
1723
1723
1723
1723
1723
1723
1723
1723
1723
1723
1723
1723
1723
1723
1723
1723
1723
1723
1723
10.00000061
10
10
10
10
10
10
10
10
10
10.00000001
10.00000011
10.00000031
10.00000038
10.00000061
10.00000037
1723
1723
1723
1723
1723
1723
1723
1723
1723
1723
1723
1723
1723
1723
1723
1723
1723
1723
1723
1723
1723
1723
1723
1723
10.00000061
10
10
10
10
10
10
10
10
10.00000002
10.00000004
10.00000013
10.00000034
10.00000041
10.00000065
10.00000044
10.00000012
1723
1723
1723
1723
1723
1723
1723
1723
1723
1723
1723
1723
1723
1723
1723
1723
1723
1723
1723
1723
1723
1723
1723
10.00000062
10
10
10
10
10
10
10
10.00000001
10.00000003
10.00000006
10.0000001
10.00000033
10.00000044
10.00000064
10.00000058
10.00000012
1723
1723
1723
1723
1723
1723
1723
1723
1723
1723
1723
1723
1723
1723
1723
1723
1723
1723
1723
1723
1723
1723
1723
10.00000063
10
10
10
10
10
10
10
10.00000001
10.00000003
10.00000007
10.00000009
10.00000029
10.00000044
10.00000057
10.00000048
1723
1723
1723
1723
1723
1723
1723
1723
1723
1723
1723
1723
1723
1723
1723
1723
1723
1723
1723
1723
1723
1723
1723
1723
10.00000063
10
10
10
10
10
10
10
10.00000001
10.00000004
10.00000008
10.00000011
10.00000028
10.00000044
10.00000067
1723
1723
1723
1723
1723
1723
1723
1723
1723
1723
1723
1723
1723
1723
1723
1723
1723
1723
1723
1723
1723
1723
1723
1723
1723
10.00000064
10
10
10
10
10
10
10
10.00000002
10.00000006
10.0000001
10.00000016
10.00000033
10.00000055
10.00000143
1723
1723
1723
1723
1723
1723
1723
1723
1723
1723
1723
1723
1723
1723
1723
1723
1723
1723
1723
1723
1723
1723
1723
1723
1723
10.00000065
10
10
10
10
10
10
10
10.00000004
10.00000009
10.00000014
10.00000024
10.00000038
10.00000046
10.00000016
1723
1723
1723
1723
1723
1723
1723
1723
1723
1723
1723
1723
1723
1723
1723
1723
1723
1723
1723
1723
1723
1723
1723
1723
1723
10.00000065
10
10
10
10
10
10
10
10.00000007
10.00000015
10.0000002
10.0000003
10.00000041
10.00000044
10.0000002
10.00000014
1723
1723
1723
1723
1723
1723
1723
1723
1723
1723
1723
1723
1723
1723
1723
1723
1723
1723
1723
1723
1723
1723
1723
1723
10.00000066
10
10
10
10
10
10
10
10.00000014
10.00000022
10.00000027
10.00000035
10.00000044
10.00000046
10.00000027
10.00000023
13.58871258
1723
1723
1723
1723
1723
1723
1723
1723
1723
1723
1723
1723
1723
1723
1723
1723
1723
1723
1723
1723
1723
1723
1723
10.00000066
10
10
10
10
10
10
10
10.00000027
10.00000031
10.00000035
10.00000042
10.00000051
10.0000006
10.0000004
10.00000029
10.00000006
1723
1723
1723
1723
1723
1723
1723
1723
1723
1723
1723
1723
1723
1723
1723
1723
1723
1723
1723
1723
1723
1723
1723
10.00000067
10
10
10
10
10
10
10
10.00000039
10.0000004
10.00000043
10.00000051
10.00000064
10.00000097
10.00000073
10.00000035
10.0000001
1723
1723
1723
1723
1723
1723
1723
1723
1723
1723
1723
1723
1723
1723
1723
1723
1723
1723
1723
1723
1723
1723
1723
10.00000067
10
10
10
10
10
10
10
10.00000047
10.00000048
10.00000053
10.00000063
10.00000081
10.00000133
10.00000071
10.00000032
10.0000001
1723
1723
1723
1723
1723
1723
1723
1723
1723
1723
1723
1723
1723
1723
1723
1723
1723
1723
1723
1723
1723
1723
1723
10.00000067
10
10
10
10
10
10
10
10.00000052
10.00000054
10.0000006
10.0000007
10.00000092
78.25590071
10.00000007
10.00000011
10.00000006
1723
1723
1723
1723
1723
1723
1723
1723
1723
1723
1723
1723
1723
1723
1723
1723
1723
1723
1723
1723
1723
1723
1723
10.00000068
10
10
10
10
10
10
10
10.00000054
10.00000055
10.00000059
10.00000069
10.00000085
10.00000043
10.00000027
10.00000013
10.00000003
1723
1723
1723
1723
1723
1723
1723
1723
1723
1723
1723
1723
1723
1723
1723
1723
1723
1723
1723
1723
1723
1723
1723
10.00000068
10
10
10
10
10
10
10
10.00000044
10.00000046
10.0000005
10.00000059
10.00000061
10.00000027
10.00000012
10.00000004
10.00000001
1723
1723
1723
1723
1723
1723
1723
1723
1723
1723
1723
1723
1723
1723
1723
1723
1723
1723
1723
1723
1723
1723
1723
10.00000068
10
10
10
10
10
10
10
10.00000024
10.0000003
10.00000034
10.00000041
10.00000031
10.00000011
10.00000006
10.00000001
10
1723
1723
1723
1723
1723
1723
1723
1723
1723
1723
1723
1723
1723
1723
1723
1723
1723
1723
1723
1723
1723
1723
1723
10.00000068
10
10
10
10
10
10
10
10.00000007
10.00000012
10.00000016
10.0000002
10.00000014
10.00000008
10.00000005
10.00000002
10
1723
1723
1723
1723
1723
1723
1723
1723
1723
1723
1723
1723
1723
1723
1723
1723
1723
1723
1723
1723
1723
1723
1723
10.00000068
10
10
10
10
10
10
10
10.00000001
10.00000003
10.00000005
10.00000008
10.00000007
10.00000006
10.00000005
10.00000004
10
1723
1723
1723
1723
1723
1723
1723
1723
1723
1723
1723
1723
1723
1723
1723
1723
1723
1723
1723
1723
1723
1723
1723
10.00000067
10
10
10
10
10
10
10
10
10.00000001
10.00000001
10.00000002
10.00000003
10.00000005
10.00000004
10.00000002
1723
1723
1723
1723
1723
1723
1723
1723
1723
1723
1723
1723
1723
1723
1723
1723
1723
1723
1723
1723
1723
1723
1723
1723
10.00000067
10
10
10
10
10
10
10
10
10
10
10.00000001
10.00000002
10.00000003
10.00000003
1723
1723
1723
1723
1723
1723
1723
1723
1723
1723
1723
1723
1723
1723
1723
1723
1723
1723
1723
1723
1723
1723
1723
1723
1723
10.00000067
10
10
10
10
10
10
10
10
10
10.00000001
10.00000002
10.00000002
10.00000001
10.00000001
1723
1723
1723
1723
1723
1723
1723
1723
1723
1723
1723
1723
1723
1723
1723
1723
1723
1723
1723
1723
1723
1723
1723
1723
1723
10.00000066
10
10
10
10
10
10
10
10
10.00000001
10.00000002
10.00000004
10.00000004
10.00000004
10.00000007
10.00000015
10.23235784
1723
1723
1723
1723
1723
1723
1723
1723
1723
1723
1723
1723
1723
1723
1723
1723
1723
1723
1723
1723
1723
1723
1723
10.00000065
10
10
10
10
10
10
10
10
10.00000001
10.00000003
10.00000006
10.00000006
10.00000005
10.00000007
10.00000021
10.00000036
1723
1723
1723
1723
1723
1723
1723
1723
1723
1723
1723
1723
1723
1723
1723
1723
1723
1723
1723
1723
1723
1723
1723
10.00000064
10
10
10
10
10
10
10
10
10.00000001
10.00000004
10.00000008
10.0000001
10.0000001
10.00000014
10.00000028
10.00000042
1723
1723
1723
1723
1723
1723
1723
1723
1723
1723
1723
1723
1723
1723
1723
1723
1723
1723
1723
1723
1723
1723
1723
10.00000063
10
10
10
10
10
10
10
10
10.00000001
10.00000004
10.00000011
10.00000018
10.00000022
10.00000034
10.00000044
10.0000005
1723
1723
1723
1723
1723
1723
1723
1723
1723
1723
1723
1723
1723
1723
1723
1723
1723
1723
1723
1723
1723
1723
1723
10.00000063
10
10
10
10
10
10
10
10
10.00000001
10.00000004
10.0000001
10.00000018
10.00000026
10.00000034
10.00000041
10.00000043
1723
1723
1723
1723
1723
1723
1723
1723
1723
1723
1723
1723
1723
1723
1723
1723
1723
1723
1723
1723
1723
1723
1723
10.00000061
10
10
10
10
10
10
10
10
10
10.00000002
10.00000005
10.00000009
10.00000014
10.00000019
10.00000021
10.00000024
1723
1723
1723
1723
1723
1723
1723
1723
1723
1723
1723
1723
1723
1723
1723
1723
1723
1723
1723
1723
1723
1723
1723
10.0000006
10
10
10
10
10
10
10
10
10.00000001
10.00000003
10.00000006
10.00000008
10.0000001
10.00000013
10.00000016
10.0000002
1723
1723
1723
1723
1723
1723
1723
1723
1723
1723
1723
1723
1723
1723
1723
1723
1723
1723
1723
1723
1723
1723
1723
10.00000059
10
10
10
10
10
10
10
10
10.00000002
10.00000011
10.00000012
10.00000011
10.00000017
10.00000013
10.00000014
10.00000015
1723
1723
1723
1723
1723
1723
1723
1723
1723
1723
1723
1723
1723
1723
1723
1723
1723
1723
1723
1723
1723
1723
1723
10.00000058
10
10
10
10
10
10
10
10.00000001
10.00000006
10.00000022
10.00000011
10.00000002
1723
10
10.36126289
1723
1723
1723
1723
1723
1723
1723
1723
1723
1723
1723
1723
1723
1723
1723
1723
1723
1723
1723
1723
1723
1723
1723
1723
10.00000057
10
10
10
10
10
10
10
10.00000003
10.00000009
10.00000022
10.00000017
10.00000004
1723
1723
1723
1723
1723
1723
1723
1723
1723
1723
1723
1723
1723
1723
1723
1723
1723
1723
1723
1723
1723
1723
1723
1723
1723
1723
1723
10.00000056
10
10
10
10
10
10
10
10.00000012
10.00000035
10.00000038
10.0000003
10.00000014
1723
1723
1723
1723
1723
1723
1723
1723
1723
1723
1723
1723
1723
1723
1723
1723
1723
1723
1723
1723
1723
1723
1723
1723
1723
1723
1723
10.00000054
10
10
10
10
10
10
10
10.00000004
10.00000032
10.00000056
10.00000043
10.00000032
10.00000041
1723
1723
1723
1723
1723
1723
1723
1723
1723
1723
1723
1723
1723
1723
1723
1723
1723
1723
1723
1723
1723
1723
1723
1723
1723
1723
10.00000053
10
10
10
10
10
10
10
10.00000004
10.00000026
10.0000007
10.00000059
10.00000047
10.00000066
10.00000059
1723
1723
1723
1723
1723
1723
1723
1723
1723
1723
1723
1723
1723
1723
1723
1723
1723
1723
1723
1723
1723
1723
1723
1723
1723
10.00000052
10
10
10
10
10
10
10
10.00000003
10.00000019
10.00000054
10.0000007
10.00000063
10.00000082
10.00000013
1723
1723
1723
1723
1723
1723
1723
1723
1723
1723
1723
1723
1723
1723
1723
1723
1723
1723
1723
1723
1723
1723
1723
1723
1723
10.00000051
10
10
10
10
10
10
10
10.00000001
10.00000009
10.00000072
10.00000101
10.00000089
10.00000082
1723
1723
1723
1723
1723
1723
1723
1723
1723
1723
1723
1723
1723
1723
1723
1723
1723
1723
1723
1723
1723
1723
1723
1723
1723
1723
10.0000005
10
10
10
10
10
10
10
10.00000007
10.00000065
10.00000092
10.00000092
10.00000072
10.00000016
1723
1723
1723
1723
1723
1723
1723
1723
1723
1723
1723
1723
1723
1723
1723
1723
1723
1723
1723
1723
1723
1723
1723
1723
1723
1723
10.00000049
10
10
10
10
10
10
10
10.00000033
10.00000057
10.00000059
10.00000061
10.00000059
1723
1723
1723
1723
1723
1723
1723
1723
1723
1723
1723
1723
1723
1723
1723
1723
1723
1723
1723
1723
1723
1723
1723
1723
1723
1723
1723
10.00000049
10
10
10
10
10
10
10
10.00000065
10.00000077
10.00000052
10.00000018
1723
1723
1723
1723
1723
1723
1723
1723
1723
1723
1723
1723
1723
1723
1723
1723
1723
1723
1723
1723
1723
1723
1723
1723
1723
1723
1723
1723
10.00000048
10
10
10
10
10
10
10
10.0000005
10.00000047
10.00000049
10
1723
1723
1723
1723
1723
1723
1723
1723
1723
1723
1723
1723
1723
1723
1723
1723
1723
1723
1723
1723
1723
1723
1723
1723
1723
1723
1723
1723
10.00000047
10
10
10
10
10
10
10
10.0000035
10.00000903
10.00000653
10
1723
1723
1723
1723
1723
1723
1723
1723
1723
1723
1723
1723
1723
1723
1723
1723
1723
1723
1723
1723
1723
1723
1723
1723
1723
1723
1723
1723
10.00000047
10
10
10
10
10
10
10
18.27551956
1723
17.2743984
10.02042617
10.00000011
10.00000017
32.51126227
1723
1723
1723
1723
1723
1723
1723
1723
1723
1723
1723
1723
1723
1723
1723
1723
1723
1723
1723
1723
1723
1723
1723
1723
1723
10.00000047
10
10
10
10
10
10
10
1723
1723
1723
1723
10.23549614
10.00000024
10.00000015
1723
1723
1723
1723
1723
1723
1723
1723
1723
1723
1723
1723
1723
1723
1723
1723
1723
1723
1723
1723
1723
1723
1723
1723
1723
10.00000046
10
10
10
10
10
10
10
1723
1723
71.60943152
11.22469421
10.00000007
10.00000031
10.00000023
1723
1723
1723
1723
1723
1723
1723
1723
1723
1723
1723
1723
1723
1723
1723
1723
1723
1723
1723
1723
1723
1723
1723
1723
1723
10.00000046
10
10
10
10
10
10
10
10
10
10
10.00000011
10.00000054
10.00000054
10.00000035
1723
1723
1723
1723
1723
1723
1723
1723
1723
1723
1723
1723
1723
1723
1723
1723
1723
1723
1723
1723
1723
1723
1723
1723
1723
10.00000046
10
10
10
10
10
10
10
10
10
10
10.00000013
10.00000061
10.00000051
10.00000015
1723
1723
1723
1723
1723
1723
1723
1723
1723
1723
1723
1723
1723
1723
1723
1723
1723
1723
1723
1723
1723
1723
1723
1723
1723
10.00000046
10
10
10
10
10
10
10
10
10
10
10.0000002
10.00000064
10.0000004
10.00000018
1723
1723
1723
1723
1723
1723
1723
1723
1723
1723
1723
1723
1723
1723
1723
1723
1723
1723
1723
1723
1723
1723
1723
1723
1723
10.00000046
10
10
10
10
10
10
10
10
10
10
10.00000025
10.0000006
10.00000032
10.00000008
13.4398911
1723
1723
1723
1723
1723
1723
1723
1723
1723
1723
1723
1723
1723
1723
1723
1723
1723
1723
1723
1723
1723
1723
1723
1723
10.00000046
10
10
10
10
10
10
10
10
10
10
10.0000001
10.00000056
10.00000043
10.00000018
10.00000001
1723
1723
1723
1723
1723
1723
1723
1723
1723
1723
1723
1723
1723
1723
1723
1723
1723
1723
1723
1723
1723
1723
1723
1723
10.00000046
10
10
10
10
10
10
10
10
10
10
10.00000004
10.00000044
10.00000059
10.00000043
10.00000015
1723
1723
1723
1723
1723
1723
1723
1723
1723
1723
1723
1723
1723
1723
1723
1723
1723
1723
1723
1723
1723
1723
1723
1723
10.00000047
10
10
10
10
10
10
10
10
10
10
10.00000002
10.00000031
10.00000048
10.00000071
10.00000105
1723
1723
1723
1723
1723
1723
1723
1723
1723
1723
1723
1723
1723
1723
1723
1723
1723
1723
1723
1723
1723
1723
1723
1723
10.00000047
10
10
10
10
10
10
10
10
10
10
10.00000001
10.00000016
10.0000003
10.00000081
10.00000474
1723
1723
1723
1723
1723
1723
1723
1723
1723
1723
1723
1723
1723
1723
1723
1723
1723
1723
1723
1723
1723
1723
1723
1723
10.00000047
10
10
10
10
10
10
10
10
10
10
10
10.00000006
10.00000015
10.00000029
10.00000205
1723
1723
1723
1723
1723
1723
1723
1723
1723
1723
1723
1723
1723
1723
1723
1723
1723
1723
1723
1723
1723
1723
1723
1723
10.00000048
10
10
10
10
10
10
10
10
10
10
10
10.00000002
10.00000007
10.0000002
10.00000099
1723
1723
1723
1723
1723
1723
1723
1723
1723
1723
1723
1723
1723
1723
1723
1723
1723
1723
1723
1723
1723
1723
1723
1723
10.00000048
10
10
10
10
10
10
10
10
10
10
10
10.00000001
10.00000003
10.00000014
10.00000067
1723
1723
1723
1723
1723
1723
1723
1723
1723
1723
1723
1723
1723
1723
1723
1723
1723
1723
1723
1723
1723
1723
1723
1723
10.00000049
10
10
10
10
10
10
10
10
10
10
10
10.00000001
10.00000003
10.00000011
10.0000005
1723
1723
1723
1723
1723
1723
1723
1723
1723
1723
1723
1723
1723
1723
1723
1723
1723
1723
1723
1723
1723
1723
1723
1723
10.00000049
10
10
10
10
10
10
10
10
10
10
10.00000001
10.00000002
10.00000005
10.00000014
10.0000004
1723
1723
1723
1723
1723
1723
1723
1723
1723
1723
1723
1723
1723
1723
1723
1723
1723
1723
1723
1723
1723
1723
1723
1723
10.0000005
10
10
10
10
10
10
10
10
10
10
10.00000001
10.00000007
10.0000001
10.0000001
1723
1723
1723
1723
1723
1723
1723
1723
1723
1723
1723
1723
1723
1723
1723
1723
1723
1723
1723
1723
1723
1723
1723
1723
1723
10.0000005
10
10
10
10
10
10
10
10
10
10.00000001
10.00000002
10.00000006
10.00000013
10.00000014
1723
1723
1723
1723
1723
1723
1723
1723
1723
1723
1723
1723
1723
1723
1723
1723
1723
1723
1723
1723
1723
1723
1723
1723
1723
10.00000051
10
10
10
10
10
10
10
10
10
10.00000001
10.00000002
10.00000005
10.00000012
10.00000019
1723
1723
1723
1723
1723
1723
1723
1723
1723
1723
1723
1723
1723
1723
1723
1723
1723
1723
1723
1723
1723
1723
1723
1723
1723
10.00000051
10
10
10
10
10
10
10
10
10.00000001
10.00000003
10.00000004
10.00000007
10.00000012
10.00000022
1723
1723
1723
1723
1723
1723
1723
1723
1723
1723
1723
1723
1723
1723
1723
1723
1723
1723
1723
1723
1723
1723
1723
1723
1723
10.00000052
10
10
10
10
10
10
10
10.00000001
10.00000004
10.00000009
10.00000011
10.00000011
10.00000014
10.00000024
1723
1723
1723
1723
1723
1723
1723
1723
1723
1723
1723
1723
1723
1723
1723
1723
1723
1723
1723
1723
1723
1723
1723
1723
1723
10.00000052
10
10
10
10
10
10
10
10.00000004
10.00000015
10.00000017
10.00000017
10.00000016
10.00000017
10.00000027
1723
1723
1723
1723
1723
1723
1723
1723
1723
1723
1723
1723
1723
1723
1723
1723
1723
1723
1723
1723
1723
1723
1723
1723
1723
10.00000053
10
10
10
10
10
10
10
10.00000019
10.00000035
10.00000046
10.00000046
10.00000034
10.00000026
10.0000003
1723
1723
1723
1723
1723
1723
1723
1723
1723
1723
1723
1723
1723
1723
1723
1723
1723
1723
1723
1723
1723
1723
1723
1723
1723
10.00000053
10
10
10
10
10
10
10
10.00000048
10.00000098
10.00000137
10.00000124
10.0000008
10.00000047
10.00000029
1723
1723
1723
1723
1723
1723
1723
1723
1723
1723
1723
1723
1723
1723
1723
1723
1723
1723
1723
1723
1723
1723
1723
1723
1723
10.00000053
10
10
10
10
10
10
10
10.00000048
10.00000087
10.00000107
10.00000103
10.00000085
10.00000057
10.00000029
1723
1723
1723
1723
1723
1723
1723
1723
1723
1723
1723
1723
1723
1723
1723
1723
1723
1723
1723
1723
1723
1723
1723
1723
1723
10.00000054
10
10
10
10
10
10
10
10.0000004
10.00000063
10.00000071
10.00000069
10.00000061
10.00000043
10.00000015
1723
1723
1723
1723
1723
1723
1723
1723
1723
1723
1723
1723
1723
1723
1723
1723
1723
1723
1723
1723
1723
1723
1723
1723
1723
10.00000054
10
10
10
10
10
10
10
10.00000032
10.00000045
10.00000046
10.00000041
10.0000003
10.00000007
10.00000002
1723
1723
1723
1723
1723
1723
1723
1723
1723
1723
1723
1723
1723
1723
1723
1723
1723
1723
1723
1723
1723
1723
1723
1723
1723
10.00000054
10
10
10
10
10
10
10
10.00000028
10.00000033
10.0000003
10.00000026
10.00000011
10.00000001
10
1723
1723
1723
1723
1723
1723
1723
1723
1723
1723
1723
1723
1723
1723
1723
1723
1723
1723
1723
1723
1723
1723
1723
1723
1723
10.00000055
10
10
10
10
10
10
10
10.00000023
10.00000023
10.00000017
10.00000013
10.00000002
10
74.17077358
1723
1723
1723
1723
1723
1723
1723
1723
1723
1723
1723
1723
1723
1723
1723
1723
1723
1723
1723
1723
1723
1723
1723
1723
1723
10.00000055
10
10
10
10
10
10
10
10.00000013
10.0000001
10.00000005
10.00000003
10
10
1723
1723
1723
1723
1723
1723
1723
1723
1723
1723
1723
1723
1723
1723
1723
1723
1723
1723
1723
1723
1723
1723
1723
1723
1723
1723
10.00000055
10
10
10
10
10
10
10
)
;

boundaryField
{
    lowerWall
    {
        type            calculated;
        value           uniform 10;
    }
    atmosphere
    {
        type            calculated;
        value           nonuniform List<scalar> 
80
(
10
10
10
10
10
10
10
10
10
10
10
10
10
10
10
10
10
10
10
10.00000039
10.00000047
10.00000052
10.00000054
10.00000044
10.00000024
10.00000007
10.00000001
10
10
10
10
10
10
10
10
10
10
10
10
10
10
10
10
10
10
10
10.00000033
10.00000065
10.0000005
10.0000035
18.27551956
1384.403966
226.7510785
10
10
10
10
10
10
10
10
10
10
10
10
10
10
10
10
10
10
10
10.00000019
10.00000048
10.00000048
10.0000004
10.00000032
10.00000028
10.00000023
10.00000013
)
;
    }
    rightWall
    {
        type            empty;
    }
    leftWall
    {
        type            empty;
    }
    frontAndBack
    {
        type            calculated;
        value           nonuniform List<scalar> 
80
(
10
10
330.0011508
10.0000003
10.00000019
10.0000002
462.5839275
1723
1722.999395
1723
1723
1723
1723
1723
1723
1723
1723
1723
1723
1723
1723
1723
1723
1723
1723
1723
1723
1723
1723
1723
1723
1723
10.00000057
10
10
10
10
10
10
10
10.00000013
10.0000001
10.00000005
10.00000003
10
10
107.8435442
835.9700859
1722.931616
1723
1723
1723
1723
1723
1723
1723
1723
1723
1723
1723
1723
1723
1723
1723
1723
1723
1723
1723
1723
1723
1723
1723
10.00000055
10
10
10
10
10
10
10
)
;
    }
}


// ************************************************************************* //
