/*--------------------------------*- C++ -*----------------------------------*\
| =========                 |                                                 |
| \\      /  F ield         | OpenFOAM: The Open Source CFD Toolbox           |
|  \\    /   O peration     | Version:  2506                                  |
|   \\  /    A nd           | Website:  www.openfoam.com                      |
|    \\/     M anipulation  |                                                 |
\*---------------------------------------------------------------------------*/
FoamFile
{
    version     2.0;
    format      ascii;
    arch        "LSB;label=32;scalar=64";
    class       volScalarField;
    location    "0.006";
    object      TSolidus;
}
// * * * * * * * * * * * * * * * * * * * * * * * * * * * * * * * * * * * * * //

dimensions      [0 0 0 1 0 0 0];

internalField   nonuniform List<scalar> 
3200
(
1
1
1658
1.000000288
1.000000188
1.000000197
1658
1658
1658
1658
1658
1658
1658
1658
1658
1658
1658
1658
1658
1658
1658
1658
1658
1658
1658
1658
1658
1658
1658
1658
1658
1658
1.000000555
1
1
1
1
1
1
1
1
1
1
1.00000004
1.000000039
1.000000027
1658
1658
1658
1658
1658
1658
1658
1658
1658
1658
1658
1658
1658
1658
1658
1658
1658
1658
1658
1658
1658
1658
1658
1658
1658
1658
1.000000557
1
1
1
1
1
1
1
1
1
1
1.000000017
1.00000002
1.000000017
1658
1658
1658
1658
1658
1658
1658
1658
1658
1658
1658
1658
1658
1658
1658
1658
1658
1658
1658
1658
1658
1658
1658
1658
1658
1658
1.000000559
1
1
1
1
1
1
1
1
1
1
1.000000008
1.000000012
1.000000012
1658
1658
1658
1658
1658
1658
1658
1658
1658
1658
1658
1658
1658
1658
1658
1658
1658
1658
1658
1658
1658
1658
1658
1658
1658
1658
1.000000562
1
1
1
1
1
1
1
1
1
1
1.000000004
1.000000008
1.00000001
1658
1658
1658
1658
1658
1658
1658
1658
1658
1658
1658
1658
1658
1658
1658
1658
1658
1658
1658
1658
1658
1658
1658
1658
1658
1658
1.000000566
1
1
1
1
1
1
1
1
1
1
1.000000001
1.000000004
1.000000004
1658
1658
1658
1658
1658
1658
1658
1658
1658
1658
1658
1658
1658
1658
1658
1658
1658
1658
1658
1658
1658
1658
1658
1658
1658
1658
1.00000057
1
1
1
1
1
1
1
1
1
1
1.000000001
1.000000001
1
1
1658
1658
1658
1658
1658
1658
1658
1658
1658
1658
1658
1658
1658
1658
1658
1658
1658
1658
1658
1658
1658
1658
1658
1658
1658
1.000000575
1
1
1
1
1
1
1
1
1
1
1.000000006
1.000000002
1
1
1658
1658
1658
1658
1658
1658
1658
1658
1658
1658
1658
1658
1658
1658
1658
1658
1658
1658
1658
1658
1658
1658
1658
1658
1658
1.00000058
1
1
1
1
1
1
1
1
1
1.000000002
1.000000023
1.000000224
1.000000292
1.000000567
1.000004067
1658
1658
1658
1658
1658
1658
1658
1658
1658
1658
1658
1658
1658
1658
1658
1658
1658
1658
1658
1658
1658
1658
1658
1658
1.000000586
1
1
1
1
1
1
1
1
1.000000002
1.000000008
1.000000105
1.000000302
1.000000368
1.000000594
1.000000358
1658
1658
1658
1658
1658
1658
1658
1658
1658
1658
1658
1658
1658
1658
1658
1658
1658
1658
1658
1658
1658
1658
1658
1658
1.000000592
1
1
1
1
1
1
1
1.000000004
1.000000016
1.000000035
1.000000126
1.000000331
1.000000399
1.000000628
1.000000425
1.000000114
1658
1658
1658
1658
1658
1658
1658
1658
1658
1658
1658
1658
1658
1658
1658
1658
1658
1658
1658
1658
1658
1658
1658
1.000000598
1
1
1
1
1
1
1
1.000000006
1.000000027
1.000000055
1.000000092
1.000000316
1.000000425
1.000000618
1.000000561
1.00000012
1658
1658
1658
1658
1658
1658
1658
1658
1658
1658
1658
1658
1658
1658
1658
1658
1658
1658
1658
1658
1658
1658
1658
1.000000605
1
1
1
1
1
1
1
1.000000007
1.00000003
1.000000065
1.000000087
1.000000282
1.00000043
1.00000055
1.00000046
1658
1658
1658
1658
1658
1658
1658
1658
1658
1658
1658
1658
1658
1658
1658
1658
1658
1658
1658
1658
1658
1658
1658
1658
1.000000611
1
1
1
1
1
1
1
1.00000001
1.000000038
1.000000078
1.000000108
1.000000271
1.000000421
1.000000646
1658
1658
1658
1658
1658
1658
1658
1658
1658
1658
1658
1658
1658
1658
1658
1658
1658
1658
1658
1658
1658
1658
1658
1658
1658
1.000000618
1
1
1
1
1
1
1
1.000000018
1.000000056
1.0000001
1.000000158
1.000000319
1.000000533
1.000001381
1658
1658
1658
1658
1658
1658
1658
1658
1658
1658
1658
1658
1658
1658
1658
1658
1658
1658
1658
1658
1658
1658
1658
1658
1658
1.000000624
1
1
1
1
1
1
1
1.000000035
1.000000089
1.000000134
1.000000229
1.000000364
1.000000445
1.000000157
1658
1658
1658
1658
1658
1658
1658
1658
1658
1658
1658
1658
1658
1658
1658
1658
1658
1658
1658
1658
1658
1658
1658
1658
1658
1.00000063
1
1
1
1
1
1
1
1.000000066
1.00000014
1.000000191
1.000000289
1.000000395
1.000000427
1.000000195
1.000000134
1658
1658
1658
1658
1658
1658
1658
1658
1658
1658
1658
1658
1658
1658
1658
1658
1658
1658
1658
1658
1658
1658
1658
1658
1.000000636
1
1
1
1
1
1
1
1.000000134
1.000000217
1.000000261
1.000000342
1.000000427
1.000000447
1.000000261
1.000000218
4.471393311
1658
1658
1658
1658
1658
1658
1658
1658
1658
1658
1658
1658
1658
1658
1658
1658
1658
1658
1658
1658
1658
1658
1658
1.000000641
1
1
1
1
1
1
1
1.000000265
1.000000303
1.000000334
1.000000405
1.000000492
1.000000577
1.000000389
1.000000285
1.000000061
1658
1658
1658
1658
1658
1658
1658
1658
1658
1658
1658
1658
1658
1658
1658
1658
1658
1658
1658
1658
1658
1658
1658
1.000000645
1
1
1
1
1
1
1
1.00000038
1.000000384
1.00000042
1.000000496
1.00000062
1.000000937
1.000000705
1.000000343
1.000000098
1658
1658
1658
1658
1658
1658
1658
1658
1658
1658
1658
1658
1658
1658
1658
1658
1658
1658
1658
1658
1658
1658
1658
1.000000649
1
1
1
1
1
1
1
1.000000455
1.000000466
1.000000515
1.000000608
1.000000786
1.000001283
1.000000689
1.00000031
1.000000101
1658
1658
1658
1658
1658
1658
1658
1658
1658
1658
1658
1658
1658
1658
1658
1658
1658
1658
1658
1658
1658
1658
1658
1.000000653
1
1
1
1
1
1
1
1.000000508
1.000000527
1.000000583
1.000000679
1.000000886
67.02453443
1.000000069
1.000000103
1.000000058
1658
1658
1658
1658
1658
1658
1658
1658
1658
1658
1658
1658
1658
1658
1658
1658
1658
1658
1658
1658
1658
1658
1658
1.000000655
1
1
1
1
1
1
1
1.000000518
1.000000528
1.000000574
1.000000668
1.000000825
1.000000415
1.000000257
1.000000127
1.000000031
1658
1658
1658
1658
1658
1658
1658
1658
1658
1658
1658
1658
1658
1658
1658
1658
1658
1658
1658
1658
1658
1658
1658
1.000000656
1
1
1
1
1
1
1
1.00000043
1.000000449
1.000000481
1.000000572
1.000000592
1.000000257
1.000000115
1.000000043
1.000000007
1658
1658
1658
1658
1658
1658
1658
1658
1658
1658
1658
1658
1658
1658
1658
1658
1658
1658
1658
1658
1658
1658
1658
1.000000657
1
1
1
1
1
1
1
1.000000233
1.000000286
1.000000325
1.000000394
1.000000304
1.000000106
1.000000057
1.000000014
1.000000001
1658
1658
1658
1658
1658
1658
1658
1658
1658
1658
1658
1658
1658
1658
1658
1658
1658
1658
1658
1658
1658
1658
1658
1.000000657
1
1
1
1
1
1
1
1.000000072
1.000000119
1.000000156
1.000000195
1.00000014
1.000000076
1.000000047
1.000000017
1
1658
1658
1658
1658
1658
1658
1658
1658
1658
1658
1658
1658
1658
1658
1658
1658
1658
1658
1658
1658
1658
1658
1658
1.000000655
1
1
1
1
1
1
1
1.000000013
1.000000031
1.000000051
1.000000073
1.000000067
1.000000062
1.000000049
1.000000037
1
1658
1658
1658
1658
1658
1658
1658
1658
1658
1658
1658
1658
1658
1658
1658
1658
1658
1658
1658
1658
1658
1658
1658
1.000000652
1
1
1
1
1
1
1
1.000000002
1.000000006
1.000000012
1.000000022
1.000000026
1.000000045
1.000000041
1.000000024
1658
1658
1658
1658
1658
1658
1658
1658
1658
1658
1658
1658
1658
1658
1658
1658
1658
1658
1658
1658
1658
1658
1658
1658
1.000000649
1
1
1
1
1
1
1
1
1.000000002
1.000000004
1.000000009
1.000000015
1.000000032
1.00000003
1658
1658
1658
1658
1658
1658
1658
1658
1658
1658
1658
1658
1658
1658
1658
1658
1658
1658
1658
1658
1658
1658
1658
1658
1658
1.000000644
1
1
1
1
1
1
1
1.000000001
1.000000002
1.000000009
1.000000019
1.000000019
1.000000011
1.000000006
1658
1658
1658
1658
1658
1658
1658
1658
1658
1658
1658
1658
1658
1658
1658
1658
1658
1658
1658
1658
1658
1658
1658
1658
1658
1.000000638
1
1
1
1
1
1
1
1.000000001
1.000000006
1.000000021
1.000000037
1.000000037
1.000000035
1.000000068
1.000000149
1.224761783
1658
1658
1658
1658
1658
1658
1658
1658
1658
1658
1658
1658
1658
1658
1658
1658
1658
1658
1658
1658
1658
1658
1658
1.000000631
1
1
1
1
1
1
1
1.000000001
1.000000006
1.000000027
1.000000053
1.000000057
1.000000052
1.000000068
1.0000002
1.000000348
1658
1658
1658
1658
1658
1658
1658
1658
1658
1658
1658
1658
1658
1658
1658
1658
1658
1658
1658
1658
1658
1658
1658
1.000000623
1
1
1
1
1
1
1
1.000000001
1.000000006
1.000000034
1.000000078
1.000000097
1.000000096
1.000000133
1.00000027
1.000000404
1658
1658
1658
1658
1658
1658
1658
1658
1658
1658
1658
1658
1658
1658
1658
1658
1658
1658
1658
1658
1658
1658
1658
1.000000614
1
1
1
1
1
1
1
1.000000001
1.000000006
1.000000039
1.000000104
1.000000173
1.00000021
1.000000324
1.000000429
1.000000488
1658
1658
1658
1658
1658
1658
1658
1658
1658
1658
1658
1658
1658
1658
1658
1658
1658
1658
1658
1658
1658
1658
1658
1.000000605
1
1
1
1
1
1
1
1.000000001
1.000000007
1.000000035
1.000000096
1.000000177
1.000000254
1.000000333
1.000000397
1.000000419
1658
1658
1658
1658
1658
1658
1658
1658
1658
1658
1658
1658
1658
1658
1658
1658
1658
1658
1658
1658
1658
1658
1658
1.000000594
1
1
1
1
1
1
1
1.000000001
1.000000004
1.00000002
1.000000052
1.000000091
1.000000139
1.000000183
1.000000203
1.000000228
1658
1658
1658
1658
1658
1658
1658
1658
1658
1658
1658
1658
1658
1658
1658
1658
1658
1658
1658
1658
1658
1658
1658
1.000000584
1
1
1
1
1
1
1
1
1.000000006
1.000000033
1.000000062
1.000000079
1.000000097
1.000000124
1.000000156
1.000000192
1658
1658
1658
1658
1658
1658
1658
1658
1658
1658
1658
1658
1658
1658
1658
1658
1658
1658
1658
1658
1658
1658
1658
1.000000573
1
1
1
1
1
1
1
1.000000002
1.00000002
1.000000106
1.000000118
1.000000107
1.000000161
1.000000121
1.000000134
1.00000015
1658
1658
1658
1658
1658
1658
1658
1658
1658
1658
1658
1658
1658
1658
1658
1658
1658
1658
1658
1658
1658
1658
1658
1.000000561
1
1
1
1
1
1
1
1.000000014
1.000000058
1.000000217
1.000000103
1.000000017
1658
1
1.349452779
1658
1658
1658
1658
1658
1658
1658
1658
1658
1658
1658
1658
1658
1658
1658
1658
1658
1658
1658
1658
1658
1658
1658
1658
1.00000055
1
1
1
1
1
1
1
1.000000032
1.000000089
1.000000214
1.000000166
1.000000038
1658
1658
1658
1658
1658
1658
1658
1658
1658
1658
1658
1658
1658
1658
1658
1658
1658
1658
1658
1658
1658
1658
1658
1658
1658
1658
1658
1.000000538
1
1
1
1
1
1
1
1.000000118
1.000000338
1.000000371
1.000000292
1.000000138
1658
1658
1658
1658
1658
1658
1658
1658
1658
1658
1658
1658
1658
1658
1658
1658
1658
1658
1658
1658
1658
1658
1658
1658
1658
1658
1658
1.000000527
1
1
1
1
1
1
1
1.000000036
1.00000031
1.00000054
1.000000411
1.000000307
1.000000399
1658
1658
1658
1658
1658
1658
1658
1658
1658
1658
1658
1658
1658
1658
1658
1658
1658
1658
1658
1658
1658
1658
1658
1658
1658
1658
1.000000516
1
1
1
1
1
1
1
1.000000035
1.000000253
1.000000677
1.000000569
1.000000456
1.000000642
1.00000057
1658
1658
1658
1658
1658
1658
1658
1658
1658
1658
1658
1658
1658
1658
1658
1658
1658
1658
1658
1658
1658
1658
1658
1658
1658
1.000000506
1
1
1
1
1
1
1
1.000000028
1.000000186
1.000000521
1.000000675
1.000000613
1.00000079
1.000000126
1658
1658
1658
1658
1658
1658
1658
1658
1658
1658
1658
1658
1658
1658
1658
1658
1658
1658
1658
1658
1658
1658
1658
1658
1658
1.000000496
1
1
1
1
1
1
1
1.000000013
1.000000091
1.000000698
1.000000979
1.000000865
1.000000797
1658
1658
1658
1658
1658
1658
1658
1658
1658
1658
1658
1658
1658
1658
1658
1658
1658
1658
1658
1658
1658
1658
1658
1658
1658
1658
1.000000487
1
1
1
1
1
1
1
1.000000064
1.000000625
1.000000885
1.000000885
1.000000692
1.000000158
1658
1658
1658
1658
1658
1658
1658
1658
1658
1658
1658
1658
1658
1658
1658
1658
1658
1658
1658
1658
1658
1658
1658
1658
1658
1658
1.000000479
1
1
1
1
1
1
1
1.000000324
1.000000549
1.000000568
1.000000587
1.000000569
1658
1658
1658
1658
1658
1658
1658
1658
1658
1658
1658
1658
1658
1658
1658
1658
1658
1658
1658
1658
1658
1658
1658
1658
1658
1658
1658
1.000000471
1
1
1
1
1
1
1
1.000000633
1.000000749
1.000000505
1.000000178
1658
1658
1658
1658
1658
1658
1658
1658
1658
1658
1658
1658
1658
1658
1658
1658
1658
1658
1658
1658
1658
1658
1658
1658
1658
1658
1658
1658
1.000000464
1
1
1
1
1
1
1
1.000000481
1.000000456
1.000000473
1.000000002
1658
1658
1658
1658
1658
1658
1658
1658
1658
1658
1658
1658
1658
1658
1658
1658
1658
1658
1658
1658
1658
1658
1658
1658
1658
1658
1658
1658
1.000000459
1
1
1
1
1
1
1
1.000003386
1.000008736
1.000006316
1
1658
1658
1658
1658
1658
1658
1658
1658
1658
1658
1658
1658
1658
1658
1658
1658
1658
1658
1658
1658
1658
1658
1658
1658
1658
1658
1658
1658
1.000000454
1
1
1
1
1
1
1
9.004983017
1658
8.036589696
1.019758411
1.000000105
1.000000168
22.77534243
1658
1658
1658
1658
1658
1658
1658
1658
1658
1658
1658
1658
1658
1658
1658
1658
1658
1658
1658
1658
1658
1658
1658
1658
1658
1.00000045
1
1
1
1
1
1
1
1658
1658
1658
1658
1.227797494
1.000000236
1.000000144
1658
1658
1658
1658
1658
1658
1658
1658
1658
1658
1658
1658
1658
1658
1658
1658
1658
1658
1658
1658
1658
1658
1658
1658
1658
1.000000448
1
1
1
1
1
1
1
1658
1658
60.5953462
2.18465751
1.000000064
1.000000297
1.000000224
1658
1658
1658
1658
1658
1658
1658
1658
1658
1658
1658
1658
1658
1658
1658
1658
1658
1658
1658
1658
1658
1658
1658
1658
1658
1.000000446
1
1
1
1
1
1
1
1
1
1.000000001
1.000000104
1.000000519
1.000000527
1.000000334
1658
1658
1658
1658
1658
1658
1658
1658
1658
1658
1658
1658
1658
1658
1658
1658
1658
1658
1658
1658
1658
1658
1658
1658
1658
1.000000445
1
1
1
1
1
1
1
1
1
1
1.000000124
1.000000594
1.000000489
1.000000142
1658
1658
1658
1658
1658
1658
1658
1658
1658
1658
1658
1658
1658
1658
1658
1658
1658
1658
1658
1658
1658
1658
1658
1658
1658
1.000000444
1
1
1
1
1
1
1
1
1
1.000000001
1.000000197
1.000000617
1.000000385
1.000000174
1658
1658
1658
1658
1658
1658
1658
1658
1658
1658
1658
1658
1658
1658
1658
1658
1658
1658
1658
1658
1658
1658
1658
1658
1658
1.000000445
1
1
1
1
1
1
1
1
1
1.000000003
1.000000245
1.000000576
1.000000311
1.000000079
4.327436988
1658
1658
1658
1658
1658
1658
1658
1658
1658
1658
1658
1658
1658
1658
1658
1658
1658
1658
1658
1658
1658
1658
1658
1658
1.000000446
1
1
1
1
1
1
1
1
1
1.000000001
1.000000099
1.000000543
1.000000413
1.00000017
1.000000012
1658
1658
1658
1658
1658
1658
1658
1658
1658
1658
1658
1658
1658
1658
1658
1658
1658
1658
1658
1658
1658
1658
1658
1658
1.000000448
1
1
1
1
1
1
1
1
1
1.000000001
1.000000035
1.000000428
1.000000572
1.000000416
1.000000141
1658
1658
1658
1658
1658
1658
1658
1658
1658
1658
1658
1658
1658
1658
1658
1658
1658
1658
1658
1658
1658
1658
1658
1658
1.000000451
1
1
1
1
1
1
1
1
1
1
1.000000017
1.0000003
1.000000463
1.00000069
1.000001011
1658
1658
1658
1658
1658
1658
1658
1658
1658
1658
1658
1658
1658
1658
1658
1658
1658
1658
1658
1658
1658
1658
1658
1658
1.000000454
1
1
1
1
1
1
1
1
1
1
1.000000008
1.000000156
1.000000287
1.000000782
1.000004585
1658
1658
1658
1658
1658
1658
1658
1658
1658
1658
1658
1658
1658
1658
1658
1658
1658
1658
1658
1658
1658
1658
1658
1658
1.000000458
1
1
1
1
1
1
1
1
1
1
1.000000004
1.000000058
1.000000147
1.000000285
1.000001985
1658
1658
1658
1658
1658
1658
1658
1658
1658
1658
1658
1658
1658
1658
1658
1658
1658
1658
1658
1658
1658
1658
1658
1658
1.000000462
1
1
1
1
1
1
1
1
1
1.000000001
1.000000002
1.00000002
1.000000066
1.00000019
1.00000096
1658
1658
1658
1658
1658
1658
1658
1658
1658
1658
1658
1658
1658
1658
1658
1658
1658
1658
1658
1658
1658
1658
1658
1658
1.000000466
1
1
1
1
1
1
1
1
1
1.000000001
1.000000003
1.00000001
1.000000031
1.000000138
1.000000648
1658
1658
1658
1658
1658
1658
1658
1658
1658
1658
1658
1658
1658
1658
1658
1658
1658
1658
1658
1658
1658
1658
1658
1658
1.000000471
1
1
1
1
1
1
1
1
1
1.000000002
1.000000004
1.000000012
1.000000025
1.000000107
1.000000483
1658
1658
1658
1658
1658
1658
1658
1658
1658
1658
1658
1658
1658
1658
1658
1658
1658
1658
1658
1658
1658
1658
1658
1658
1.000000475
1
1
1
1
1
1
1
1
1.000000001
1.000000002
1.000000007
1.000000023
1.000000044
1.000000131
1.000000384
1658
1658
1658
1658
1658
1658
1658
1658
1658
1658
1658
1658
1658
1658
1658
1658
1658
1658
1658
1658
1658
1658
1658
1658
1.00000048
1
1
1
1
1
1
1
1
1.000000001
1.000000004
1.000000013
1.000000068
1.000000096
1.000000096
1658
1658
1658
1658
1658
1658
1658
1658
1658
1658
1658
1658
1658
1658
1658
1658
1658
1658
1658
1658
1658
1658
1658
1658
1658
1.000000485
1
1
1
1
1
1
1
1
1.000000002
1.000000006
1.000000015
1.000000057
1.000000121
1.000000137
1658
1658
1658
1658
1658
1658
1658
1658
1658
1658
1658
1658
1658
1658
1658
1658
1658
1658
1658
1658
1658
1658
1658
1658
1658
1.00000049
1
1
1
1
1
1
1
1.000000001
1.000000004
1.00000001
1.000000021
1.000000053
1.000000117
1.000000185
1658
1658
1658
1658
1658
1658
1658
1658
1658
1658
1658
1658
1658
1658
1658
1658
1658
1658
1658
1658
1658
1658
1658
1658
1658
1.000000495
1
1
1
1
1
1
1
1.000000002
1.000000011
1.000000025
1.000000041
1.000000065
1.000000118
1.000000211
1658
1658
1658
1658
1658
1658
1658
1658
1658
1658
1658
1658
1658
1658
1658
1658
1658
1658
1658
1658
1658
1658
1658
1658
1658
1.0000005
1
1
1
1
1
1
1
1.000000007
1.00000004
1.000000089
1.000000102
1.000000104
1.000000136
1.000000232
1658
1658
1658
1658
1658
1658
1658
1658
1658
1658
1658
1658
1658
1658
1658
1658
1658
1658
1658
1658
1658
1658
1658
1658
1658
1.000000505
1
1
1
1
1
1
1
1.000000037
1.000000142
1.000000162
1.000000162
1.000000151
1.000000166
1.000000259
1658
1658
1658
1658
1658
1658
1658
1658
1658
1658
1658
1658
1658
1658
1658
1658
1658
1658
1658
1658
1658
1658
1658
1658
1658
1.000000509
1
1
1
1
1
1
1
1.000000181
1.000000339
1.000000444
1.000000443
1.00000033
1.000000251
1.000000293
1658
1658
1658
1658
1658
1658
1658
1658
1658
1658
1658
1658
1658
1658
1658
1658
1658
1658
1658
1658
1658
1658
1658
1658
1658
1.000000513
1
1
1
1
1
1
1
1.000000461
1.000000944
1.00000132
1.000001201
1.000000778
1.000000456
1.000000281
1658
1658
1658
1658
1658
1658
1658
1658
1658
1658
1658
1658
1658
1658
1658
1658
1658
1658
1658
1658
1658
1658
1658
1658
1658
1.000000517
1
1
1
1
1
1
1
1.000000469
1.000000839
1.000001032
1.000000994
1.000000819
1.000000553
1.000000283
1658
1658
1658
1658
1658
1658
1658
1658
1658
1658
1658
1658
1658
1658
1658
1658
1658
1658
1658
1658
1658
1658
1658
1658
1658
1.00000052
1
1
1
1
1
1
1
1.000000384
1.000000613
1.000000692
1.000000663
1.00000059
1.000000418
1.000000145
1658
1658
1658
1658
1658
1658
1658
1658
1658
1658
1658
1658
1658
1658
1658
1658
1658
1658
1658
1658
1658
1658
1658
1658
1658
1.000000523
1
1
1
1
1
1
1
1.000000313
1.000000434
1.000000441
1.000000396
1.000000292
1.000000069
1.000000016
1658
1658
1658
1658
1658
1658
1658
1658
1658
1658
1658
1658
1658
1658
1658
1658
1658
1658
1658
1658
1658
1658
1658
1658
1658
1.000000526
1
1
1
1
1
1
1
1.000000269
1.000000317
1.000000292
1.000000251
1.000000103
1.000000012
1.000000002
1658
1658
1658
1658
1658
1658
1658
1658
1658
1658
1658
1658
1658
1658
1658
1658
1658
1658
1658
1658
1658
1658
1658
1658
1658
1.000000527
1
1
1
1
1
1
1
1.000000222
1.000000219
1.000000165
1.000000122
1.00000002
1.000000001
63.07295494
1658
1658
1658
1658
1658
1658
1658
1658
1658
1658
1658
1658
1658
1658
1658
1658
1658
1658
1658
1658
1658
1658
1658
1658
1658
1.000000528
1
1
1
1
1
1
1
1.000000127
1.000000097
1.00000005
1.000000027
1.000000003
1
1658
1658
1658
1658
1658
1658
1658
1658
1658
1658
1658
1658
1658
1658
1658
1658
1658
1658
1658
1658
1658
1658
1658
1658
1658
1658
1.000000528
1
1
1
1
1
1
1
)
;

boundaryField
{
    lowerWall
    {
        type            calculated;
        value           uniform 1;
    }
    atmosphere
    {
        type            calculated;
        value           nonuniform List<scalar> 
80
(
1
1
1
1
1
1
1
1
1
1
1
1
1
1
1
1
1
1
1
1.00000038
1.000000455
1.000000508
1.000000518
1.00000043
1.000000233
1.000000072
1.000000013
1.000000002
1
1.000000001
1.000000001
1
1
1
1
1
1
1
1
1
1
1
1
1
1
1
1.000000324
1.000000633
1.000000481
1.000003386
9.004983017
1330.473072
210.6652289
1
1
1
1
1
1
1
1
1
1
1
1
1
1
1
1
1
1
1
1.000000181
1.000000461
1.000000469
1.000000384
1.000000313
1.000000269
1.000000222
1.000000127
)
;
    }
    rightWall
    {
        type            empty;
    }
    leftWall
    {
        type            empty;
    }
    frontAndBack
    {
        type            calculated;
        value           nonuniform List<scalar> 
80
(
1
1
310.5399339
1.000000288
1.000000188
1.000000197
438.7884225
1658
1657.999415
1658
1658
1658
1658
1658
1658
1658
1658
1658
1658
1658
1658
1658
1658
1658
1658
1658
1658
1658
1658
1658
1658
1658
1.000000555
1
1
1
1
1
1
1
1.000000127
1.000000097
1.00000005
1.000000027
1.000000003
1
95.64492283
799.9681449
1657.933851
1658
1658
1658
1658
1658
1658
1658
1658
1658
1658
1658
1658
1658
1658
1658
1658
1658
1658
1658
1658
1658
1658
1658
1.000000528
1
1
1
1
1
1
1
)
;
    }
}


// ************************************************************************* //
