/*--------------------------------*- C++ -*----------------------------------*\
| =========                 |                                                 |
| \\      /  F ield         | OpenFOAM: The Open Source CFD Toolbox           |
|  \\    /   O peration     | Version:  2506                                  |
|   \\  /    A nd           | Website:  www.openfoam.com                      |
|    \\/     M anipulation  |                                                 |
\*---------------------------------------------------------------------------*/
FoamFile
{
    version     2.0;
    format      ascii;
    arch        "LSB;label=32;scalar=64";
    class       volScalarField;
    location    "0.009";
    object      cp;
}
// * * * * * * * * * * * * * * * * * * * * * * * * * * * * * * * * * * * * * //

dimensions      [0 2 -2 -1 0 0 0];

internalField   nonuniform List<scalar> 
3200
(
520
520
553.6253399
520
520
520
559.2302924
699.9999999
699.9999364
700
700
700
700
700
700
700
700
700
700
700
700
700
700
700
700
700
700
700
700
700
700
700
520.0000001
520
520
520
520
520
520
520
520
520
520
520
520
520
563.6527407
699.9999999
699.9999096
700
700
700
700
700
700
700
700
700
700
700
700
700
700
700
700
700
700
700
700
700
700
700
520.0000001
520
520
520
520
520
520
520
520
520
520
520
520
521.4009268
608.8276224
674.9867395
699.9998742
700
700
700
700
700
700
700
700
700
700
700
700
700
700
700
700
700
700
700
700
700
700
700
520.0000001
520
520
520
520
520
520
520
520
520
520
520
520
618.0401974
593.9865525
584.0872264
699.9998589
700
700
700
700
700
700
700
700
700
700
700
700
700
700
700
700
700
700
700
700
700
700
700
520.0000001
520
520
520
520
520
520
520
520
520
523.5804257
527.2894229
522.0550953
685.8434412
662.4539459
659.0391778
699.9997309
700
700
700
700
700
700
700
700
700
700
700
700
700
700
700
700
700
700
700
700
700
700
700
520.0000001
520
520
520
520
520
520
520
600.0327555
606.2249363
611.0798006
699.9968131
610.3927252
699.9999998
582.1389731
608.8130934
699.9993224
700
700
700
700
700
700
700
700
700
700
700
700
700
700
700
700
700
700
700
700
700
700
700
520.0000001
520
520
520
520
520
520
520
520
520.0098416
533.1326917
569.1503933
583.0055717
695.5316031
558.0869082
573.0103594
699.9994994
700
700
700
700
700
700
700
700
700
700
700
700
700
700
700
700
700
700
700
700
700
700
700
520.0000001
520
520
520
520
520
520
520
520.0000001
520.0000001
520.0000003
520.0000003
539.8147497
676.5387174
699.4346545
699.9999993
699.9999986
700
700
700
700
700
700
700
700
700
700
700
700
700
700
700
700
700
700
700
700
700
700
700
520.0000001
520
520
520
520
520
520
520
520
520
520
520
520
520
649.9032205
700
667.1164326
699.9999998
700
700
700
700
700
700
700
700
700
700
700
700
700
700
700
700
700
700
700
700
700
700
520.0000001
520
520
520
520
520
520
520
520
520
520.0000001
520.0000001
520.0000001
520.0000001
539.5831593
624.0029987
628.9979747
692.9138734
700
700
700
700
700
700
700
700
700
700
700
700
700
700
700
700
700
700
700
700
700
700
520.0000001
520
520
520
520
520
520
520
520
520
520.0000001
520.0000001
520.0000001
520.0000001
520
615.7656761
666.6428328
565.1914467
699.9999995
700
700
700
700
700
700
700
700
700
700
700
700
700
700
700
700
700
700
700
700
700
520.0000001
520
520
520
520
520
520
520
520
520
520.0000001
520.0000001
520.0000001
520.0000001
520.0000002
618.0644976
664.62608
529.0842897
699.9999983
700
700
700
700
700
700
700
700
700
700
700
700
700
700
700
700
700
700
700
700
700
520.0000001
520
520
520
520
520
520
520
520
520
520
520.0000001
520.0000001
520.0000001
520
561.5788559
698.3484443
571.526472
699.9999997
700
700
700
700
700
700
700
700
700
700
700
700
700
700
700
700
700
700
700
700
700
520.0000001
520
520
520
520
520
520
520
520
520
520
520.0000001
520.0000001
520.0000001
520
547.086443
699.9999999
620.155174
700
700
700
700
700
700
700
700
700
700
700
700
700
700
700
700
700
700
700
700
700
700
520.0000001
520
520
520
520
520
520
520
520
520
520
520.0000001
520.0000001
520.0000001
520.0085247
638.781003
699.9999999
699.9999997
699.9999998
700
700
700
700
700
700
700
700
700
700
700
700
700
700
700
700
700
700
700
700
700
520.0000001
520
520
520
520
520
520
520
520
520
520
520.0000001
520.0000001
520.0000001
520.0043664
651.9605513
699.6761507
699.9999999
699.9999997
700
700
700
700
700
700
700
700
700
700
700
700
700
700
700
700
700
700
700
700
700
520.0000001
520
520
520
520
520
520
520
520
520
520
520.0000001
520.0000001
520.0000001
520
523.8896461
549.8547666
646.3671317
699.9999986
700
700
700
700
700
700
700
700
700
700
700
700
700
700
700
700
700
700
700
700
700
520.0000001
520
520
520
520
520
520
520
520
520
520
520.0000001
520.0000001
520.0000001
520.0000001
520
520
556.6000235
699.9999959
700
700
700
700
700
700
700
700
700
700
700
700
700
700
700
700
700
700
700
700
700
520.0000001
520
520
520
520
520
520
520
520
520
520
520.0000001
520.0000001
520.0000001
520.0000001
520
520
551.0475643
699.9999914
700
700
700
700
700
700
700
700
700
700
700
700
700
700
700
700
700
700
700
700
700
520.0000001
520
520
520
520
520
520
520
520
520
520
520.0000001
520.0000001
520.0000001
520.0000001
520
520
549.8672927
699.9997196
700
700
700
700
700
700
700
700
700
700
700
700
700
700
700
700
700
700
700
700
700
520.0000001
520
520
520
520
520
520
520
520
520
520
520
520
520.0000001
520.0000001
520
520
541.9642772
699.9999917
700
700
700
700
700
700
700
700
700
700
700
700
700
700
700
700
700
700
700
700
700
520.0000001
520
520
520
520
520
520
520
520
520
520
520
520
520
520.0000001
520
520
540.5340801
699.9999991
700
700
700
700
700
700
700
700
700
700
700
700
700
700
700
700
700
700
700
700
700
520.0000001
520
520
520
520
520
520
520
520
520
520
520
520
520
520
520
520
547.6960862
699.9999799
700
700
700
700
700
700
700
700
700
700
700
700
700
700
700
700
700
700
700
700
700
520.0000001
520
520
520
520
520
520
520
520
520
520
520
520
520
520
520
520
602.4719477
699.9999971
700
700
700
700
700
700
700
700
700
700
700
700
700
700
700
700
700
700
700
700
700
520.0000001
520
520
520
520
520
520
520
520
520
520
520
520
520
520
520
520
614.1131525
699.999999
700
700
700
700
700
700
700
700
700
700
700
700
700
700
700
700
700
700
700
700
700
520.0000001
520
520
520
520
520
520
520
520
520
520
520
520
520
520
520
520
570.4715075
699.9999993
700
700
700
700
700
700
700
700
700
700
700
700
700
700
700
700
700
700
700
700
700
520.0000001
520
520
520
520
520
520
520
520
520
520
520
520
520
520
520
520
568.0719355
699.9999989
700
700
700
700
700
700
700
700
700
700
700
700
700
700
700
700
700
700
700
700
700
520.0000001
520
520
520
520
520
520
520
520
520
520
520
520
520
520
520
520
584.1033723
699.9999995
700
700
700
700
700
700
700
700
700
700
700
700
700
700
700
700
700
700
700
700
700
520.0000001
520
520
520
520
520
520
520
520
520
520
520
520
520
520
520
520
609.6111924
699.9999987
700
700
700
700
700
700
700
700
700
700
700
700
700
700
700
700
700
700
700
700
700
520.0000001
520
520
520
520
520
520
520
520
520
520
520
520
520
520
520
520
644.958253
699.9999981
700
700
700
700
700
700
700
700
700
700
700
700
700
700
700
700
700
700
700
700
700
520.0000001
520
520
520
520
520
520
520
520
520
520
520
520
520
520
520
522.1365837
687.8209484
699.9999999
700
700
700
700
700
700
700
700
700
700
700
700
700
700
700
700
700
700
700
700
700
520.0000001
520
520
520
520
520
520
520
520
520
520
520
520
520
520
520
571.1005804
699.9999999
699.9999998
700
700
700
700
700
700
700
700
700
700
700
700
700
700
700
700
700
700
700
700
700
520.0000001
520
520
520
520
520
520
520
520
520
520
520
520
520
520
527.9535146
666.0367598
699.9999994
699.9999996
700
700
700
700
700
700
700
700
700
700
700
700
700
700
700
700
700
700
700
700
700
520.0000001
520
520
520
520
520
520
520
520
520
520
520
520
520
520
578.5527854
699.9999993
699.9999998
699.9999995
700
700
700
700
700
700
700
700
700
700
700
700
700
700
700
700
700
700
700
700
700
520.0000001
520
520
520
520
520
520
520
520
520
520
520
520
520
520
546.6933373
668.987432
677.7830547
678.5027845
697.3253193
699.9999999
700
700
700
700
700
700
700
700
700
700
700
700
700
700
700
700
700
700
700
520.0000001
520
520
520
520
520
520
520
520
520
520
520
520
520
520
520.8233507
520.3899939
520
520
609.4400954
699.9999995
700
700
700
700
700
700
700
700
700
700
700
700
700
700
700
700
700
700
700
520.0000001
520
520
520
520
520
520
520
520
520
520
520
520
520
520
520
520
520
520
626.3896262
699.9999998
700
700
700
700
700
700
700
700
700
700
700
700
700
700
700
700
700
700
700
520.0000001
520
520
520
520
520
520
520
520
520
520
520
520
520
520
520
520
520
520
596.2693768
699.9784009
699.9999999
700
700
700
700
700
700
700
700
700
700
700
700
700
700
700
700
700
700
520.0000001
520
520
520
520
520
520
520
520
520
520
520
520
520
520
520
520
520
520
521.4695418
656.127555
699.9999999
700
700
700
700
700
700
700
700
700
700
700
700
700
700
700
700
700
700
520.0000001
520
520
520
520
520
520
520
520
520
520
520
520
520
520
520
520
520
520
520
613.7411836
700
700
700
700
700
700
700
700
700
700
700
700
700
700
700
700
700
700
700
520.0000001
520
520
520
520
520
520
520
520
520
520
520
520
520
520
520
520
520
520
567.4257966
692.3645773
699.9999995
700
700
700
700
700
700
700
700
700
700
700
700
700
700
700
700
700
700
520.0000001
520
520
520
520
520
520
520
520
520
520
520
520
520
520
520
520
520
520
572.6946238
699.99841
699.9999995
700
700
700
700
700
700
700
700
700
700
700
700
700
700
700
700
700
700
520.0000001
520
520
520
520
520
520
520
520
520
520
520
520
520
520
520
520
520.7795273
520
559.1991067
699.9927454
699.9999993
700
700
700
700
700
700
700
700
700
700
700
700
700
700
700
700
700
700
520.0000001
520
520
520
520
520
520
520
520
520
520
520
520
520
520
520
570.0684225
685.8088604
660.9125742
669.5547572
699.9999998
699.9999999
700
700
700
700
700
700
700
700
700
700
700
700
700
700
700
700
700
700
520.0000001
520
520
520
520
520
520
520
520
520
520
520
520
520
520
520
520.0000006
602.8655233
620.5319566
672.3968238
699.9999999
700
700
700
700
700
700
700
700
700
700
700
700
700
700
700
700
700
700
700
520.0000001
520
520
520
520
520
520
520
520
520
520
520
520
520
520
520
520
524.4596881
580.2696167
699.0690213
699.9999995
700
700
700
700
700
700
700
700
700
700
700
700
700
700
700
700
700
700
700
520.0000001
520
520
520
520
520
520
520
520
520
520
520
520
520
520
520
520
520
605.1213438
699.9997992
700
700
700
700
700
700
700
700
700
700
700
700
700
700
700
700
700
700
700
700
520.0000001
520
520
520
520
520
520
520
520
520
520
520
520
520
520
520
520
520
609.3315735
699.9999999
700
700
700
700
700
700
700
700
700
700
700
700
700
700
700
700
700
700
700
700
520.0000001
520
520
520
520
520
520
520
520
520
520
520
520
520
520
520
520
520
629.9974789
699.9999995
700
700
700
700
700
700
700
700
700
700
700
700
700
700
700
700
700
700
700
700
520.0000001
520
520
520
520
520
520
520
520
520
520
520
520
520
520
520
520
520
643.2441489
700
700
700
700
700
700
700
700
700
700
700
700
700
700
700
700
700
700
700
700
700
520.0000001
520
520
520
520
520
520
520
520
520
520
520
520
520
520
520
520
520
641.8251484
699.9999999
700
700
700
700
700
700
700
700
700
700
700
700
700
700
700
700
700
700
700
700
520.0000001
520
520
520
520
520
520
520
520
520
520
520
520
520
520
520
520
520
643.7219763
699.9999997
700
700
700
700
700
700
700
700
700
700
700
700
700
700
700
700
700
700
700
700
520.0000001
520
520
520
520
520
520
520
520
520
520
520
520
520
520
520
520
520
659.146042
700
700
700
700
700
700
700
700
700
700
700
700
700
700
700
700
700
700
700
700
700
520.0000001
520
520
520
520
520
520
520
520
520
520
520
520
520
520
520
520
522.5340666
690.4845802
699.9999998
700
700
700
700
700
700
700
700
700
700
700
700
700
700
700
700
700
700
700
700
520.0000001
520
520
520
520
520
520
520
520
520
520
520
520
520
520
520
520.1302913
655.8410502
699.9999985
700
700
700
700
700
700
700
700
700
700
700
700
700
700
700
700
700
700
700
700
700
520.0000001
520
520
520
520
520
520
520
520
520
520
520
520.0000001
520
520
553.4454725
626.6681093
700
700
700
700
700
700
700
700
700
700
700
700
700
700
700
700
700
700
700
700
700
700
700
520.0000001
520
520
520
520
520
520
520
520
520
520
520.0000001
520.0000001
520
520
637.8003583
699.9999996
699.9999995
700
700
700
700
700
700
700
700
700
700
700
700
700
700
700
700
700
700
700
700
700
700
520.0000001
520
520
520
520
520
520
520
520
520
520.0000001
520.0000001
520.0000001
520
520
597.4791603
700
699.9999959
700
700
700
700
700
700
700
700
700
700
700
700
700
700
700
700
700
700
700
700
700
700
520.0000001
520
520
520
520
520
520
520
520
520
520.0000001
520.0000001
520.0000001
520
520
531.6222542
688.143892
699.9999987
700
700
700
700
700
700
700
700
700
700
700
700
700
700
700
700
700
700
700
700
700
700
520.0000001
520
520
520
520
520
520
520
520
520.0000001
520.0000001
520.0000001
520
520
520
520
644.3765162
699.999999
700
700
700
700
700
700
700
700
700
700
700
700
700
700
700
700
700
700
700
700
700
700
520.0000001
520
520
520
520
520
520
520
520
520.0000001
520.0000001
520
520
520
520
520
628.1734137
699.9999975
700
700
700
700
700
700
700
700
700
700
700
700
700
700
700
700
700
700
700
700
700
700
520.0000001
520
520
520
520
520
520
520
520
520
520.0000001
520
520
520
520
520
666.5770266
699.9999984
700
700
700
700
700
700
700
700
700
700
700
700
700
700
700
700
700
700
700
700
700
700
520.0000001
520
520
520
520
520
520
520
520
520
520.0000001
520.0000001
520
520
520
545.5252203
698.7266227
699.9999975
700
700
700
700
700
700
700
700
700
700
700
700
700
700
700
700
700
700
700
700
700
700
520.0000001
520
520
520
520
520
520
520
520
520
520.0000001
520.0000001
520
520
520.0000013
609.1523181
699.9999995
699.9999878
700
700
700
700
700
700
700
700
700
700
700
700
700
700
700
700
700
700
700
700
700
700
520.0000001
520
520
520
520
520
520
520
520
520
520.0000001
520.0000001
520.0000001
520
523.2304472
679.3594222
699.9999998
699.9999987
700
700
700
700
700
700
700
700
700
700
700
700
700
700
700
700
700
700
700
700
700
700
520.0000001
520
520
520
520
520
520
520
520
520
520.0000001
520.0000001
520.0000001
520
558.1275958
699.9999999
699.9999989
699.9999971
700
700
700
700
700
700
700
700
700
700
700
700
700
700
700
700
700
700
700
700
700
700
520.0000001
520
520
520
520
520
520
520
520
520.0000001
520.0000001
520.0000001
520.0000001
520
583.1421253
699.9999998
699.999999
699.9999982
700
700
700
700
700
700
700
700
700
700
700
700
700
700
700
700
700
700
700
700
700
700
520.0000001
520
520
520
520
520
520
520
520
520.0000001
520.0000001
520.0000001
520.0000001
520.0000001
563.1021437
699.9999998
699.9999993
699.9999998
700
700
700
700
700
700
700
700
700
700
700
700
700
700
700
700
700
700
700
700
700
700
520.0000001
520
520
520
520
520
520
520
520.0000001
520.0000001
520.0000001
520.0000001
520.0000001
520
521.9588744
657.3082952
700
699.9999985
700
700
700
700
700
700
700
700
700
700
700
700
700
700
700
700
700
700
700
700
700
700
520.0000001
520
520
520
520
520
520
520
520.0000001
520.0000001
520.0000001
520.0000001
520.0000001
520
520
562.5840543
699.9999997
699.9999998
700
700
700
700
700
700
700
700
700
700
700
700
700
700
700
700
700
700
700
700
700
700
520.0000001
520
520
520
520
520
520
520
520.0000001
520.0000001
520.0000001
520.0000001
520.0000001
520.0000001
520
520.8594019
696.1370028
699.9999998
700
700
700
700
700
700
700
700
700
700
700
700
700
700
700
700
700
700
700
700
700
700
520.0000001
520
520
520
520
520
520
520
520
520.0000001
520.0000001
520.0000001
520.0000001
520.0000001
520
524.5813974
698.1459924
699.9999987
700
700
700
700
700
700
700
700
700
700
700
700
700
700
700
700
700
700
700
700
700
700
520.0000001
520
520
520
520
520
520
520
520
520.0000001
520.0000001
520.0000001
520.0000001
520.0000001
520
554.3272145
699.9999996
699.9999983
700
700
700
700
700
700
700
700
700
700
700
700
700
700
700
700
700
700
700
700
700
700
520.0000001
520
520
520
520
520
520
520
520
520
520.0000001
520.0000001
520.0000001
520
525.1058549
657.9822481
699.9999993
699.9999988
700
700
700
700
700
700
700
700
700
700
700
700
700
700
700
700
700
700
700
700
700
700
520.0000001
520
520
520
520
520
520
520
520
520.0000001
520.0000001
520.0000001
520
525.1719554
652.1246912
699.9999999
699.9999995
699.9999997
700
700
700
700
700
700
700
700
700
700
700
700
700
700
700
700
700
700
700
700
700
700
520.0000001
520
520
520
520
520
520
520
520
520.0000001
520.0000001
520
520
628.0601615
699.9999996
699.9999995
699.999999
699.9999998
700
700
700
700
700
700
700
700
700
700
700
700
700
700
700
700
700
700
700
700
700
700
520.0000001
520
520
520
520
520
520
520
520
520
520
520
520
690.0025455
699.934752
699.9944478
700
700
700
700
700
700
700
700
700
700
700
700
700
700
700
700
700
700
700
700
700
700
700
700
520.0000001
520
520
520
520
520
520
520
520
524.9229702
608.7571589
680.1228493
619.9956354
543.0522884
557.6010545
595.8861285
699.9999998
700
700
700
700
700
700
700
700
700
700
700
700
700
700
700
700
700
700
700
700
700
700
700
520.0000001
520
520
520
520
520
520
520
532.5107844
653.6888816
699.9999993
699.9999992
673.0179389
541.2191812
529.0951998
686.735283
699.9999999
699.9999998
700
700
700
700
700
700
700
700
700
700
700
700
700
700
700
700
700
700
700
700
700
700
520.0000001
520
520
520
520
520
520
520
695.1186284
699.9999988
653.1347655
652.1758477
618.1695315
548.6681556
531.781723
606.791953
699.9928143
700
700
700
700
700
700
700
700
700
700
700
700
700
700
700
700
700
700
700
700
700
700
700
520.0000001
520
520
520
520
520
520
520
)
;

boundaryField
{
    lowerWall
    {
        type            calculated;
        value           uniform 0;
    }
    atmosphere
    {
        type            calculated;
        value           uniform 0;
    }
    rightWall
    {
        type            empty;
    }
    leftWall
    {
        type            empty;
    }
    frontAndBack
    {
        type            calculated;
        value           uniform 0;
    }
}


// ************************************************************************* //
