/*--------------------------------*- C++ -*----------------------------------*\
| =========                 |                                                 |
| \\      /  F ield         | OpenFOAM: The Open Source CFD Toolbox           |
|  \\    /   O peration     | Version:  2506                                  |
|   \\  /    A nd           | Website:  www.openfoam.com                      |
|    \\/     M anipulation  |                                                 |
\*---------------------------------------------------------------------------*/
FoamFile
{
    version     2.0;
    format      ascii;
    arch        "LSB;label=32;scalar=64";
    class       volScalarField;
    location    "0.009";
    object      kappa;
}
// * * * * * * * * * * * * * * * * * * * * * * * * * * * * * * * * * * * * * //

dimensions      [1 1 -3 -1 0 0 0];

internalField   nonuniform List<scalar> 
3200
(
0.4
0.4
4.995463119
0.4000000001
0.4000000001
0.4
5.761473291
24.99999999
24.99999131
25
25
25
25
25
25
25
25
25
25
25
25
25
25
25
25
25
25
25
25
25
25
25
0.4000000105
0.4
0.4
0.4
0.4
0.4
0.4
0.4
0.4
0.4
0.4
0.4
0.4
0.4
6.365874564
24.99999999
24.99998765
25
25
25
25
25
25
25
25
25
25
25
25
25
25
25
25
25
25
25
25
25
25
25
0.4000000106
0.4
0.4
0.4
0.4
0.4
0.4
0.4
0.4
0.4
0.4
0.4
0.4
0.5914600012
12.53977506
21.58152107
24.99998281
25
25
25
25
25
25
25
25
25
25
25
25
25
25
25
25
25
25
25
25
25
25
25
0.4000000106
0.4
0.4
0.4
0.4
0.4
0.4
0.4
0.4
0.4
0.4
0.4
0.4
13.79882698
10.51149551
9.158587603
24.99998072
25
25
25
25
25
25
25
25
25
25
25
25
25
25
25
25
25
25
25
25
25
25
25
0.4000000107
0.4
0.4
0.4
0.4
0.4
0.4
0.4
0.4
0.4
0.8893248492
1.396221126
0.6808630185
23.06527029
19.86870594
19.40202097
24.99996322
25
25
25
25
25
25
25
25
25
25
25
25
25
25
25
25
25
25
25
25
25
25
25
0.4000000108
0.4
0.4
0.4
0.4
0.4
0.4
0.4
11.33780992
12.18407463
12.84757274
24.99956446
12.75367245
24.99999998
8.892326322
12.53778944
24.99990739
25
25
25
25
25
25
25
25
25
25
25
25
25
25
25
25
25
25
25
25
25
25
25
0.4000000109
0.4
0.4
0.4
0.4
0.4
0.4
0.4
0.400000001
0.4013450188
2.194801201
7.117220413
9.01076146
24.38931909
5.605210793
7.644749124
24.99993158
25
25
25
25
25
25
25
25
25
25
25
25
25
25
25
25
25
25
25
25
25
25
25
0.400000011
0.4
0.4
0.4
0.4
0.4
0.4
0.4
0.4000000107
0.4000000162
0.4000000365
0.4000000474
3.108015786
21.79362471
24.92273611
24.9999999
24.99999981
25
25
25
25
25
25
25
25
25
25
25
25
25
25
25
25
25
25
25
25
25
25
25
0.4000000112
0.4
0.4
0.4
0.4
0.4
0.4
0.4
0.4000000061
0.4000000062
0.4000000062
0.400000006
0.4000000055
0.4000000015
18.15344014
24.99999999
20.50591245
24.99999997
25
25
25
25
25
25
25
25
25
25
25
25
25
25
25
25
25
25
25
25
25
25
0.4000000113
0.4
0.4
0.4
0.4
0.4
0.4
0.4
0.4000000061
0.4000000066
0.400000007
0.4000000072
0.4000000073
0.4000000069
3.076365108
14.61374315
15.29638987
24.0315627
25
25
25
25
25
25
25
25
25
25
25
25
25
25
25
25
25
25
25
25
25
25
0.4000000115
0.4
0.4
0.4
0.4
0.4
0.4
0.4
0.4000000059
0.4000000067
0.4000000075
0.400000008
0.4000000082
0.4000000085
0.4000000031
13.48797574
20.44118715
6.576164378
24.99999993
25
25
25
25
25
25
25
25
25
25
25
25
25
25
25
25
25
25
25
25
25
0.4000000117
0.4
0.4
0.4
0.4
0.4
0.4
0.4
0.4000000047
0.4000000063
0.4000000075
0.4000000085
0.4000000088
0.4000000081
0.4000000336
13.802148
20.16556427
1.641519591
24.99999976
25
25
25
25
25
25
25
25
25
25
25
25
25
25
25
25
25
25
25
25
25
0.4000000119
0.4
0.4
0.4
0.4
0.4
0.4
0.4
0.4000000024
0.4000000048
0.4000000068
0.4000000087
0.4000000095
0.4000000078
0.4000000052
6.082443642
24.77428739
7.441951169
24.99999995
25
25
25
25
25
25
25
25
25
25
25
25
25
25
25
25
25
25
25
25
25
0.4000000121
0.4
0.4
0.4
0.4
0.4
0.4
0.4
0.4000000013
0.4000000034
0.4000000056
0.4000000084
0.4000000104
0.4000000087
0.4000000044
4.101813878
24.99999999
14.08787379
25
25
25
25
25
25
25
25
25
25
25
25
25
25
25
25
25
25
25
25
25
25
0.4000000123
0.4
0.4
0.4
0.4
0.4
0.4
0.4
0.4000000009
0.4000000027
0.4000000051
0.4000000081
0.4000000109
0.4000000094
0.4011650488
16.63340375
24.99999998
24.99999996
24.99999998
25
25
25
25
25
25
25
25
25
25
25
25
25
25
25
25
25
25
25
25
25
0.4000000125
0.4
0.4
0.4
0.4
0.4
0.4
0.4
0.4000000007
0.4000000025
0.4000000051
0.4000000084
0.4000000115
0.4000000098
0.4005967419
18.43460868
24.9557406
24.99999999
24.99999996
25
25
25
25
25
25
25
25
25
25
25
25
25
25
25
25
25
25
25
25
25
0.4000000127
0.4
0.4
0.4
0.4
0.4
0.4
0.4
0.4000000007
0.4000000025
0.4000000054
0.4000000088
0.4000000119
0.4000000109
0.4000000065
0.9315849624
4.480151437
17.67017466
24.99999981
25
25
25
25
25
25
25
25
25
25
25
25
25
25
25
25
25
25
25
25
25
0.4000000129
0.4
0.4
0.4
0.4
0.4
0.4
0.4
0.4000000006
0.4000000024
0.4000000054
0.4000000089
0.4000000119
0.4000000123
0.4000000101
0.4000000067
0.4000000044
5.402003209
24.99999944
25
25
25
25
25
25
25
25
25
25
25
25
25
25
25
25
25
25
25
25
25
0.4000000131
0.4
0.4
0.4
0.4
0.4
0.4
0.4
0.4000000005
0.4000000021
0.400000005
0.4000000083
0.4000000109
0.4000000119
0.4000000109
0.4000000068
0.4000000067
4.643167118
24.99999882
25
25
25
25
25
25
25
25
25
25
25
25
25
25
25
25
25
25
25
25
25
0.4000000133
0.4
0.4
0.4
0.4
0.4
0.4
0.4
0.4000000003
0.4000000016
0.400000004
0.4000000069
0.4000000091
0.4000000103
0.4000000107
0.4000000058
0.4000000058
4.481863336
24.99996167
25
25
25
25
25
25
25
25
25
25
25
25
25
25
25
25
25
25
25
25
25
0.4000000135
0.4
0.4
0.4
0.4
0.4
0.4
0.4
0.4000000002
0.4000000011
0.4000000028
0.4000000049
0.4000000067
0.4000000083
0.4000000093
0.4000000043
0.4000000042
3.401784556
24.99999886
25
25
25
25
25
25
25
25
25
25
25
25
25
25
25
25
25
25
25
25
25
0.4000000137
0.4
0.4
0.4
0.4
0.4
0.4
0.4
0.4000000001
0.4000000005
0.4000000015
0.4000000028
0.4000000044
0.4000000064
0.4000000079
0.4000000024
0.4000000023
3.206324278
24.99999987
25
25
25
25
25
25
25
25
25
25
25
25
25
25
25
25
25
25
25
25
25
0.4000000139
0.4
0.4
0.4
0.4
0.4
0.4
0.4
0.4
0.4000000001
0.4000000004
0.4000000013
0.4000000028
0.4000000055
0.4000000062
0.4000000012
0.4000000008
4.185131776
24.99999725
25
25
25
25
25
25
25
25
25
25
25
25
25
25
25
25
25
25
25
25
25
0.4000000141
0.4
0.4
0.4
0.4
0.4
0.4
0.4
0.4
0.4
0.4000000003
0.4000000009
0.4000000024
0.4000000052
0.4000000044
0.4000000009
0.4000000003
11.67116619
24.99999961
25
25
25
25
25
25
25
25
25
25
25
25
25
25
25
25
25
25
25
25
25
0.4000000143
0.4
0.4
0.4
0.4
0.4
0.4
0.4
0.4
0.4
0.4000000001
0.4000000006
0.4000000019
0.4000000046
0.4000000041
0.4000000012
0.4000000005
13.26213084
24.99999986
25
25
25
25
25
25
25
25
25
25
25
25
25
25
25
25
25
25
25
25
25
0.4000000144
0.4
0.4
0.4
0.4
0.4
0.4
0.4
0.4
0.4
0.4000000001
0.4000000005
0.4000000017
0.4000000036
0.4000000052
0.4000000027
0.400000001
7.297772688
24.9999999
25
25
25
25
25
25
25
25
25
25
25
25
25
25
25
25
25
25
25
25
25
0.4000000146
0.4
0.4
0.4
0.4
0.4
0.4
0.4
0.4
0.4
0.4
0.4000000002
0.4000000007
0.4000000013
0.4000000028
0.4000000026
0.4000000013
6.969831184
24.99999986
25
25
25
25
25
25
25
25
25
25
25
25
25
25
25
25
25
25
25
25
25
0.4000000147
0.4
0.4
0.4
0.4
0.4
0.4
0.4
0.4
0.4
0.4
0.4000000001
0.4000000002
0.4000000004
0.4000000009
0.4000000013
0.4000000008
9.160794218
24.99999993
25
25
25
25
25
25
25
25
25
25
25
25
25
25
25
25
25
25
25
25
25
0.4000000149
0.4
0.4
0.4
0.4
0.4
0.4
0.4
0.4
0.4
0.4
0.4
0.4000000001
0.4000000002
0.4000000006
0.4000000011
0.4000000005
12.64686296
24.99999983
25
25
25
25
25
25
25
25
25
25
25
25
25
25
25
25
25
25
25
25
25
0.400000015
0.4
0.4
0.4
0.4
0.4
0.4
0.4
0.4
0.4
0.4
0.4
0.4000000001
0.4000000002
0.4000000008
0.4000000013
0.4000000003
17.4776279
24.99999974
25
25
25
25
25
25
25
25
25
25
25
25
25
25
25
25
25
25
25
25
25
0.4000000151
0.4
0.4
0.4
0.4
0.4
0.4
0.4
0.4
0.4
0.4
0.4
0.4000000001
0.4000000002
0.4000000011
0.4000000013
0.6919997666
23.33552962
24.99999999
25
25
25
25
25
25
25
25
25
25
25
25
25
25
25
25
25
25
25
25
25
0.4000000152
0.4
0.4
0.4
0.4
0.4
0.4
0.4
0.4
0.4
0.4
0.4000000001
0.4000000002
0.4000000004
0.4000000016
0.4000000008
7.383745991
24.99999998
24.99999997
25
25
25
25
25
25
25
25
25
25
25
25
25
25
25
25
25
25
25
25
25
0.4000000153
0.4
0.4
0.4
0.4
0.4
0.4
0.4
0.4
0.4
0.4
0.4000000001
0.4000000003
0.4000000007
0.4000000017
1.486980327
20.35835717
24.99999992
24.99999994
25
25
25
25
25
25
25
25
25
25
25
25
25
25
25
25
25
25
25
25
25
0.4000000154
0.4
0.4
0.4
0.4
0.4
0.4
0.4
0.4
0.4
0.4000000001
0.4000000003
0.4000000007
0.4000000013
0.4000000018
8.402214011
24.99999991
24.99999997
24.99999993
25
25
25
25
25
25
25
25
25
25
25
25
25
25
25
25
25
25
25
25
25
0.4000000155
0.4
0.4
0.4
0.4
0.4
0.4
0.4
0.4
0.4
0.4000000002
0.4000000005
0.4000000011
0.4000000016
0.4000000015
4.048089435
20.76161571
21.96368415
22.06204721
24.6344603
24.99999999
25
25
25
25
25
25
25
25
25
25
25
25
25
25
25
25
25
25
25
0.4000000156
0.4
0.4
0.4
0.4
0.4
0.4
0.4
0.4
0.4000000001
0.4000000003
0.4000000009
0.4000000016
0.400000002
0.4000000019
0.512524595
0.4532991679
0.4
0.4
12.6234797
24.99999994
25
25
25
25
25
25
25
25
25
25
25
25
25
25
25
25
25
25
25
0.4000000157
0.4
0.4
0.4
0.4
0.4
0.4
0.4
0.4
0.4000000001
0.4000000004
0.4000000013
0.4000000024
0.4000000027
0.4000000023
0.4000000011
0.4000000007
0.4000000006
0.4000000007
14.93991559
24.99999997
25
25
25
25
25
25
25
25
25
25
25
25
25
25
25
25
25
25
25
0.4000000157
0.4
0.4
0.4
0.4
0.4
0.4
0.4
0.4
0.4000000001
0.4000000005
0.4000000016
0.4000000031
0.4000000035
0.4000000028
0.4000000018
0.4000000012
0.400000001
0.400000001
10.82348149
24.99704812
24.99999999
25
25
25
25
25
25
25
25
25
25
25
25
25
25
25
25
25
25
0.4000000157
0.4
0.4
0.4
0.4
0.4
0.4
0.4
0.4
0.4000000001
0.4000000004
0.4000000016
0.4000000028
0.4000000037
0.4000000033
0.4000000023
0.4000000015
0.4000000014
0.4000000012
0.6008373769
19.00409919
24.99999998
25
25
25
25
25
25
25
25
25
25
25
25
25
25
25
25
25
25
0.4000000158
0.4
0.4
0.4
0.4
0.4
0.4
0.4
0.4
0.4
0.4000000003
0.4000000012
0.400000002
0.4000000027
0.4000000031
0.4000000026
0.4000000019
0.4000000017
0.400000001
0.4000000003
13.2112951
25
25
25
25
25
25
25
25
25
25
25
25
25
25
25
25
25
25
25
0.4000000158
0.4
0.4
0.4
0.4
0.4
0.4
0.4
0.4
0.4000000001
0.4000000004
0.4000000011
0.4000000014
0.4000000015
0.4000000022
0.4000000023
0.400000002
0.4000000014
0.4000000002
6.881525539
23.95649223
24.99999993
25
25
25
25
25
25
25
25
25
25
25
25
25
25
25
25
25
25
0.4000000158
0.4
0.4
0.4
0.4
0.4
0.4
0.4
0.4000000001
0.4000000003
0.4000000007
0.4000000008
0.4000000007
0.4000000008
0.4000000013
0.4000000019
0.4000000018
0.4000000014
0.4000000007
7.601598587
24.9997827
24.99999993
25
25
25
25
25
25
25
25
25
25
25
25
25
25
25
25
25
25
0.4000000158
0.4
0.4
0.4
0.4
0.4
0.4
0.4
0.4000000002
0.4000000004
0.4000000005
0.4000000006
0.4000000008
0.4000000009
0.4000000011
0.4000000012
0.4000000009
0.5065354023
0.4000000008
5.757211249
24.99900854
24.9999999
25
25
25
25
25
25
25
25
25
25
25
25
25
25
25
25
25
25
0.4000000157
0.4
0.4
0.4
0.4
0.4
0.4
0.4
0.4000000001
0.4000000002
0.4000000005
0.4000000008
0.400000001
0.4000000011
0.4000000009
0.4000000005
7.242684406
23.06054425
19.65805181
20.83915015
24.99999997
24.99999999
25
25
25
25
25
25
25
25
25
25
25
25
25
25
25
25
25
25
0.4000000157
0.4
0.4
0.4
0.4
0.4
0.4
0.4
0.4
0.4000000001
0.4000000003
0.4000000006
0.4000000014
0.4000000024
0.4000000031
0.4000000032
0.400000087
11.72495485
14.1393674
21.22756592
24.99999999
25
25
25
25
25
25
25
25
25
25
25
25
25
25
25
25
25
25
25
0.4000000156
0.4
0.4
0.4
0.4
0.4
0.4
0.4
0.4
0.4
0.4000000001
0.4000000003
0.4000000006
0.4000000013
0.4000000034
0.4000000025
0.4000000017
1.009490709
8.636847615
24.87276625
24.99999993
25
25
25
25
25
25
25
25
25
25
25
25
25
25
25
25
25
25
25
0.4000000155
0.4
0.4
0.4
0.4
0.4
0.4
0.4
0.4
0.4
0.4
0.4000000001
0.4000000003
0.4000000006
0.4000000013
0.4000000022
0.4000000025
0.4000000015
12.03325032
24.99997255
25
25
25
25
25
25
25
25
25
25
25
25
25
25
25
25
25
25
25
25
0.4000000154
0.4
0.4
0.4
0.4
0.4
0.4
0.4
0.4
0.4
0.4
0.4
0.4000000001
0.4000000003
0.4000000007
0.4000000011
0.4000000013
0.4000000006
12.60864838
24.99999998
25
25
25
25
25
25
25
25
25
25
25
25
25
25
25
25
25
25
25
25
0.4000000153
0.4
0.4
0.4
0.4
0.4
0.4
0.4
0.4
0.4
0.4
0.4
0.4000000001
0.4000000002
0.4000000004
0.4000000006
0.4000000008
0.4000000003
15.43298878
24.99999993
25
25
25
25
25
25
25
25
25
25
25
25
25
25
25
25
25
25
25
25
0.4000000152
0.4
0.4
0.4
0.4
0.4
0.4
0.4
0.4
0.4
0.4
0.4
0.4
0.4000000001
0.4000000002
0.4000000004
0.4000000007
0.4000000002
17.24336702
24.99999999
25
25
25
25
25
25
25
25
25
25
25
25
25
25
25
25
25
25
25
25
0.4000000151
0.4
0.4
0.4
0.4
0.4
0.4
0.4
0.4
0.4
0.4
0.4
0.4000000001
0.4000000001
0.4000000002
0.4000000003
0.4000000005
0.4000000001
17.04943695
24.99999999
25
25
25
25
25
25
25
25
25
25
25
25
25
25
25
25
25
25
25
25
0.400000015
0.4
0.4
0.4
0.4
0.4
0.4
0.4
0.4
0.4
0.4000000002
0.4000000004
0.4000000006
0.4000000008
0.4000000007
0.4000000006
0.4000000006
0.4000000001
17.30867009
24.99999995
25
25
25
25
25
25
25
25
25
25
25
25
25
25
25
25
25
25
25
25
0.4000000148
0.4
0.4
0.4
0.4
0.4
0.4
0.4
0.4
0.4000000002
0.4000000006
0.4000000013
0.4000000022
0.4000000023
0.4000000019
0.4000000014
0.4000000009
0.4000000001
19.41662574
25
25
25
25
25
25
25
25
25
25
25
25
25
25
25
25
25
25
25
25
25
0.4000000147
0.4
0.4
0.4
0.4
0.4
0.4
0.4
0.4000000001
0.4000000005
0.4000000014
0.4000000027
0.4000000038
0.4000000024
0.4000000017
0.4000000014
0.4000000011
0.7463224365
23.69955929
24.99999997
25
25
25
25
25
25
25
25
25
25
25
25
25
25
25
25
25
25
25
25
0.4000000145
0.4
0.4
0.4
0.4
0.4
0.4
0.4
0.4000000002
0.400000001
0.4000000025
0.4000000045
0.4000000044
0.4000000005
0.4000000003
0.4000000005
0.4178064828
18.96494352
24.99999979
25
25
25
25
25
25
25
25
25
25
25
25
25
25
25
25
25
25
25
25
25
0.4000000144
0.4
0.4
0.4
0.4
0.4
0.4
0.4
0.4000000004
0.4000000019
0.4000000043
0.4000000064
0.4000000069
0.4000000039
0.4000000013
4.970881248
14.97797494
25
25
25
25
25
25
25
25
25
25
25
25
25
25
25
25
25
25
25
25
25
25
25
0.4000000142
0.4
0.4
0.4
0.4
0.4
0.4
0.4
0.4000000009
0.4000000035
0.4000000066
0.4000000086
0.4000000087
0.4000000058
0.4000000021
16.4993823
24.99999994
24.99999994
25
25
25
25
25
25
25
25
25
25
25
25
25
25
25
25
25
25
25
25
25
25
0.4000000141
0.4
0.4
0.4
0.4
0.4
0.4
0.4
0.4000000016
0.4000000054
0.4000000091
0.4000000104
0.4000000096
0.4000000066
0.4000000027
10.98881857
25
24.99999945
25
25
25
25
25
25
25
25
25
25
25
25
25
25
25
25
25
25
25
25
25
25
0.4000000139
0.4
0.4
0.4
0.4
0.4
0.4
0.4
0.4000000021
0.4000000068
0.4000000108
0.4000000103
0.4000000082
0.4000000058
0.4000000028
1.988374744
23.37966524
24.99999982
25
25
25
25
25
25
25
25
25
25
25
25
25
25
25
25
25
25
25
25
25
25
0.4000000138
0.4
0.4
0.4
0.4
0.4
0.4
0.4
0.4000000019
0.4000000074
0.4000000119
0.4000000071
0.4000000047
0.4000000035
0.400000002
0.4
17.39812388
24.99999987
25
25
25
25
25
25
25
25
25
25
25
25
25
25
25
25
25
25
25
25
25
25
0.4000000137
0.4
0.4
0.4
0.4
0.4
0.4
0.4
0.4000000014
0.400000007
0.4000000117
0.400000006
0.4000000049
0.4000000036
0.4000000018
0.4
15.18369987
24.99999965
25
25
25
25
25
25
25
25
25
25
25
25
25
25
25
25
25
25
25
25
25
25
0.4000000135
0.4
0.4
0.4
0.4
0.4
0.4
0.4
0.400000001
0.4000000057
0.4000000116
0.4000000066
0.4000000056
0.4000000048
0.4000000025
0.4
20.43219364
24.99999978
25
25
25
25
25
25
25
25
25
25
25
25
25
25
25
25
25
25
25
25
25
25
0.4000000134
0.4
0.4
0.4
0.4
0.4
0.4
0.4
0.4000000007
0.4000000043
0.4000000105
0.4000000081
0.4000000056
0.4000000057
0.4000000023
3.888446769
24.82597177
24.99999966
25
25
25
25
25
25
25
25
25
25
25
25
25
25
25
25
25
25
25
25
25
25
0.4000000132
0.4
0.4
0.4
0.4
0.4
0.4
0.4
0.4000000007
0.4000000035
0.4000000089
0.4000000093
0.4000000062
0.4000000055
0.4000001757
12.58415014
24.99999993
24.99999833
25
25
25
25
25
25
25
25
25
25
25
25
25
25
25
25
25
25
25
25
25
25
0.4000000131
0.4
0.4
0.4
0.4
0.4
0.4
0.4
0.4000000009
0.4000000035
0.4000000081
0.4000000103
0.4000000075
0.4000000053
0.8414944546
22.17912104
24.99999997
24.99999982
25
25
25
25
25
25
25
25
25
25
25
25
25
25
25
25
25
25
25
25
25
25
0.400000013
0.4
0.4
0.4
0.4
0.4
0.4
0.4
0.4000000014
0.4000000046
0.400000009
0.4000000118
0.4000000094
0.4000000053
5.61077143
24.99999998
24.99999985
24.9999996
25
25
25
25
25
25
25
25
25
25
25
25
25
25
25
25
25
25
25
25
25
25
0.4000000129
0.4
0.4
0.4
0.4
0.4
0.4
0.4
0.4000000027
0.4000000072
0.4000000116
0.400000014
0.4000000116
0.4000000059
9.029423788
24.99999997
24.99999986
24.99999975
25
25
25
25
25
25
25
25
25
25
25
25
25
25
25
25
25
25
25
25
25
25
0.4000000128
0.4
0.4
0.4
0.4
0.4
0.4
0.4
0.4000000059
0.4000000118
0.4000000154
0.400000016
0.4000000131
0.400000007
6.290626306
24.99999997
24.99999991
24.99999997
25
25
25
25
25
25
25
25
25
25
25
25
25
25
25
25
25
25
25
25
25
25
0.4000000127
0.4
0.4
0.4
0.4
0.4
0.4
0.4
0.4000000125
0.4000000162
0.4000000177
0.4000000159
0.4000000124
0.4000000067
0.6677128383
19.16546701
25
24.9999998
25
25
25
25
25
25
25
25
25
25
25
25
25
25
25
25
25
25
25
25
25
25
0.4000000126
0.4
0.4
0.4
0.4
0.4
0.4
0.4
0.4000000136
0.4000000176
0.4000000178
0.4000000146
0.4000000108
0.4000000059
0.4000000022
6.219820752
24.99999996
24.99999997
25
25
25
25
25
25
25
25
25
25
25
25
25
25
25
25
25
25
25
25
25
25
0.4000000125
0.4
0.4
0.4
0.4
0.4
0.4
0.4
0.4000000093
0.4000000164
0.4000000175
0.4000000145
0.4000000108
0.400000007
0.4000000044
0.5174515997
24.47205704
24.99999998
25
25
25
25
25
25
25
25
25
25
25
25
25
25
25
25
25
25
25
25
25
25
0.4000000125
0.4
0.4
0.4
0.4
0.4
0.4
0.4
0.400000003
0.4000000118
0.4000000165
0.4000000154
0.4000000126
0.4000000088
0.4000000051
1.026124314
24.74661896
24.99999982
25
25
25
25
25
25
25
25
25
25
25
25
25
25
25
25
25
25
25
25
25
25
0.4000000124
0.4
0.4
0.4
0.4
0.4
0.4
0.4
0.4000000009
0.4000000071
0.4000000145
0.4000000151
0.4000000119
0.4000000072
0.4000000035
5.091385987
24.99999995
24.99999977
25
25
25
25
25
25
25
25
25
25
25
25
25
25
25
25
25
25
25
25
25
25
0.4000000123
0.4
0.4
0.4
0.4
0.4
0.4
0.4
0.4000000011
0.4000000059
0.4000000129
0.400000012
0.4000000071
0.4000000032
1.097800171
19.2575739
24.99999991
24.99999983
25
25
25
25
25
25
25
25
25
25
25
25
25
25
25
25
25
25
25
25
25
25
0.4000000123
0.4
0.4
0.4
0.4
0.4
0.4
0.4
0.4000000033
0.4000000072
0.4000000116
0.4000000097
0.4000000039
1.106833905
18.45704113
24.99999998
24.99999994
24.99999995
25
25
25
25
25
25
25
25
25
25
25
25
25
25
25
25
25
25
25
25
25
25
0.4000000122
0.4
0.4
0.4
0.4
0.4
0.4
0.4
0.4000000058
0.4000000079
0.400000009
0.4000000066
0.4000000027
15.16822207
24.99999995
24.99999994
24.99999986
24.99999997
25
25
25
25
25
25
25
25
25
25
25
25
25
25
25
25
25
25
25
25
25
25
0.4000000122
0.4
0.4
0.4
0.4
0.4
0.4
0.4
0.4000000054
0.4000000056
0.4000000038
0.4
0.4000000002
23.63368122
24.99108277
24.99924119
25
25
25
25
25
25
25
25
25
25
25
25
25
25
25
25
25
25
25
25
25
25
25
25
0.4000000122
0.4
0.4
0.4
0.4
0.4
0.4
0.4
0.400000002
1.072805925
12.53014505
22.28345607
14.06607017
3.550479421
5.538810779
10.77110423
24.99999997
25
25
25
25
25
25
25
25
25
25
25
25
25
25
25
25
25
25
25
25
25
25
25
0.4000000122
0.4
0.4
0.4
0.4
0.4
0.4
0.4
2.109807199
18.67081382
24.9999999
24.99999989
21.31245165
3.299954764
1.643010636
23.18715534
24.99999998
24.99999997
25
25
25
25
25
25
25
25
25
25
25
25
25
25
25
25
25
25
25
25
25
25
0.4000000122
0.4
0.4
0.4
0.4
0.4
0.4
0.4
24.33287921
24.99999983
18.59508462
18.46403252
13.81650264
4.317981271
2.010168811
12.26156692
24.99901795
25
25
25
25
25
25
25
25
25
25
25
25
25
25
25
25
25
25
25
25
25
25
25
0.4000000121
0.4
0.4
0.4
0.4
0.4
0.4
0.4
)
;

boundaryField
{
    lowerWall
    {
        type            calculated;
        value           uniform 0;
    }
    atmosphere
    {
        type            calculated;
        value           uniform 0;
    }
    rightWall
    {
        type            empty;
    }
    leftWall
    {
        type            empty;
    }
    frontAndBack
    {
        type            calculated;
        value           uniform 0;
    }
}


// ************************************************************************* //
