/*--------------------------------*- C++ -*----------------------------------*\
| =========                 |                                                 |
| \\      /  F ield         | OpenFOAM: The Open Source CFD Toolbox           |
|  \\    /   O peration     | Version:  2506                                  |
|   \\  /    A nd           | Website:  www.openfoam.com                      |
|    \\/     M anipulation  |                                                 |
\*---------------------------------------------------------------------------*/
FoamFile
{
    version     2.0;
    format      ascii;
    arch        "LSB;label=32;scalar=64";
    class       volScalarField;
    location    "0.009";
    object      p;
}
// * * * * * * * * * * * * * * * * * * * * * * * * * * * * * * * * * * * * * //

dimensions      [1 -1 -2 0 0 0 0];

internalField   nonuniform List<scalar> 
3200
(
0.1973588134
-4.825408176
1154.121599
-0.599488327
-4.663683305
-3.978336592
425.3318761
9014.478434
9152.454774
9189.235312
9145.538279
9017.990501
8813.987094
8546.773404
8229.708763
7873.784968
7487.214371
7075.862211
6643.875552
6194.24138
5729.203843
5250.549634
4759.793635
4258.29432
3747.32178
3228.096567
2701.812438
2169.650312
1632.786494
1092.396539
549.6561047
5.740402684
-0.06996915713
-0.07212577877
-0.07428239922
-0.07643901966
-0.07859564009
-0.08075226052
-0.08290888093
-0.08506550134
0.05625832902
-4.615414993
-3.454426106
-5.372074561
-9.604706787
-13.15168945
383.1106738
9442.938399
9253.65721
9269.704638
9229.383668
9094.443002
8877.187304
8596.617703
8268.560941
7904.420968
7511.981453
7096.482354
6661.511461
6209.635372
5742.811283
5262.641748
4770.527933
4267.75967
3755.566503
3235.145881
2707.679074
2174.340584
1636.303421
1094.741293
550.8287453
5.740402684
-0.06996915713
-0.07212577877
-0.07428239922
-0.07643901966
-0.07859564009
-0.08075226052
-0.08290888093
-0.08506550134
0.1645695811
-0.4023549749
-0.4062927575
-9.062997868
-18.82115896
-30.2848933
2250.758862
7524.422088
9149.500908
9406.538236
9407.834109
9253.198751
9003.686776
8693.932446
8343.475113
7963.333178
7559.785619
7136.554706
6696.035732
6239.96211
5769.748936
5286.661869
4791.899046
4286.630964
3772.018798
3249.221766
2719.400018
2183.716282
1643.336918
1099.432057
553.1747995
5.740402684
-0.06996915712
-0.07212577877
-0.07428239922
-0.07643901966
-0.07859564009
-0.08075226052
-0.08290888093
-0.08506550134
-0.01572156757
1.773409788
6.765522241
4.701052942
-4.794752135
6292.036046
4213.51692
7224.560284
9375.260368
9799.105481
9742.20249
9506.815161
9190.411935
8831.934667
8448.058469
8045.63648
7627.25951
7193.902217
6746.102138
6284.415339
5809.544658
5322.33822
4823.754011
4314.826018
3796.638639
3270.308408
2736.971969
2197.779228
1653.889823
1106.47095
556.6954727
5.740402684
-0.06996915711
-0.07212577877
-0.07428239922
-0.07643901966
-0.07859564009
-0.08075226052
-0.08290888093
-0.08506550134
-2.836819691
-10.68156809
19.46930381
46.39396969
8.139695599
15117.09471
12057.24388
11342.76952
11281.35348
10672.4115
10255.04618
9841.430831
9419.192675
8995.321359
8571.177434
8143.885821
7709.704205
7265.681249
6810.04282
6342.039853
5861.66179
5369.374699
4865.933109
4352.261824
3829.385869
3298.389236
2760.390851
2216.531358
1667.966239
1115.861946
561.3931411
5.740402685
-0.0699691571
-0.07212577877
-0.07428239922
-0.07643901966
-0.07859564009
-0.08075226051
-0.08290888093
-0.08506550134
5135.654588
6810.41165
7460.006623
32157.12749
5455.3416
23201.42548
31671.97761
15514.44637
11977.09925
11354.13222
10764.12985
10184.65428
9649.592304
9158.967163
8697.432879
8249.014458
7801.980094
7349.064619
6886.336684
6412.030152
5925.679015
5427.553932
4918.326964
4398.886562
3870.239736
3333.460369
2789.661631
2239.981535
1685.575587
1127.612671
567.2720338
5.740402685
-0.06996915709
-0.07212577877
-0.07428239922
-0.07643901966
-0.07859564009
-0.08075226051
-0.08290888093
-0.08506550134
2.089953003
5.606673316
108.3579745
1232.504545
1778.762337
19857.25621
8531.657613
7120.879165
11603.35502
12002.8733
11262.6825
10483.45153
9835.543103
9293.50978
8810.560769
8352.747073
7900.126126
7442.247987
6974.196553
6494.056288
6001.464207
5496.827629
4980.923379
4454.704803
3919.213593
3375.54004
2824.804712
2268.149889
1706.735414
1141.73607
574.338991
5.740402686
-0.06996915707
-0.07212577877
-0.07428239922
-0.07643901966
-0.07859564009
-0.08075226051
-0.08290888093
-0.08506550134
5.378599803
3.742171151
0.4222643884
2.638769006
220.7747124
12874.42395
20851.93436
23018.84721
17416.94461
13791.30986
11800.28118
10650.91971
9915.609155
9368.956384
8898.540288
8451.27373
8003.518341
7545.590088
7074.12881
6588.52178
6089.285898
5577.361488
5053.824342
4519.784134
3976.358386
3424.671429
2865.858672
2301.070349
1731.473489
1158.251902
582.6042535
5.740402686
-0.06996915706
-0.07212577877
-0.07428239922
-0.07643901966
-0.07859564009
-0.08075226051
-0.08290888093
-0.08506550134
0.7896798371
0.921384163
0.7695097159
1.690446764
-0.08429129318
-0.2723313667
10798.11343
25371.79011
18813.75785
13945.39848
11496.20369
10404.32515
9807.006227
9368.154902
8963.35715
8550.276352
8117.075776
7662.452428
7188.189726
6696.601541
6189.785831
5669.4991
5137.218218
4594.237902
4041.753769
3480.919327
2912.880116
2338.792017
1759.829604
1177.188282
592.0823609
5.740402687
-0.06996915704
-0.07212577877
-0.07428239922
-0.07643901966
-0.07859564009
-0.08075226051
-0.08290888093
-0.08506550134
-1.483532603
-0.2008771091
0.9778595581
2.230314842
0.944416743
1.697286497
197.0449442
5538.76076
8369.464265
10515.70835
9834.806274
9663.161263
9539.924168
9333.290062
9036.446351
8669.388772
8252.05418
7798.947495
7319.563943
6819.897342
6303.748054
5773.622723
5231.302212
4678.185412
4115.489904
3544.363573
2965.942916
2381.380898
1791.857974
1198.58376
602.7933385
5.740402688
-0.06996915702
-0.07212577877
-0.07428239922
-0.07643901966
-0.07859564009
-0.08075226051
-0.08290888093
-0.08506550134
-3.575030079
-2.20941077
-1.008135637
1.126502014
1.753824033
2.583891209
1.535249817
4894.836439
14678.97132
7029.027508
7543.814018
8873.587046
9356.232042
9388.629374
9179.740309
8838.770628
8422.803291
7961.713839
7471.21115
6959.666406
6431.678944
5889.934323
5336.174145
4771.702633
4197.648278
3615.094387
3025.139866
2428.923719
1827.63115
1222.490332
614.7643223
5.740402689
-0.069969157
-0.07212577877
-0.07428239922
-0.07643901966
-0.07859564009
-0.08075226051
-0.08290888093
-0.08506550134
-4.637126742
-3.235179868
-3.007320562
-0.8098413176
0.9494325903
2.019678436
-2.442074504
5998.698102
12968.36378
14346.86743
6812.501609
8931.138178
9622.783059
9685.251918
9455.098054
9083.138646
8638.664485
8153.879548
7643.88561
7115.866532
6573.358399
6018.253599
5451.74891
4874.793884
4288.297775
3693.218004
3090.590964
2481.535802
1867.246284
1248.977684
628.0316721
5.74040269
-0.06996915698
-0.07212577877
-0.07428239922
-0.07643901966
-0.07859564009
-0.08075226051
-0.08290888093
-0.08506550134
-3.872061585
-3.497527278
-3.0578134
-1.644574985
0.2140754063
1.298928157
-3.717161125
929.2032925
21660.48953
8018.411364
9677.113542
10415.6731
10518.49895
10274.49082
9872.238651
9400.013536
8894.831144
8371.243749
7834.572635
7286.544921
6727.625557
6157.963963
5577.764618
4987.416625
4387.521649
3778.879979
3162.461577
2539.374292
1910.834114
1278.138665
642.6435046
5.74040269
-0.06996915695
-0.07212577877
-0.07428239922
-0.07643901966
-0.07859564009
-0.08075226051
-0.08290888093
-0.08506550134
-2.647928644
-2.098309635
-1.434770613
-0.6362643774
0.1540106692
-1.058573796
-5.975301706
372.3771885
20825.74983
7823.954386
12932.86122
12535.93188
11761.04608
11021.97877
10359.34835
9749.84321
9169.397005
8601.681132
8036.604659
7468.104655
6892.625397
6308.202052
5713.918176
5109.575264
4495.481237
3872.307857
3240.990561
2602.656236
1958.570106
1310.095565
658.6624312
5.740402691
-0.06996915693
-0.07212577877
-0.07428239922
-0.07643901966
-0.07859564009
-0.08075226051
-0.08290888092
-0.08506550134
-1.660468903
-0.5854529714
0.4064676222
1.114840943
1.29400791
-2.039902912
-10.43538101
8994.880308
22122.30539
24552.98552
18670.7611
15034.14687
12967.77329
11693.0074
10793.32017
10070.6068
9431.223307
8829.467366
8242.048659
7656.633123
7066.558856
6468.289321
5860.118529
5241.47234
4612.507363
3973.86677
3326.523979
2671.678731
2010.686054
1345.006257
676.1681376
5.740402692
-0.06996915691
-0.07212577876
-0.07428239922
-0.07643901966
-0.07859564009
-0.08075226051
-0.08290888092
-0.08506550134
-0.9153688063
0.3415878107
1.559441231
2.589689694
3.308081048
1.78114265
-2.0200362
12512.01161
21352.72385
24602.04036
22144.40701
15962.12853
13382.8923
11988.95079
11050.31402
10308.03523
9655.413078
9042.905409
8445.47873
7849.809896
7248.676587
6638.265757
6016.78124
5383.674604
4739.195199
4084.113806
3419.546028
2746.836121
2067.479258
1383.068742
695.2592371
5.740402693
-0.06996915688
-0.07212577876
-0.07428239922
-0.07643901966
-0.07859564009
-0.08075226051
-0.08290888092
-0.08506550133
-0.4402717696
0.8035067449
2.054183617
3.253355653
4.368798839
4.855571846
6.96143834
15.55328562
403.2921742
7793.113255
12753.27701
13286.93804
12612.7165
11829.5841
11110.94611
10455.80102
9839.479624
9241.252751
8647.141273
8048.441149
7440.060917
6819.303852
6185.053099
5537.236031
4876.471137
4203.833381
3520.696773
2828.628116
2129.315702
1424.522131
716.053561
5.740402694
-0.06996915686
-0.07212577876
-0.07428239921
-0.07643901965
-0.07859564008
-0.08075226051
-0.08290888092
-0.08506550133
-0.1722449246
0.9783542645
2.129913236
3.250170964
4.319664222
5.253458407
6.454984001
6.61229481
4.395906797
560.7645285
10309.07814
11818.70631
11951.44811
11605.71974
11108.08107
10564.73661
10005.44347
9435.476173
8853.383693
8256.742948
7643.811427
7013.823976
6366.878686
5703.731989
5025.606569
4334.039111
3630.767921
2917.653315
2196.623774
1469.642002
738.6858493
5.740402694
-0.06996915683
-0.07212577876
-0.07428239921
-0.07643901965
-0.07859564008
-0.0807522605
-0.08290888092
-0.08506550133
-0.01204017792
1.045984985
2.088932751
3.100592189
4.071137013
4.964112627
5.729234288
6.008064144
4.907368198
438.0473642
11244.26897
11727.17274
11768.64803
11533.76312
11150.91721
10689.61456
10182.07411
9641.817003
9074.165957
8481.325995
7864.607223
7225.290399
6564.893124
5885.193173
5188.170607
4475.936638
3750.67272
3014.585325
2269.876487
1518.728702
763.3019805
5.740402695
-0.06996915681
-0.07212577876
-0.07428239921
-0.07643901965
-0.07859564008
-0.0807522605
-0.08290888092
-0.08506550133
0.09974057591
1.074852435
2.030226178
2.95113409
3.836554422
4.591659058
5.271132094
5.917362043
5.622141486
497.2732116
12586.63589
12077.79863
11862.20644
11609.76448
11272.2051
10860.72417
10391.41459
9875.544314
9320.128631
8729.777983
8107.99007
7457.825563
6782.197458
6083.962818
5365.931697
4630.851745
3881.391903
3120.132298
2349.562427
1572.088494
790.0495814
5.740402695
-0.06996915679
-0.07212577876
-0.07428239921
-0.07643901965
-0.07859564008
-0.0807522605
-0.08290888092
-0.08506550133
0.1785139164
1.074269475
1.956200925
2.808251094
3.657978458
4.316573592
4.990861225
5.599161463
4.835580495
266.4490265
12233.23594
12137.70111
11992.61251
11770.87977
11467.40978
11089.65677
10647.30935
10148.80983
9601.018045
9009.657523
8379.738647
7715.813106
7022.096286
6302.515158
5560.726906
4800.133644
4023.901371
3234.983387
2436.147678
1630.008953
819.0657722
5.740402695
-0.06996915676
-0.07212577876
-0.07428239921
-0.07643901965
-0.07859564008
-0.0807522605
-0.08290888092
-0.08506550133
0.2257486831
1.042599501
1.855804161
2.642535759
3.494377897
4.04708939
4.826191992
5.266186635
2.9302113
220.2763939
12023.42767
12249.75302
12199.66043
12013.72888
11736.89343
11383.17922
10959.35107
10471.36179
9925.469594
9328.087175
8685.484289
8003.582455
7287.849945
6543.263619
5774.314477
4985.042388
4179.087182
3359.745965
2530.031459
1692.730516
850.4632128
5.740402696
-0.06996915674
-0.07212577876
-0.07428239921
-0.07643901965
-0.07859564008
-0.0807522605
-0.08290888091
-0.08506550133
0.2438967963
0.9812423746
1.724498089
2.436520177
3.281419668
3.797100298
4.69916742
3.778504331
2.932777376
395.4562445
12420.72508
12638.23979
12542.54536
12347.47924
12083.25306
11746.8125
11335.55042
10851.81289
10301.40729
9691.731212
9030.520702
8325.174657
7582.450847
6808.367981
6008.216549
5186.625244
4347.651308
3494.87616
2631.497465
1760.415635
884.3152497
5.740402696
-0.06996915672
-0.07212577876
-0.07428239921
-0.07643901965
-0.07859564008
-0.0807522605
-0.08290888091
-0.08506550133
0.239177557
0.8950623447
1.558258636
2.186945202
2.914073568
3.540116265
4.273591885
2.964114623
5.902429884
4016.749862
14087.28749
13338.50942
12984.80079
12750.38801
12501.82547
12185.26566
11784.22314
11298.92974
10736.61351
10106.90513
9419.684617
8684.136404
7908.404855
7099.536436
6263.553774
5405.585388
4530.011466
3640.605428
2740.662876
1833.116799
920.6406308
5.740402696
-0.0699691567
-0.07212577875
-0.07428239921
-0.07643901965
-0.07859564008
-0.0807522605
-0.08290888091
-0.08506550132
0.2196440737
0.7935578866
1.36620759
1.90114474
2.445894847
2.811935646
2.810103286
1.689715017
4.806773621
5453.870415
14992.17306
13640.00598
13307.75967
13167.44564
12988.394
12708.2003
12317.14465
11823.06719
11239.21127
10579.5882
9857.168487
9083.27231
8267.488822
7417.815036
6540.874012
5642.148491
4726.200892
3796.86808
2857.428667
1910.745666
959.3887583
5.740402696
-0.06996915668
-0.07212577875
-0.0742823992
-0.07643901964
-0.07859564007
-0.08075226049
-0.08290888091
-0.08506550132
0.193717577
0.6919244348
1.179272961
1.623176768
2.030172428
2.215826
1.994067717
1.383771994
2.158657227
1452.845241
11663.7809
12919.21519
13438.78555
13623.23932
13576.10255
13341.99493
12953.08465
12436.98025
11817.57756
11115.06875
10346.12503
9524.289185
8660.457821
7763.358225
6839.978151
5895.933763
4935.775148
3963.235896
2981.435827
1993.046379
1000.427046
5.740402696
-0.06996915666
-0.07212577875
-0.0742823992
-0.07643901964
-0.07859564007
-0.08075226049
-0.08290888091
-0.08506550132
0.1696509754
0.6101975944
1.047547599
1.472362852
1.879047857
2.225406804
2.458194555
2.672272161
2.778723603
1291.335577
10964.49571
12935.35836
13904.92615
14310.62068
14350.77844
14130.58967
13716.21325
13154.18695
12479.05217
11716.98855
10887.97504
10007.30048
9086.693765
8135.182058
7159.748508
6165.83596
5157.732138
4138.865074
3112.031496
2079.575665
1043.53175
5.740402696
-0.06996915664
-0.07212577875
-0.0742823992
-0.07643901964
-0.07859564007
-0.08075226049
-0.08290888091
-0.08506550132
0.1468920777
0.5364275151
0.9291973807
1.323687948
1.720710043
2.115658021
2.432347809
2.967893781
2.847658335
2449.624187
12291.41568
13954.36069
14934.93752
15363.53514
15385.79606
15113.36875
14626.98102
13984.4902
13227.45097
12385.85782
11481.48558
10530.24339
9543.834534
8530.928699
7498.000479
6449.933155
5390.455829
4322.462757
3248.249809
2169.692631
1088.383573
5.740402696
-0.06996915662
-0.07212577875
-0.0742823992
-0.07643901964
-0.07859564007
-0.08075226049
-0.0829088809
-0.08506550132
0.1211589313
0.4556414047
0.8018661127
1.167527395
1.55986551
2.003681705
2.299858093
2.979462283
2.551269872
4992.262546
14061.19385
15656.79823
16516.92534
16822.78224
16715.49594
16310.10321
15693.83465
14929.32064
14060.38936
13117.49821
12121.86157
11088.35158
10027.47243
8946.698846
7851.39401
6745.444016
5631.699077
4512.28307
3388.813698
2262.561912
1134.569733
5.740402697
-0.06996915661
-0.07212577875
-0.0742823992
-0.07643901964
-0.07859564007
-0.08075226049
-0.0829088809
-0.08506550131
0.09289037094
0.3677520913
0.6632488159
0.993194725
1.37946978
1.885057755
2.228251639
3.222563109
2.705319513
9904.28028
16965.36533
18095.44837
18653.18099
18695.16757
18343.30039
17717.71353
16908.92277
15978.55356
14967.27668
13901.87642
12800.10727
11673.82967
10531.00746
9377.003372
8215.436315
7048.754122
5878.617814
4706.160372
3532.162413
2357.172988
1181.593895
5.740402697
-0.06996915659
-0.07212577875
-0.0742823992
-0.07643901963
-0.07859564006
-0.08075226049
-0.0829088809
-0.08506550131
0.04928675315
0.2442224618
0.4678091134
0.7528775915
1.140676445
1.700787325
2.450018591
3.593560032
7.642032432
18366.09207
20564.38318
21106.82729
21305.18232
20961.40055
20244.83897
19308.54399
18245.58724
17108.68307
15928.27853
14722.61535
13502.85831
12275.85461
11045.729
9814.875897
8584.598822
7355.523659
6127.863009
4901.582876
3676.506222
2452.376265
1228.894104
5.740402697
-0.06996915658
-0.07212577874
-0.07428239919
-0.07643901963
-0.07859564006
-0.08075226048
-0.0829088809
-0.08506550131
0.0004468245778
0.0981371359
0.2224925783
0.4099820581
0.6840440856
1.129793559
1.775287993
3.624014781
1825.624875
22769.91281
22464.22402
24462.33984
24499.32524
23600.40549
22366.10905
21026.03739
19656.19426
18282.30196
16914.52964
15557.4368
14212.85012
12881.00159
11561.18101
10252.17624
8952.563774
7660.883648
6375.733057
5095.8071
3819.90782
2546.935198
1275.868181
5.740402697
-0.06996915656
-0.07212577874
-0.07428239919
-0.07643901963
-0.07859564006
-0.08075226048
-0.0829088809
-0.08506550131
-0.06252636834
-0.08584854453
-0.09128311638
-0.03398395683
0.2574345973
0.1021482002
2.18486029
56.4430573
17643.98584
25534.30582
25663.15709
29779.00605
28629.32925
26574.75653
24593.15334
22773.30097
21070.84076
19449.78752
17890.0894
16379.73858
14910.09522
13474.11796
12065.81775
10680.08633
9312.599411
7959.718157
6618.383338
5286.009783
3960.387548
2639.592418
1321.905544
5.740402697
-0.06996915655
-0.07212577874
-0.07428239919
-0.07643901963
-0.07859564006
-0.08075226048
-0.08290888089
-0.0850655013
-0.1308972074
-0.2944282842
-0.4789642045
-0.6804105968
-0.9000008825
-1.311565188
-1.601805526
3220.662685
32467.62507
26346.66203
27655.50047
40371.62476
33664.24098
29476.12842
26658.43601
24403.16707
22404.06912
20555.90796
18816.29002
17161.32426
15573.67091
14039.55714
12547.8866
11089.75339
9658.031659
8247.009565
6852.076637
5469.465909
4096.044776
2729.145163
1366.423327
5.740402697
-0.06996915654
-0.07212577874
-0.07428239919
-0.07643901963
-0.07859564005
-0.08075226048
-0.08290888089
-0.0850655013
-0.1988922352
-0.500150146
-0.8722224927
-1.37847016
-2.136232451
-3.558173106
-7.125561671
789.7602425
27903.72539
24165.07995
24881.85181
36498.78869
36178.31201
31007.04619
28161.29537
25776.86315
23586.35417
21553.48679
19657.82993
17875.58966
16183.70454
14562.55316
12996.41864
11473.00982
9982.765849
8518.214461
7073.451364
5643.736594
4225.184527
2814.523325
1408.903605
5.740402698
-0.06996915653
-0.07212577873
-0.07428239918
-0.07643901962
-0.07859564005
-0.08075226047
-0.08290888089
-0.0850655013
-0.2441920887
-0.6351429423
-1.127960833
-1.809178054
-2.840977073
-4.80201125
-8.134471239
-19.17016965
1.506073004
6.055878707
-11.50612875
10251.2607
25631.00177
30212.55773
29202.84456
26956.6409
24610.98945
22413.84773
20385.94412
18499.49508
16723.00494
15030.53417
13402.22623
11823.10227
10281.80877
8769.633246
7279.780777
5806.84805
4346.436741
2894.862419
1448.92807
5.740402698
-0.06996915652
-0.07212577873
-0.07428239918
-0.07643901962
-0.07859564005
-0.08075226047
-0.08290888089
-0.0850655013
-0.2567126542
-0.6826028968
-1.215174652
-1.912454997
-2.850581985
-4.082686532
-5.187743087
-5.096743844
-2.558171734
2.117797008
-3.011737727
11964.54586
35596.7463
35008.37687
31480.89095
28235.86
25487.12136
23104.96941
20972.59925
19013.44052
17178.28898
15434.35607
13758.85253
12135.36601
10551.73524
8998.730846
7469.192812
5957.440822
4458.854602
2969.563324
1486.206314
5.740402698
-0.06996915651
-0.07212577873
-0.07428239918
-0.07643901962
-0.07859564005
-0.08075226047
-0.08290888088
-0.08506550129
-0.2266515398
-0.6323025106
-1.147835061
-1.808868311
-2.619663352
-3.530366537
-4.200379324
-4.481543327
-3.307131944
-1.487460534
-1.272257855
9190.201866
40973.28736
42422.61487
33476.46598
29018.78267
25996.66625
23546.30522
21386.0389
19403.37897
17542.35812
15769.75303
14063.46536
12407.77656
10791.03721
9204.363579
7640.820333
6094.869707
4561.979581
3038.33155
1520.594347
5.740402699
-0.0699691565
-0.07212577873
-0.07428239917
-0.07643901961
-0.07859564004
-0.08075226046
-0.08290888088
-0.08506550129
-0.1594004089
-0.5011236569
-0.9744612377
-1.623148449
-2.428302232
-3.273466251
-3.8424666
-3.879364185
-2.979903265
-2.081307843
-1.51893307
-2.946917919
23564.17763
33624.85875
30983.41206
28366.13574
25934.45676
23697.54575
21621.87155
19671.68064
17818.01647
16038.83812
14317.48411
12641.24119
11000.27555
9386.866677
7794.855421
6219.238744
4655.863939
3101.19077
1552.100947
5.740402699
-0.06996915649
-0.07212577872
-0.07428239917
-0.07643901961
-0.07859564004
-0.08075226046
-0.08290888088
-0.08506550129
-0.06338265407
-0.2927403325
-0.7165945617
-1.408490005
-2.404980305
-3.433389321
-4.034615603
-4.086642965
-3.970059134
-2.578241994
-3.087564486
-8.255450511
10248.03293
25134.0588
28467.34257
27527.88909
25677.48309
23687.55236
21732.22409
19843.45984
18019.19418
16250.10424
14526.39672
12839.43235
11181.95881
9547.971414
7932.493966
6331.364649
4741.047213
3158.468758
1580.881024
5.740402699
-0.06996915649
-0.07212577872
-0.07428239917
-0.07643901961
-0.07859564004
-0.08075226046
-0.08290888087
-0.08506550128
0.04594439136
-0.002340270991
-0.3011856865
-1.017866429
-2.483491143
-3.829762193
-4.642485647
-4.800166182
-5.530912221
-2.830039183
-2.022486041
2509.511155
33030.0288
35921.84734
30225.2498
27600.59336
25560.03827
23642.95957
21776.01668
19950.74662
18165.20302
16415.9946
14698.5723
13008.13731
11340.15743
9690.563905
8055.779944
6432.675045
4818.490715
3210.7581
1607.217102
5.740402699
-0.06996915649
-0.07212577872
-0.07428239916
-0.0764390196
-0.07859564003
-0.08075226045
-0.08290888087
-0.08506550128
0.1462204239
0.3704789471
0.3093926566
-0.5962026654
-2.389183385
-3.656697988
-4.060479986
-4.882818806
-12.65575152
-5.558901294
-0.722617214
2185.056177
33460.28363
30999.00827
28911.22911
27089.19795
25319.1263
23548.2395
21778.14424
20018.31525
18274.88511
16550.10714
14843.76852
13154.39336
11479.97189
9818.343928
8167.380751
6525.059313
4889.48039
3258.857474
1631.491582
5.740402699
-0.06996915649
-0.07212577871
-0.07428239916
-0.0764390196
-0.07859564003
-0.08075226045
-0.08290888087
-0.08506550128
0.2142980078
0.4642211475
0.519391312
-0.005492055277
-1.603435937
-3.668834539
-5.26773859
-5.937463737
-17.29425177
-5.707056206
0.4892669283
1205.661076
30187.40585
25591.22503
27331.35921
26525.85904
25079.03583
23452.73524
21770.01405
20069.49398
18365.92406
16665.78966
14972.0105
13285.70332
11606.99622
9935.456984
8270.333742
6610.69505
4955.511449
3303.701062
1654.153271
5.740402699
-0.06996915649
-0.07212577871
-0.07428239916
-0.0764390196
-0.07859564003
-0.08075226045
-0.08290888086
-0.08506550127
0.2825163384
0.6204526439
0.8185585699
0.874512778
1.558905413
4.435115596
6.364697207
14.17750112
3010.588147
36616.05926
21613.96334
21665.69501
32365.484
30918.33181
28297.22999
26603.86901
25018.43349
23413.66217
21779.6932
20123.73213
18453.53686
16775.12643
15092.78935
13409.42032
11726.85636
10046.15302
8367.79768
6691.87105
5018.167533
3346.283442
1675.68148
5.740402699
-0.06996915649
-0.0721257787
-0.07428239915
-0.07643901959
-0.07859564002
-0.08075226044
-0.08290888086
-0.08506550127
0.2442315675
0.4289756601
0.2642512805
-0.19125545
-0.5467487543
-0.885730709
-1.062748476
-4.812049766
-16.89888695
8064.500091
8346.221877
21167.39625
32194.53409
30625.80495
28335.25931
26573.96774
24977.1777
23403.79864
21811.37548
20192.21422
18549.37478
16888.39888
15214.6065
13532.33593
11844.85725
10154.49997
8462.830168
6770.821651
5079.004304
3387.585887
1696.550419
5.740402699
-0.06996915649
-0.0721257787
-0.07428239915
-0.07643901959
-0.07859564002
-0.08075226044
-0.08290888085
-0.08506550127
0.1512468454
0.3176888087
0.2819784379
0.1003098166
-0.02854459988
0.2724045378
0.2249257467
-0.4501884892
-2.987016075
19.25075041
2644.796155
23115.80094
30621.84704
29323.96715
27843.99768
26379.5808
24912.52343
23412.99186
21869.80716
20284.38572
18663.36193
17014.4979
15344.90556
13660.45835
11965.73364
10264.15649
8558.199292
6849.580781
5139.444123
3428.508509
1717.195997
5.740402698
-0.0699691565
-0.0721257787
-0.07428239915
-0.07643901959
-0.07859564001
-0.08075226044
-0.08290888085
-0.08506550126
0.03045691407
0.2246912554
0.2985283843
0.2522744258
0.1108894067
-0.05300077848
-0.5392309006
-0.06110376643
-1.178923633
11.79704582
7370.075895
27846.34834
28504.29954
28204.58748
27337.17716
26187.84603
24880.3576
23465.85138
21970.48835
20412.1752
18805.20863
17161.34034
15490.06418
13798.8545
12093.45604
10378.18804
8656.227592
6929.858865
5200.685952
3469.811559
1737.986847
5.740402698
-0.0699691565
-0.07212577869
-0.07428239914
-0.07643901958
-0.07859564001
-0.08075226043
-0.08290888085
-0.08506550126
-0.09128668241
0.1391947443
0.2795576921
0.3341417375
0.3004776675
0.2374484826
-0.003407711646
-0.009821734882
-0.4912938263
4.050141955
9501.445306
25057.33893
27356.02906
27652.88778
27112.28663
26154.28159
24955.22327
23599.58054
22134.13343
20588.63823
18983.98357
17335.61305
15655.16624
13951.43822
12231.04244
10498.90761
8758.662907
7012.942863
5263.6327
3512.068162
1759.201009
5.740402697
-0.06996915651
-0.07212577869
-0.07428239914
-0.07643901958
-0.07859564001
-0.08075226043
-0.08290888084
-0.08506550125
-0.2040890973
0.07127394264
0.2781057356
0.430903006
0.5294543475
0.6511915445
0.7194965692
1.479317677
1.487214448
2.410312837
15173.70181
28278.30243
28210.48641
27938.65206
27304.80993
26361.78104
25186.68331
23843.1246
22377.8366
20824.27837
19206.50108
17541.98728
15843.564
14120.69356
12380.36684
10627.73621
8866.574922
7099.620189
5328.837476
3555.629896
1781.009158
5.740402697
-0.06996915652
-0.07212577868
-0.07428239913
-0.07643901957
-0.07859564
-0.08075226042
-0.08290888084
-0.08506550125
-0.3041661781
0.02415145952
0.3058782595
0.5574778485
0.7602743952
0.9816792139
0.9411593249
1.547452292
0.6317372609
0.6488506852
19320.93947
30454.39188
29269.56567
28586.42952
27806.52698
26801.3547
25586.60928
24208.40548
22709.81287
21124.14474
19475.77189
17782.29066
16056.42333
14307.41284
12541.99938
10765.09962
8980.285493
7190.130796
5396.471203
3600.606621
1803.464965
5.740402696
-0.06996915653
-0.07212577868
-0.07428239913
-0.07643901957
-0.07859564
-0.08075226042
-0.08290888083
-0.08506550125
-0.3940215797
-0.02290269793
0.3226622765
0.6654304496
0.9708016176
1.342879959
1.224940396
1.951297748
0.3205967086
-1.179610766
19002.52044
30256.15391
29827.21353
29330.97718
28533.51717
27450.50539
26150.00122
24694.0861
23128.86808
21486.71757
19790.15901
18054.99296
16292.43848
14510.54554
12715.12742
10910.38665
9099.345772
7284.154026
5466.314823
3646.862048
1826.503114
5.740402696
-0.06996915654
-0.07212577868
-0.07428239912
-0.07643901956
-0.07859563999
-0.08075226041
-0.08290888083
-0.08506550124
-0.4677740556
-0.1143641946
0.2001421732
0.5334128967
0.8804940056
1.367887933
1.319278086
2.151372083
0.07583258592
-4.858739435
18906.59155
29302.20558
30452.30429
30376.75217
29546.06445
28317.1597
26868.82863
25289.0953
23624.86949
21903.70411
20143.16058
18355.09508
16547.806
14727.2178
12897.59246
11061.9879
9222.569839
7380.834903
5537.778176
3694.025799
1849.945159
5.740402695
-0.06996915655
-0.07212577867
-0.07428239912
-0.07643901956
-0.07859563999
-0.08075226041
-0.08290888082
-0.08506550124
-0.4664165896
0.02259654832
0.5363134797
1.07973691
1.56442454
1.913813015
1.207582674
1.294058243
0.02607148127
-16.57520621
21214.83518
28084.40578
32303.1101
32177.67236
30956.83882
29403.24983
27719.08781
25968.63043
24177.83087
22360.07827
20523.69261
18674.43375
16816.48977
14952.94615
13086.05581
11217.42073
9348.126719
7478.849878
5609.944817
3741.521214
1873.512763
5.740402695
-0.06996915656
-0.07212577867
-0.07428239912
-0.07643901955
-0.07859563998
-0.0807522604
-0.08290888082
-0.08506550123
-0.6157487986
-0.3538948552
-0.1328789483
0.09185267416
0.5298251256
0.1943304476
0.1103970857
2.576496917
6.171033918
25.92953451
45439.28389
46226.59849
38499.05429
35073.99246
32700.37327
30619.89962
28635.64709
26688.52252
24757.75374
22835.08803
20917.10305
19002.47043
17090.7927
15182.04375
13276.28641
11373.53324
9473.684242
7576.506832
5681.639032
3788.606434
1896.847167
5.740402694
-0.06996915657
-0.07212577866
-0.07428239911
-0.07643901955
-0.07859563998
-0.0807522604
-0.08290888082
-0.08506550123
-0.4568316631
0.02386316454
0.6432331199
1.376980397
2.927277997
0.003518363492
-8.193788663
-10.79027955
6.510167969
38313.59861
49674.19256
45064.21922
40392.06384
36918.85578
34150.7444
31740.29802
29515.06834
27392.06209
25329.57484
23305.41608
21307.16537
19327.56604
17362.18867
15408.17498
13463.53768
11526.76385
9596.588998
7671.868846
5751.508281
3834.424826
1919.533062
5.740402694
-0.06996915658
-0.07212577866
-0.07428239911
-0.07643901954
-0.07859563997
-0.08075226039
-0.08290888081
-0.08506550122
-0.6818084819
-0.5769158007
-0.5189653652
-0.6167922945
-1.000894904
-4.263398139
-8.414357677
1888.76228
18722.13492
57393.66644
43286.01617
43746.10684
41086.17595
38058.65781
35243.47071
32675.49102
30292.2804
28035.09467
25863.07234
23749.83808
21678.58367
19638.45656
17622.2456
15624.95742
13642.95195
11673.41881
9714.058591
7762.88678
5818.111879
3878.059451
1941.124543
5.740402693
-0.06996915659
-0.07212577865
-0.0742823991
-0.07643901954
-0.07859563997
-0.08075226039
-0.08290888081
-0.08506550122
-0.6511971547
-0.6125138151
-0.6901736302
-0.810446448
-1.017482297
-0.1086824968
-4.233934428
25561.19982
47397.25552
56608.00692
49366.33888
45548.10848
42147.97203
38986.1865
36088.98427
33425.9102
30943.47467
28592.9723
26337.78668
24152.28511
22018.88585
19925.45121
17863.40674
15826.48612
13809.92109
11809.92468
9823.359985
7847.524374
5880.00592
3918.58589
1961.170512
5.740402693
-0.0699691566
-0.07212577865
-0.07428239909
-0.07643901953
-0.07859563996
-0.08075226038
-0.0829088808
-0.08506550121
-0.6608436947
-0.8687032534
-1.202893178
-1.608377034
-2.199397497
-2.288471285
-3.409932592
11061.27094
48873.22031
58369.63211
52038.87488
46931.93655
42971.38401
39649.12773
36700.35779
33995.68643
31462.73831
29055.53671
26742.82003
24502.63598
22319.23738
20181.07844
18079.47219
16007.68807
13960.34808
11933.02215
9921.952726
7923.862455
5935.81605
3955.118446
1979.237184
5.740402692
-0.06996915661
-0.07212577864
-0.07428239909
-0.07643901953
-0.07859563996
-0.08075226038
-0.08290888079
-0.08506550121
-0.5713875675
-0.9267994687
-1.45719597
-2.227416148
-3.239221559
-4.134032325
-3.662738626
238.4339491
49125.64138
67756.80927
53487.76098
47169.37716
43156.54628
39938.58793
37067.63156
34393.73906
31856.25488
29423.61584
27075.32173
24796.20769
22574.36475
20400.17711
18265.74364
16164.47308
14090.78509
12039.88444
10007.58593
7990.174809
5984.293208
3986.846729
1994.926198
5.740402692
-0.06996915662
-0.07212577863
-0.07428239908
-0.07643901952
-0.07859563995
-0.08075226037
-0.08290888079
-0.0850655012
-0.4210371894
-0.8248356845
-1.494416801
-2.566763231
-3.734779123
-4.90303904
-4.110443154
-2.333928607
26572.05613
45598.38511
46985.95013
45101.26282
42546.84513
39881.04198
37237.84351
34655.38393
32144.92249
29707.3459
27338.64132
25032.51326
22781.85257
20579.54634
18418.87974
16293.70047
14198.45555
12128.16281
10078.34947
8044.975353
6024.351693
4013.062029
2007.888008
5.740402692
-0.06996915663
-0.07212577863
-0.07428239908
-0.07643901952
-0.07859563995
-0.08075226037
-0.08290888078
-0.0850655012
-0.2367477605
-0.4311842166
-0.788906472
-1.481719407
-2.555991782
-3.97888577
-4.135733658
-0.0366489352
19127.79366
39556.60672
43758.0771
43702.89047
42048.53345
39800.89464
37347.31877
34845.0294
32360.70044
29922.19885
27539.38094
25213.35508
22941.00122
20717.30073
18536.55558
16393.01663
14281.19165
12195.97688
10132.68916
8087.042026
6055.092512
4033.175002
2017.831245
5.740402691
-0.06996915664
-0.07212577862
-0.07428239907
-0.07643901951
-0.07859563994
-0.08075226036
-0.08290888078
-0.08506550119
-0.09701093003
0.08112458879
0.2376396952
0.2779911878
-0.2581939974
-1.5984756
-3.78763967
6.313567234
33375.52261
44260.2341
44785.84606
43903.69825
42143.50823
39926.69645
37505.51456
35016.71676
32530.65148
30081.3671
27683.32692
25340.52837
23051.51062
20812.12318
18617.05075
16460.63998
14337.33288
12241.87637
10169.40144
8115.426262
6075.81701
4046.727372
2024.529258
5.740402691
-0.06996915665
-0.07212577862
-0.07428239907
-0.07643901951
-0.07859563994
-0.08075226036
-0.08290888077
-0.08506550119
-0.03251761333
0.4020479877
0.7163097842
1.196193988
0.1668296096
-2.402878258
-3.589915488
1008.28714
51557.58516
50364.83086
47219.77989
44982.55555
42695.122
40256.88829
37731.34193
35185.68123
32663.83096
30189.29688
27772.03292
25413.92401
23112.40077
20862.64982
18658.90578
16495.1774
14365.63605
12264.80438
10187.62518
8129.458306
6086.036608
4053.400781
2027.825201
5.740402691
-0.06996915666
-0.07212577861
-0.07428239906
-0.0764390195
-0.07859563993
-0.08075226035
-0.08290888077
-0.08506550118
-0.06213004944
0.4245981477
0.7423619471
1.13472183
0.3758702687
-1.600226064
-0.7842263502
12819.46367
51736.28261
50942.56058
48745.67333
46111.64627
43397.5543
40674.40389
37977.29922
35330.84634
32749.70838
30239.96913
27801.59095
25430.73895
23121.52742
20867.18385
18660.76124
16495.541
14365.23868
12264.08756
10186.84596
8128.75742
6085.483846
4053.02558
2027.636841
5.740402691
-0.06996915666
-0.0721257786
-0.07428239906
-0.0764390195
-0.07859563993
-0.08075226035
-0.08290888076
-0.08506550118
-0.1844261826
0.2099675009
0.4559341232
0.7032906351
0.394999618
-0.2801422092
19.45036027
42578.99539
52756.24188
54272.96899
50708.80985
47320.80585
44109.05555
41065.87647
38172.62054
35410.71362
32764.20676
30219.29993
27763.63678
25385.92185
23075.79386
20823.80693
18621.42503
16460.99508
14335.69572
12239.46641
10166.92123
8113.252249
6074.127884
4045.591287
2023.961828
5.740402691
-0.06996915667
-0.0721257786
-0.07428239905
-0.07643901949
-0.07859563992
-0.08075226034
-0.08290888076
-0.08506550117
-0.3565189115
-0.1297945427
0.01506061065
0.1139693581
0.07089064084
-0.917935387
2456.748754
55504.32738
54415.89159
57077.36364
52495.78738
48353.70079
44651.99088
41307.43286
38236.60469
35375.20068
32677.12667
30109.40872
27647.75155
25273.52849
22971.92653
20730.83201
18540.14339
16391.32303
14277.08538
12191.16427
10128.12621
8083.211577
6052.194709
4031.258902
2016.883531
5.74040269
-0.06996915668
-0.07212577859
-0.07428239904
-0.07643901949
-0.07859563992
-0.08075226034
-0.08290888075
-0.08506550117
-0.489897495
-0.4568055329
-0.3506653252
-0.2773990896
-0.224604173
-0.8026039362
6874.850103
56478.55582
55595.92667
59794.73551
53843.26603
48946.20871
44837.77683
41275.28322
38091.1846
35176.38527
32459.72006
29893.48435
27444.45346
25088.52706
22807.55942
20587.45675
18416.99756
16287.07034
14190.15932
12119.98083
10071.21242
8039.280844
6020.189458
4010.373674
2006.576837
5.74040269
-0.06996915668
-0.07212577859
-0.07428239904
-0.07643901948
-0.07859563991
-0.08075226033
-0.08290888075
-0.08506550116
-0.5653284373
-0.5885951998
-0.4041294327
-0.2603549363
-0.2655361481
0.09161499589
3167.109233
56656.30739
55791.29703
61619.00941
54136.31556
48750.09923
44477.63374
40864.76384
37676.49117
34779.46495
32091.91428
29560.38325
27148.07212
24828.57981
22582.33474
20394.44284
18253.32269
16149.80244
14076.50084
12027.38856
9997.465744
7982.516506
5978.91616
3983.475708
1993.312748
5.74040269
-0.06996915669
-0.07212577858
-0.07428239903
-0.07643901948
-0.07859563991
-0.08075226033
-0.08290888075
-0.08506550116
-0.5297397189
-0.3944840512
-0.1446857966
-0.2122939825
-0.4707906131
0.1670536124
6.903845461
32001.68663
54094.04204
58877.37533
52332.84336
47440.24316
43457.90825
40029.66113
36970.57202
34173.09422
31568.11629
29108.08812
26758.8913
24495.39719
22298.76407
20154.66202
18052.05089
15982.31701
13938.65348
11915.6084
9908.749368
7914.409171
5929.489368
3951.305282
1977.46036
5.74040269
-0.06996915669
-0.07212577858
-0.07428239903
-0.07643901947
-0.0785956399
-0.08075226033
-0.08290888074
-0.08506550115
-0.1961457262
-0.07713191721
0.2112287159
-0.1334064779
-0.6951978579
-0.6783985145
-1.690543571
2907.358005
50578.70318
53001.86526
48877.41252
45220.12964
41884.11378
38825.41509
36003.06647
33374.25053
30899.39588
28544.98616
26284.02544
24095.3647
21962.6698
19873.39583
17817.90559
15788.76334
13780.18928
11787.64487
9807.518592
7836.887156
5873.332512
3914.799864
1959.484845
5.74040269
-0.06996915669
-0.07212577857
-0.07428239903
-0.07643901947
-0.0785956399
-0.08075226032
-0.08290888074
-0.08506550115
0.1766263063
0.4965408835
0.7047455359
0.4323256288
-0.048249834
-0.2495767404
-7.036713142
10.26438422
44858.80624
45756.28081
44954.61873
42678.75689
40033.02722
37384.8333
34842.05099
32421.47014
30110.25534
27888.45687
25736.87543
23639.37744
21583.16317
19558.35285
17557.41748
15574.64527
13605.69902
11647.26766
9696.798618
7752.294457
5812.159059
3875.08052
1939.940358
5.74040269
-0.0699691567
-0.07212577857
-0.07428239902
-0.07643901946
-0.0785956399
-0.08075226032
-0.08290888073
-0.08506550115
0.493067341
1.204139427
1.458715469
1.277851133
0.4738739863
-1.200403169
-6.085004975
7.440483056
45664.54076
43255.81039
42505.9156
40507.25699
38184.42571
35838.85359
33558.8499
31359.34347
29231.71948
27161.7285
25135.65567
23142.11745
21172.26225
19219.44329
17278.77309
15346.70721
13420.69996
11498.93506
9580.121226
7663.340075
5747.934415
3833.426465
1919.457298
5.74040269
-0.0699691567
-0.07212577857
-0.07428239902
-0.07643901946
-0.07859563989
-0.08075226032
-0.08290888073
-0.08506550114
0.552079033
1.94895375
2.671788732
2.71827654
1.566112787
-0.4176074363
-2.200997601
1387.540741
55241.93355
44860.21848
41305.66615
38659.94661
36358.58442
34227.32339
32195.16392
30225.34853
28295.56564
26391.09481
24501.91214
22621.18471
20744.33511
18868.39423
16991.53284
15112.7189
13231.46766
11347.66126
9461.42096
7573.01878
5682.818513
3791.237676
1898.723867
5.74040269
-0.0699691567
-0.07212577856
-0.07428239902
-0.07643901946
-0.07859563989
-0.08075226031
-0.08290888073
-0.08506550114
0.1724598263
2.76327112
4.333290102
5.267980132
3.929644363
1.476703149
33.54529085
22132.32913
61179.18199
43212.82269
39196.46032
36468.31814
34362.65433
32516.70452
30769.14563
29051.3334
27334.11056
25605.18173
23859.7218
22096.38335
20315.50891
18518.27526
16706.25496
14881.17883
13044.80289
11198.83453
9344.895101
7484.506067
5619.090845
3749.98665
1878.462458
5.74040269
-0.0699691567
-0.07212577856
-0.07428239901
-0.07643901945
-0.07859563989
-0.08075226031
-0.08290888073
-0.08506550114
-0.4351515114
3.147606778
5.80807546
8.384711456
8.367984884
32.17061242
16039.08243
34496.25551
52551.38346
40150.91364
35799.00825
33654.2795
32107.01764
30707.70127
29313.38994
27876.73773
26384.3675
24835.80456
23235.41588
21589.12547
19903.05044
18182.95233
16434.04402
14660.95217
12867.74634
11057.99546
9234.834255
7401.032189
5559.061314
3711.161415
1859.401866
5.74040269
-0.06996915671
-0.07212577856
-0.07428239901
-0.07643901945
-0.07859563988
-0.08075226031
-0.08290888072
-0.08506550114
-0.8760714312
2.91662584
5.574677025
9.393347737
15.29193462
9663.751385
27343.82325
29887.54249
17587.04907
28164.47092
30194.39901
30242.78843
29703.43962
28893.6979
27899.9814
26757.86341
25490.81759
24118.2538
22657.01456
21121.65722
19524.62177
17876.44862
16186.02906
14460.85577
12707.25401
10930.58659
9135.432479
7325.741947
5504.971586
3676.202746
1842.246774
5.74040269
-0.06996915671
-0.07212577856
-0.07428239901
-0.07643901945
-0.07859563988
-0.08075226031
-0.08290888072
-0.08506550113
0.4978199573
1.937098197
1.333669818
4.907599126
24.55494112
23646.07794
25881.40236
30175.82628
22594.82249
24725.76748
26571.36074
27419.04466
27570.26193
27263.67794
26634.9791
25763.91557
24702.7815
23489.3755
22152.73094
20715.86912
19197.33557
17612.20003
15972.78167
14289.20672
12569.84955
10821.68717
9050.587784
7261.548339
5458.892649
3646.439216
1827.64625
5.740402691
-0.06996915671
-0.07212577855
-0.07428239901
-0.07643901945
-0.07859563988
-0.0807522603
-0.08290888072
-0.08506550113
2.160511702
16.24549597
6220.113485
19929.39713
7577.748535
4242.442103
5255.846396
5935.376502
17647.36967
21572.39094
23946.23598
25291.7757
25894.89759
25955.78221
25612.34261
24960.03258
24067.00978
22983.72977
21748.6611
20391.75206
18936.65457
17402.24305
15803.70624
14153.36111
12461.27492
10735.7497
8983.705668
7210.989329
5422.625025
3623.024136
1816.163225
5.740402691
-0.06996915671
-0.07212577855
-0.07428239901
-0.07643901945
-0.07859563988
-0.0807522603
-0.08290888072
-0.08506550113
96.12996461
11809.00045
27855.8363
29392.22265
18658.04
6521.93046
7736.83135
12563.59092
16810.18334
19970.20437
22349.42728
23906.94083
24761.7866
25052.21823
24898.57391
24396.85376
23621.48559
22629.86445
21466.42567
20165.82078
18755.29012
17256.42084
15686.45605
14059.27953
12386.16555
10676.35729
8937.519435
7176.097571
5397.608365
3606.878589
1808.24699
5.740402691
-0.06996915672
-0.07212577855
-0.07428239901
-0.07643901945
-0.07859563988
-0.0807522603
-0.08290888072
-0.08506550113
23720.22236
24871.25713
17121.11079
14518.26038
10222.97543
5120.972833
4929.891658
8192.670223
15901.68022
19148.81987
21574.34258
23224.79289
24193.10381
24592.73382
24532.87574
24107.31327
23392.20392
22447.80726
21321.34906
20049.812
18662.2672
17181.70476
15626.43579
14011.15937
12347.77721
10646.02093
8913.940929
7158.292628
5384.846899
3598.644583
1804.210659
5.740402691
-0.06996915672
-0.07212577855
-0.07428239901
-0.07643901945
-0.07859563988
-0.0807522603
-0.08290888072
-0.08506550113
)
;

boundaryField
{
    lowerWall
    {
        type            calculated;
        value           nonuniform List<scalar> 
80
(
-0.08614381155
-0.08614381155
-0.08614381155
-0.08614381155
-0.08614381155
-0.08614381155
-0.08614381155
-0.08614381155
-0.08614381155
-0.08614381154
-0.08614381154
-0.08614381154
-0.08614381154
-0.08614381154
-0.08614381154
-0.08614381154
-0.08614381154
-0.08614381154
-0.08614381154
-0.08614381153
-0.08614381153
-0.08614381153
-0.08614381153
-0.08614381153
-0.08614381153
-0.08614381153
-0.08614381152
-0.08614381152
-0.08614381152
-0.08614381152
-0.08614381152
-0.08614381151
-0.08614381151
-0.08614381151
-0.08614381151
-0.0861438115
-0.0861438115
-0.0861438115
-0.08614381149
-0.08614381149
-0.08614381149
-0.08614381148
-0.08614381148
-0.08614381148
-0.08614381147
-0.08614381147
-0.08614381146
-0.08614381146
-0.08614381146
-0.08614381145
-0.08614381145
-0.08614381144
-0.08614381144
-0.08614381143
-0.08614381143
-0.08614381142
-0.08614381142
-0.08614381141
-0.08614381141
-0.0861438114
-0.0861438114
-0.08614381139
-0.08614381139
-0.08614381138
-0.08614381138
-0.08614381137
-0.08614381137
-0.08614381136
-0.08614381136
-0.08614381136
-0.08614381135
-0.08614381135
-0.08614381135
-0.08614381134
-0.08614381134
-0.08614381134
-0.08614381134
-0.08614381134
-0.08614381134
-0.08614381134
)
;
    }
    atmosphere
    {
        type            calculated;
        value           nonuniform List<scalar> 
80
(
-0.03592778682
-0.3223271133
0
0
0
0
0
0
0
0
0
-0.5203832796
-2.845657068
-3.090254174
-2.333459407
-1.577531669
-1.054966374
-0.7437603884
-0.5492661482
-0.4003061624
-0.2796392029
-0.1888682928
-0.1278157659
-0.09081199081
-0.07066068382
-0.06071297808
-0.05440231581
-0.0485398134
-0.04404321978
-0.04024887075
-0.03926275221
-0.0388217275
-0.04489188699
-0.05100161199
-0.06305695395
-0.07116919946
-0.06851280943
-0.0519315564
-0.02591268805
-0.002967045401
0
0
0
0
0
-0.03169982184
-0.129428275
-0.252378423
-0.3771763396
-0.4960996679
-0.6025609103
-0.671386999
-0.7103809047
-0.7658532512
-0.6478156534
-0.7707421343
-0.7120901393
-0.6280925128
-0.4649579832
-0.2632337777
-0.1196265294
-0.08122442099
-0.120581156
-0.2279206937
-0.3903685687
-0.5442843705
-0.5840656515
-0.3763256261
-0.02137778182
0
0
0
-0.007361559811
-0.0908086721
-0.01865986485
0
0
0
0
0
)
;
    }
    rightWall
    {
        type            empty;
    }
    leftWall
    {
        type            empty;
    }
    frontAndBack
    {
        type            calculated;
        value           nonuniform List<scalar> 
80
(
0.1973588134
-4.825408176
1154.121599
-0.599488327
-4.663683305
-3.978336592
425.3318761
9014.478434
9152.454774
9189.235312
9145.538279
9017.990501
8813.987094
8546.773404
8229.708763
7873.784968
7487.214371
7075.862211
6643.875552
6194.24138
5729.203843
5250.549634
4759.793635
4258.29432
3747.32178
3228.096567
2701.812438
2169.650312
1632.786494
1092.396539
549.6561047
5.740402684
-0.06996915713
-0.07212577877
-0.07428239922
-0.07643901966
-0.07859564009
-0.08075226052
-0.08290888093
-0.08506550134
23720.22236
24871.25713
17121.11079
14518.26038
10222.97543
5120.972833
4929.891658
8192.670223
15901.68022
19148.81987
21574.34258
23224.79289
24193.10381
24592.73382
24532.87574
24107.31327
23392.20392
22447.80726
21321.34906
20049.812
18662.2672
17181.70476
15626.43579
14011.15937
12347.77721
10646.02093
8913.940929
7158.292628
5384.846899
3598.644583
1804.210659
5.740402691
-0.06996915672
-0.07212577855
-0.07428239901
-0.07643901945
-0.07859563988
-0.0807522603
-0.08290888072
-0.08506550113
)
;
    }
}


// ************************************************************************* //
