/*--------------------------------*- C++ -*----------------------------------*\
| =========                 |                                                 |
| \\      /  F ield         | OpenFOAM: The Open Source CFD Toolbox           |
|  \\    /   O peration     | Version:  2506                                  |
|   \\  /    A nd           | Website:  www.openfoam.com                      |
|    \\/     M anipulation  |                                                 |
\*---------------------------------------------------------------------------*/
FoamFile
{
    version     2.0;
    format      ascii;
    arch        "LSB;label=32;scalar=64";
    class       volScalarField;
    location    "0.009";
    object      p_rgh;
}
// * * * * * * * * * * * * * * * * * * * * * * * * * * * * * * * * * * * * * //

dimensions      [1 -1 -2 0 0 0 0];

internalField   nonuniform List<scalar> 
3200
(
0.1983715755
-4.822371182
1158.476413
-0.5923815815
-4.654446776
-3.966969445
439.2403027
9088.053434
9235.839745
9282.430312
9248.543279
9130.805501
8936.612094
8679.208404
8371.953763
8025.839968
7649.079371
7247.537211
6825.360552
6385.53638
5930.308843
5461.464634
4980.518635
4488.82932
3987.66678
3478.251567
2961.777438
2439.425312
1912.371494
1381.791539
848.8611047
314.7554026
0.0001211434232
0.0001210066795
0.0001210061944
0.0001210057756
0.0001210054295
0.000121005162
0.0001210049785
0.0001210048844
0.05727142975
-4.612375275
-3.449358394
-5.364939824
-9.595476587
-13.14033571
398.5854041
9516.513399
9337.042168
9362.899638
9332.388668
9207.258002
8999.812304
8729.052703
8410.805941
8056.475968
7673.846453
7268.157354
6842.996461
6400.930372
5943.916283
5473.556748
4991.252933
4498.29467
3995.911503
3485.300881
2967.644074
2444.115584
1915.888421
1384.136293
850.0337453
314.7554026
0.0001211439665
0.0001210066799
0.0001210061945
0.0001210057756
0.0001210054295
0.0001210051621
0.0001210049786
0.0001210048845
0.1655828287
-0.3993133237
-0.4012165766
-9.055868332
-18.81197357
-29.88128434
2282.233233
7587.775193
9232.885849
9499.733236
9510.839109
9366.013751
9126.311776
8826.367446
8485.720113
8115.388178
7721.650619
7308.229706
6877.520732
6431.25711
5970.853936
5497.576869
5012.624046
4517.165964
4012.363798
3499.376766
2979.365018
2453.491282
1922.921918
1388.827057
852.3797995
314.7554026
0.0001211445624
0.0001210066806
0.0001210061949
0.000121005776
0.0001210054298
0.0001210051623
0.0001210049788
0.0001210048846
-0.01470900803
1.776449681
6.770592759
4.708160852
-4.785602329
6321.039987
4239.735012
7250.76648
9458.645303
9892.300481
9845.20749
9619.630161
9313.036935
8964.369667
8590.303469
8197.69148
7789.12451
7365.577217
6927.587138
6475.710339
6010.649658
5533.25322
5044.479011
4545.361018
4036.983639
3520.463408
2996.936969
2467.554228
1933.474823
1395.86595
855.9004727
314.7554026
0.000121145496
0.0001210066813
0.0001210061955
0.0001210057764
0.0001210054302
0.0001210051627
0.0001210049791
0.0001210048849
-2.835808925
-10.67853193
19.92791228
47.69749806
8.617600203
15166.73031
12107.71115
11399.60551
11364.73836
10765.6065
10358.05118
9954.245831
9541.817675
9127.756359
8713.422434
8295.940821
7871.569205
7437.356249
6991.52782
6533.334853
6062.76679
5580.289699
5086.658109
4582.796824
4069.730869
3548.544236
3020.355851
2486.306358
1947.551239
1405.256946
860.5981411
314.7554026
0.0001211466239
0.000121006682
0.000121006196
0.0001210057769
0.0001210054307
0.0001210051631
0.0001210049795
0.0001210048852
5137.776602
6817.294513
7472.148223
32191.43471
5477.038065
23255.3505
31693.99963
15550.75702
12060.48394
11447.32722
10867.13485
10297.46928
9772.217304
9291.402163
8839.677879
8401.069458
7963.845094
7520.739619
7067.821684
6603.325152
6126.784015
5638.468932
5139.051964
4629.421562
4110.584736
3583.615369
3049.626631
2509.756535
1965.160587
1417.007671
866.4770338
314.7554026
0.0001211479879
0.0001210066825
0.0001210061966
0.0001210057774
0.0001210054312
0.0001210051636
0.00012100498
0.0001210048857
2.090963609
5.610455089
110.0384003
1241.496694
1793.713812
19909.83563
8545.121179
7142.558699
11686.73979
12096.0683
11365.6875
10596.26653
9958.168103
9425.94478
8952.805769
8504.802073
8061.991126
7613.922987
7155.681553
6685.351288
6202.569207
5707.742629
5201.648379
4685.239803
4159.558593
3625.69504
3084.769712
2537.924889
1986.320414
1431.13107
873.543991
314.7554026
0.0001211495909
0.0001210066829
0.0001210061971
0.000121005778
0.0001210054317
0.0001210051641
0.0001210049806
0.0001210048863
5.379610217
3.745204273
0.4273241348
2.645862999
225.4227015
12921.26306
20915.49534
23092.42221
17500.32961
13884.50486
11903.28618
10763.73471
10038.23416
9501.391384
9040.785288
8603.32873
8165.383341
7717.265088
7255.61381
6779.81678
6290.390898
5788.276488
5274.549342
4750.319134
4216.703386
3674.826429
3125.823672
2570.845349
2011.058489
1447.646902
881.8092535
314.7554026
0.0001211514166
0.0001210066834
0.0001210061976
0.0001210057785
0.0001210054323
0.0001210051647
0.0001210049812
0.000121004887
0.7906895085
0.9244146578
0.7745652319
1.697535179
-0.07515273556
-0.2611588757
10843.74748
25445.35523
18881.91292
14038.59348
11599.20869
10517.14015
9929.631227
9500.589902
9105.60215
8702.331352
8278.940776
7834.127428
7369.674726
6887.896541
6390.890831
5880.4141
5357.943218
4824.772902
4282.098769
3731.074327
3172.845116
2608.567017
2039.414604
1466.583282
891.2873609
314.7554027
0.0001211534434
0.0001210066839
0.0001210061981
0.0001210057791
0.0001210054329
0.0001210051653
0.0001210049818
0.0001210048876
-1.482523888
-0.1978496739
0.9829095121
2.237393689
0.9535342633
1.708449586
203.6028884
5580.585418
8419.964895
10605.23532
9937.811274
9775.976263
9662.549168
9465.725062
9178.691351
8821.443772
8413.91918
7970.622495
7501.048943
7011.192342
6504.853054
5984.537723
5452.027212
4908.720412
4355.834904
3794.518573
3225.907916
2651.155898
2071.442974
1487.97876
901.9983385
314.7554027
0.0001211556478
0.0001210066844
0.0001210061987
0.0001210057797
0.0001210054335
0.000121005166
0.0001210049825
0.0001210048883
-3.574022427
-2.206386759
-1.003091815
1.133571635
1.762927502
2.595034346
1.548422738
4933.218311
14746.74971
7052.440909
7646.819018
8986.402046
9478.857042
9521.064374
9321.985309
8990.825628
8584.668291
8133.388839
7652.69615
7150.961406
6632.783944
6100.849323
5556.899145
5002.237633
4437.993278
3865.249387
3285.104866
2698.698719
2107.21615
1511.885332
913.9693223
314.7554027
0.0001211580039
0.000121006685
0.0001210061994
0.0001210057804
0.0001210054342
0.0001210051667
0.0001210049833
0.0001210048891
-4.636120234
-3.232159588
-3.002283335
-0.8027805151
0.9585266678
2.030816005
-2.42888853
6038.067717
13035.10156
14351.59051
6915.506608
9043.953178
9745.408059
9817.686918
9597.343054
9235.193646
8800.529485
8325.554548
7825.37061
7307.161532
6774.463399
6229.168599
5672.47391
5105.328884
4528.642775
3943.373004
3350.555964
2751.310802
2146.831284
1538.372684
927.2366721
314.7554027
0.0001211604846
0.0001210066857
0.0001210062001
0.0001210057812
0.000121005435
0.0001210051675
0.0001210049841
0.0001210048899
-3.871056298
-3.494510982
-3.052783303
-1.637523414
0.2231613903
1.310063704
-3.703963832
945.4756711
21743.09153
8045.103994
9780.118542
10528.4881
10641.12395
10406.92582
10014.48365
9552.068536
9056.696144
8542.918749
8016.057635
7477.839921
6928.730557
6368.878963
5798.489618
5217.951625
4627.866649
4029.034979
3422.426577
2809.149292
2190.419114
1567.533665
941.8485046
314.7554027
0.0001211630639
0.0001210066864
0.0001210062009
0.000121005782
0.0001210054359
0.0001210051684
0.0001210049849
0.0001210048907
-2.646924702
-2.095297471
-1.42974781
-0.6292229786
0.1630874378
-1.047440831
-5.962090906
383.0555139
20909.1114
7875.818926
13035.86622
12648.74688
11883.67108
11154.41377
10501.59335
9901.89821
9331.262005
8773.356132
8218.089659
7659.399655
7093.730397
6519.117052
5934.643176
5340.110264
4735.826237
4122.462857
3500.955561
2872.431236
2238.155106
1599.490565
957.8674312
314.7554027
0.0001211657143
0.0001210066872
0.0001210062017
0.0001210057829
0.0001210054367
0.0001210051693
0.0001210049858
0.0001210048917
-1.65946643
-0.5824451828
0.4114831623
1.121872417
1.303074103
-2.02877468
-10.41934354
9043.174099
22205.68106
24646.18052
18773.7661
15146.96187
13090.39829
11825.4424
10935.56517
10222.6618
9593.088307
9001.142366
8423.533659
7847.928123
7267.663856
6679.204321
6080.843529
5472.00734
4852.852363
4224.02177
3586.488979
2941.453731
2290.271054
1634.401257
975.3731376
314.7554027
0.0001211684089
0.000121006688
0.0001210062026
0.0001210057838
0.0001210054377
0.0001210051702
0.0001210049868
0.0001210048926
-0.9143678949
0.3445910009
1.564449318
2.596711017
3.317135221
1.79226011
-2.005375448
12565.73427
21435.94847
24695.22644
22247.41201
16074.94353
13505.5173
12121.38579
11192.55902
10460.09023
9817.278078
9214.580409
8626.96373
8041.104896
7449.781587
6849.180757
6237.50624
5614.209604
4979.540199
4334.268806
3679.511028
3016.611121
2347.064258
1672.463742
994.4642371
314.7554027
0.0001211711239
0.0001210066889
0.0001210062036
0.0001210057848
0.0001210054387
0.0001210051713
0.0001210049878
0.0001210048937
-0.4392724718
0.8065051916
2.05918399
3.260366042
4.377837448
4.866666515
6.974615935
17.05441422
416.4639735
7858.019294
12856.282
13399.75304
12735.3415
11962.0191
11253.19111
10607.85602
10001.34462
9412.927751
8828.626273
8239.736149
7641.165917
7030.218852
6405.778099
5767.771031
5116.816137
4453.988381
3780.661773
3098.403116
2408.900702
1713.917131
1015.258561
314.7554027
0.000121173836
0.0001210066898
0.0001210062046
0.0001210057858
0.0001210054398
0.0001210051723
0.0001210049889
0.0001210048948
-0.1712472449
0.9813479527
2.134905836
3.25717008
4.32868545
5.264526091
6.468120352
6.627513265
4.413194827
579.370128
10412.08313
11931.52131
12074.07311
11738.15474
11250.32607
10716.79161
10167.30847
9607.151173
9034.868693
8448.037948
7844.916427
7224.738976
6587.603686
5934.266989
5265.951569
4584.194111
3890.732921
3187.428315
2476.208774
1759.037002
1037.890849
314.7554027
0.0001211765244
0.0001210066907
0.0001210062056
0.0001210057869
0.0001210054409
0.0001210051735
0.0001210049901
0.0001210048959
-0.01104406847
1.048974067
2.093917893
3.107580775
4.080143139
4.97515801
5.742343306
6.023257257
4.924665048
453.9643952
11347.27397
11839.98774
11891.27303
11666.19812
11293.16221
10841.66956
10343.93911
9813.492003
9255.650957
8672.620995
8065.712223
7436.205399
6785.618124
6115.728173
5428.515607
4726.091638
4010.63772
3284.360325
2549.461487
1808.123702
1062.506981
314.7554027
0.0001211791695
0.0001210066917
0.0001210062067
0.0001210057881
0.0001210054421
0.0001210051747
0.0001210049913
0.0001210048971
0.100735214
1.07783723
2.03520452
2.958113544
3.8455487
4.602689021
5.284223611
5.932541651
5.639436018
512.5687715
12689.64073
12190.61363
11984.83144
11742.19948
11414.4501
11012.77917
10553.27959
10047.21931
9501.613631
8921.072983
8309.09507
7668.740563
7002.922458
6314.497818
5606.276697
4881.006745
4141.356903
3389.907298
2629.147427
1861.483494
1089.254581
314.7554027
0.0001211817561
0.0001210066928
0.0001210062079
0.0001210057893
0.0001210054433
0.000121005176
0.0001210049926
0.0001210048984
0.1795072228
1.077250434
1.961173355
2.815223095
3.666964169
4.327594268
5.003944003
5.61433581
4.852876484
277.788667
12336.24094
12250.51611
12115.23751
11903.31477
11609.65478
11241.71177
10809.17435
10320.48483
9782.503045
9200.952523
8580.843647
7926.728106
7242.821286
6533.050158
5801.071906
5050.288644
4283.866371
3504.758387
2715.732678
1919.403953
1118.270772
314.7554027
0.0001211842703
0.0001210066939
0.0001210062091
0.0001210057906
0.0001210054446
0.0001210051773
0.0001210049939
0.0001210048998
0.2267408191
1.04557713
1.860771608
2.649501885
3.503357773
4.05810545
4.839272822
5.281363439
2.947517765
230.9262842
12126.43266
12362.56802
12322.28543
12146.16388
11879.13843
11535.23422
11121.21607
10643.03679
10106.95459
9519.382175
8886.589289
8214.497455
7508.574945
6773.798619
6014.659477
5235.197388
4439.052182
3629.520965
2809.616459
1982.125516
1149.668213
314.7554027
0.0001211867004
0.000121006695
0.0001210062104
0.0001210057919
0.000121005446
0.0001210051787
0.0001210049954
0.0001210049012
0.2448879254
0.9842171613
1.729461362
2.443481589
3.290395419
3.808114667
4.712250414
3.793687002
2.950092765
409.8134384
12523.73006
12751.05479
12665.17036
12479.91424
12225.49806
11898.8675
11497.41542
11023.48789
10482.89229
9883.026212
9231.625702
8536.089657
7803.175847
7038.902981
6248.561549
5436.780244
4607.616308
3764.65116
2911.082465
2049.810635
1183.52025
314.7554027
0.0001211890384
0.0001210066963
0.0001210062117
0.0001210057933
0.0001210054475
0.0001210051802
0.0001210049969
0.0001210049027
0.2401678307
0.8980347134
1.56321833
2.19390246
2.923045419
3.551128299
4.286674563
2.97929635
5.919733151
4059.214399
14190.29249
13451.32442
13107.42579
12882.82301
12644.07047
12337.32066
11946.08814
11470.60474
10918.09851
10298.20013
9620.789617
8895.051404
8129.129855
7330.071436
6503.898774
5655.740388
4789.976466
3910.380428
3020.247876
2122.511799
1219.845631
314.7554027
0.0001211912767
0.0001210066975
0.0001210062131
0.0001210057948
0.000121005449
0.0001210051817
0.0001210049984
0.0001210049043
0.2206336236
0.7965281837
1.371164092
1.908097845
2.454861286
2.822939677
2.823174673
1.704880785
4.82405576
5501.959184
15095.17806
13752.82098
13430.38467
13299.88064
13130.639
12860.2553
12479.00965
11994.74219
11420.69627
10770.8832
10058.27349
9294.18731
8488.213822
7648.350036
6781.219012
5892.303491
4986.165892
4066.64308
3137.013667
2200.140666
1258.593758
314.7554027
0.0001211934121
0.0001210066988
0.0001210062146
0.0001210057964
0.0001210054506
0.0001210051834
0.0001210050001
0.000121004906
0.1947065136
0.6948929466
1.184226582
1.630125731
2.039132567
2.226819123
2.007120216
1.398911814
2.175914597
1477.991114
11766.7859
13032.03019
13561.41055
13755.67432
13718.34755
13494.04993
13114.94965
12608.65525
11999.06256
11306.36375
10547.23003
9735.204185
8881.182821
7993.893225
7080.323151
6146.088763
5195.740148
4233.010896
3261.020827
2282.441379
1299.632046
314.7554027
0.0001211954411
0.0001210067003
0.0001210062162
0.000121005798
0.0001210054523
0.0001210051851
0.0001210050018
0.0001210049077
0.170639387
0.6131645641
1.052498686
1.479308101
1.888002379
2.236390884
2.471233263
2.687394696
2.795970657
1315.250398
11067.50071
13048.17336
14027.55115
14443.05568
14493.02344
14282.64467
13878.07825
13325.86195
12660.53717
11908.28355
11089.08004
10218.21548
9307.418765
8365.717058
7400.093508
6415.99096
5417.697138
4408.640074
3391.616496
2368.970665
1342.73675
314.7554027
0.0001211973617
0.0001210067018
0.0001210062179
0.0001210057998
0.0001210054541
0.0001210051869
0.0001210050037
0.0001210049096
0.1478800235
0.5393931228
0.9341462672
1.33063011
1.729660283
2.126635988
2.445377917
2.983004961
2.864888341
2481.749893
12394.42068
14067.17569
15057.56252
15495.97014
15528.04106
15265.42375
14788.84602
14156.1652
13408.93597
12577.15282
11682.59058
10741.15839
9764.559534
8761.463699
7738.345479
6700.088155
5650.420829
4592.237757
3527.834809
2459.087631
1387.588573
314.7554027
0.000121199173
0.0001210067034
0.0001210062197
0.0001210058017
0.000121005456
0.0001210051889
0.0001210050056
0.0001210049115
0.1221464296
0.4586057181
0.8068129756
1.174466921
1.568812526
2.014655681
2.312882729
2.994564464
2.568480926
5037.648452
14164.19884
15769.61323
16639.55034
16955.21724
16857.74094
16462.15821
15855.69965
15100.99564
14241.87436
13308.79321
12322.96657
11299.26658
10248.19743
9177.233846
8091.73901
6995.599016
5891.664077
4782.05807
3668.398698
2551.956912
1433.774733
314.7554027
0.000121200874
0.0001210067051
0.0001210062215
0.0001210058036
0.000121005458
0.0001210051909
0.0001210050077
0.0001210049136
0.0938773853
0.370715016
0.6681935606
1.000131655
1.388413978
1.896028798
2.241272479
3.237657975
2.722512298
9968.298524
17068.37033
18208.26337
18775.80599
18827.60257
18485.54539
17869.76853
17070.78777
16150.22856
15148.76168
14093.17142
13001.21227
11884.74467
10751.73246
9607.538372
8455.781315
7298.909122
6138.582814
4975.935372
3811.747413
2646.567988
1480.798895
314.7554027
0.0001212024632
0.0001210067069
0.0001210062235
0.0001210058057
0.0001210054601
0.000121005193
0.0001210050098
0.0001210049157
0.05027318088
0.2471836941
0.4727512553
0.7598113113
1.149617186
1.711754925
2.463035785
3.608649451
8.575623645
18452.79068
20667.38818
21219.64229
21427.80732
21093.83555
20387.08397
19460.59899
18407.45224
17280.35807
16109.76353
14913.91035
13703.96331
12486.76961
11266.454
10045.4109
8824.943822
7605.678659
6387.828009
5171.357876
3956.091222
2741.771265
1528.099104
314.7554027
0.0001212039387
0.0001210067089
0.0001210062257
0.0001210058079
0.0001210054623
0.0001210051952
0.000121005012
0.000121004918
0.001432490548
0.1010961386
0.2274311808
0.4169111524
0.6929792985
1.140754625
1.788297086
3.639100523
1848.280186
22863.01252
22567.22902
24575.15484
24621.95024
23732.84049
22508.35405
21178.09239
19818.05926
18453.97696
17096.01464
15748.7318
14413.95512
13091.91659
11781.90601
10482.71124
9192.908774
7911.038648
6635.698057
5365.5821
4099.49282
2836.330198
1575.073181
314.7554027
0.0001212052974
0.000121006711
0.0001210062279
0.0001210058102
0.0001210054646
0.0001210051976
0.0001210050144
0.0001210049204
-0.06154170949
-0.08289254309
-0.08634947691
-0.02706185601
0.2663603003
0.1130952492
2.19784054
59.45355866
17711.1351
25627.3964
25766.16209
29891.82105
28751.95425
26707.19153
24735.39834
22925.35597
21232.70576
19621.46252
18071.5744
16571.03358
15111.20022
13685.03296
12286.54275
10910.62133
9552.944411
8209.873157
6878.348338
5555.784783
4239.972548
2928.987418
1621.110544
314.7554027
0.0001212065343
0.0001210067133
0.0001210062303
0.0001210058126
0.0001210054671
0.0001210052001
0.0001210050169
0.0001210049228
-0.1299138575
-0.2914762402
-0.4740373115
-0.6734984779
-0.891089617
-1.30063971
-1.588854202
3243.492619
32550.80334
26439.69597
27758.50514
40484.43976
33786.86598
29608.56342
26800.68101
24555.22207
22565.93412
20727.58296
18997.77502
17352.61926
15774.77591
14250.47214
12768.6116
11320.28839
9898.376659
8497.164565
7112.041637
5739.240909
4375.629776
3018.540163
1665.628327
314.7554027
0.000121207644
0.0001210067157
0.0001210062328
0.0001210058152
0.0001210054697
0.0001210052026
0.0001210050195
0.0001210049254
-0.1979105288
-0.4972031248
-0.8673043503
-1.371571465
-2.127342245
-3.54728782
-7.112722581
799.8488877
27971.87739
24246.15194
24971.84707
36609.28859
36300.93701
31139.48119
28303.54037
25928.91815
23748.21917
21725.16179
19839.31493
18066.88466
16384.80954
14773.46816
13217.14364
11703.54482
10223.11085
8768.369461
7333.416364
5913.511594
4504.769527
3103.918325
1708.108605
314.7554027
0.0001212086189
0.0001210067182
0.0001210062355
0.0001210058179
0.0001210054724
0.0001210052054
0.0001210050222
0.0001210049282
-0.2432123588
-0.6322019969
-1.123053313
-1.802295316
-2.832108972
-4.791151229
-8.121624572
-18.84986896
1.684359955
6.074694445
-11.48575583
10303.81664
25753.62677
30344.99273
29345.08956
27108.6959
24772.85445
22585.52273
20567.42912
18690.79008
16924.10994
15241.44917
13622.95123
12053.63727
10522.15377
9019.788246
7539.745777
6076.62305
4626.021741
3184.257419
1748.13307
314.7554027
0.0001212094512
0.0001210067209
0.0001210062383
0.0001210058207
0.0001210054752
0.0001210052082
0.000121005025
0.000121004931
-0.2557351921
-0.679668936
-1.21027936
-1.905590538
-2.841738985
-4.071858348
-5.174933636
-5.081976813
-2.541539969
2.136365529
-2.99118165
12029.23726
35719.3713
35140.81187
31623.13595
28387.915
25648.98636
23276.64441
21154.08425
19204.73552
17379.39398
15645.27107
13979.57753
12365.90101
10792.08024
9248.885846
7729.157812
6227.215822
4738.439602
3258.958324
1785.411314
314.7554027
0.0001212101311
0.0001210067238
0.0001210062412
0.0001210058237
0.0001210054782
0.0001210052111
0.000121005028
0.0001210049339
-0.2256765538
-0.6293761281
-1.142952885
-1.80202325
-2.610846928
-3.519572095
-4.187610253
-4.466824858
-3.290523741
-1.469034228
-1.252272854
9234.893215
41095.6316
42555.04987
33618.71098
29170.83767
26158.53125
23717.98022
21567.5239
19594.67397
17743.46312
15980.66803
14284.19036
12638.31156
11031.38221
9454.518579
7900.785333
6364.644707
4841.564581
3327.72655
1819.799347
314.7554027
0.0001212106487
0.0001210067268
0.0001210062443
0.0001210058268
0.0001210054812
0.0001210052142
0.0001210050311
0.000121004937
-0.1584280075
-0.4982050913
-0.9695922981
-1.616322359
-2.419510792
-3.262702442
-3.829730861
-3.864672499
-2.96328969
-2.062816815
-1.498644591
-2.113913135
23654.86594
33757.29375
31125.65706
28518.19074
26096.32176
23869.22075
21803.35655
19862.97564
18019.12147
16249.75312
14538.20911
12871.77619
11240.62055
9637.021677
8054.820421
6489.013744
4935.448939
3390.58577
1851.305947
314.7554027
0.0001212109927
0.00012100673
0.0001210062475
0.00012100583
0.0001210054844
0.0001210052174
0.0001210050342
0.0001210049402
-0.06241284445
-0.2898294477
-0.711738153
-1.401680983
-2.396209973
-3.422649522
-4.021902746
-4.071962831
-3.953425756
-2.559669379
-3.067080715
-8.233140386
10309.00023
25266.4938
28609.58757
27679.94409
25839.34809
23859.22736
21913.70909
20034.75484
18220.29918
16461.01924
14747.12172
13069.96735
11422.30381
9798.126414
8192.458966
6601.139649
5020.632213
3447.863758
1880.086024
314.7554027
0.0001212111539
0.0001210067332
0.0001210062508
0.0001210058333
0.0001210054877
0.0001210052207
0.0001210050375
0.0001210049435
0.04691167998
0.0005633970606
-0.2963403589
-1.011071317
-2.474736219
-3.819037388
-4.629783631
-4.785484256
-5.514248537
-2.81137916
-2.001803957
2537.427449
33146.74331
36054.28234
30367.4948
27752.64836
25721.90327
23814.63457
21957.50168
20142.04162
18366.30802
16626.9096
14919.2973
13238.67231
11580.50243
9940.718905
8315.744944
6702.450045
5098.075715
3500.1531
1906.422102
314.7554027
0.0001212111235
0.0001210067366
0.0001210062543
0.0001210058367
0.0001210054911
0.0001210052241
0.0001210050409
0.0001210049469
0.1471852553
0.3733759136
0.3142284217
-0.5894185169
-2.380438677
-3.645979739
-4.047777372
-4.868122843
-12.63905191
-5.540173137
-0.7017660831
2216.411615
33582.57604
31131.44327
29053.47411
27241.25295
25480.9913
23719.9145
21959.62924
20209.61025
18475.99011
16761.02214
15064.49352
13384.92836
11720.31689
10068.49893
8427.345751
6794.834313
5169.06539
3548.252474
1930.696582
314.7554027
0.0001212108944
0.0001210067401
0.0001210062578
0.0001210058402
0.0001210054947
0.0001210052276
0.0001210050444
0.0001210049504
0.2152602255
0.4671109526
0.5242171017
0.00128151152
-1.594699642
-3.658119197
-5.255027888
-5.922742742
-17.27751493
-5.323839795
0.5099844576
1228.75806
30309.79291
25723.66003
27473.60421
26677.91404
25240.90083
23624.41024
21951.49905
20260.78898
18567.02906
16876.70466
15192.7355
13516.23832
11847.34122
10185.61198
8530.298742
6880.47005
5235.096449
3593.096062
1953.358271
314.7554027
0.0001212104636
0.0001210067437
0.0001210062614
0.0001210058439
0.0001210054983
0.0001210052312
0.0001210050481
0.000121004954
0.2834755257
0.6233336188
0.8233706106
0.8812702599
1.567625595
4.445818325
6.377408392
14.19225812
3032.410877
36701.3079
21693.4288
21758.30761
32487.93725
31050.76681
28439.47499
26755.92401
25180.29849
23585.33717
21961.1782
20315.02713
18654.64186
16986.04143
15313.51435
13639.95532
11967.20136
10296.30802
8627.76268
6961.64605
5297.752533
3635.678442
1974.88648
314.7554027
0.0001212098319
0.0001210067474
0.0001210062652
0.0001210058476
0.000121005502
0.0001210052349
0.0001210050518
0.0001210049577
0.2451873045
0.4318461513
0.2690452667
-0.1845247035
-0.5380637974
-0.8750707507
-1.050090345
-4.797359403
-16.88212227
8105.758327
8401.990263
21262.09884
32317.13373
30758.23995
28477.50431
26726.02274
25139.0427
23575.47364
21992.86048
20383.50922
18750.47978
17099.31388
15435.3315
13762.87093
12085.20225
10404.65497
8722.795168
7040.596651
5358.589304
3676.980887
1995.755419
314.7554027
0.0001212090051
0.0001210067512
0.000121006269
0.0001210058515
0.0001210055058
0.0001210052388
0.0001210050556
0.0001210049615
0.152198849
0.3205477914
0.2867523783
0.1070104914
-0.01990144263
0.2830130295
0.2375292312
-0.435559599
-2.970324895
21.36533466
2677.426963
23227.82251
30744.47204
29456.40215
27986.24268
26531.6358
25074.38843
23584.66686
22051.29216
20475.68072
18864.46693
17225.4129
15565.63056
13890.99335
12206.07864
10514.31149
8818.164292
7119.355781
5419.029123
3717.903509
2016.400997
314.7554027
0.0001212079907
0.0001210067551
0.000121006273
0.0001210058554
0.0001210055098
0.0001210052427
0.0001210050595
0.0001210049655
0.03140503654
0.2275381531
0.3032810951
0.2589436815
0.1194895912
-0.04245007821
-0.5267036231
-0.04656139269
-1.162337612
11.81570213
7416.839664
27959.16322
28626.92454
28337.02248
27479.42216
26339.90103
25042.2226
23637.52638
22151.97335
20603.4702
19006.31363
17372.25534
15710.78918
14029.3895
12333.80104
10628.34304
8916.192592
7199.633865
5480.270952
3759.206559
2037.191847
314.7554027
0.0001212068021
0.0001210067591
0.000121006277
0.0001210058595
0.0001210055138
0.0001210052468
0.0001210050636
0.0001210049695
-0.09034242318
0.1420295635
0.284288951
0.3407788862
0.3090339461
0.2479419947
0.009047349886
0.004626545226
-0.4748152074
4.068678855
9550.46917
25170.15393
27478.65406
27785.32278
27254.53163
26306.33659
25117.08827
23771.25554
22315.61843
20779.93323
19185.08857
17546.52805
15875.89124
14181.97322
12471.38744
10749.06261
9018.627907
7282.717863
5543.2177
3801.463162
2058.406009
314.7554027
0.0001212054547
0.0001210067633
0.0001210062812
0.0001210058636
0.000121005518
0.0001210052509
0.0001210050677
0.0001210049737
-0.2031485202
0.07409722244
0.2828163331
0.4375087896
0.5379671787
0.6616288639
0.7318837827
1.493690174
1.503616626
2.428780432
15234.64525
28391.11743
28333.11141
28071.08706
27447.05493
26513.83604
25348.54831
24014.7996
22559.3216
21015.57337
19407.60608
17752.90228
16064.289
14351.22856
12620.71184
10877.89121
9126.539922
7369.395189
5608.422476
3845.024896
2080.214158
314.7554027
0.0001212039671
0.0001210067675
0.0001210062855
0.0001210058679
0.0001210055223
0.0001210052552
0.000121005072
0.0001210049779
-0.3032289542
0.0269642009
0.3105698345
0.5640543543
0.768745998
0.9920626681
0.95348232
1.561757848
0.6480862804
0.6673021618
19389.6522
30567.20688
29392.19067
28718.86452
27948.77198
26953.4097
25748.47428
24380.08048
22891.29787
21315.43974
19676.87689
17993.20566
16277.14833
14537.94784
12782.34438
11015.25462
9240.250493
7459.905796
5676.056203
3890.001621
2102.669965
314.7554027
0.0001212023585
0.0001210067719
0.0001210062899
0.0001210058723
0.0001210055267
0.0001210052596
0.0001210050764
0.0001210049823
-0.3930872556
-0.02009910776
0.3273371576
0.6719808013
0.9792354675
1.3532124
1.237199782
1.965533655
0.336889057
-1.161191019
19070.34654
30368.96891
29949.83853
29463.41218
28675.76217
27602.56039
26311.86622
24865.7611
23310.35308
21678.01257
19991.26401
18265.90796
16513.16348
14741.08054
12955.47242
11160.54165
9359.310772
7553.929026
5745.899823
3936.257048
2125.708114
314.7554027
0.000121200649
0.0001210067764
0.0001210062945
0.0001210058769
0.0001210055312
0.0001210052641
0.0001210050809
0.0001210049868
-0.4668420807
-0.1115680617
0.2048032752
0.5399412239
0.8888950934
1.378173799
1.331473678
2.165525307
0.09204272282
-4.840285796
18975.59438
29415.02058
30574.92929
30509.18717
29688.30945
28469.2147
27030.69363
25460.7703
23806.35449
22094.99911
20344.26558
18566.01008
16768.531
14957.7528
13137.93746
11312.1429
9482.534839
7650.609903
5817.363176
3983.420799
2149.150159
314.7554027
0.0001211988584
0.0001210067811
0.0001210062992
0.0001210058816
0.0001210055359
0.0001210052687
0.0001210050855
0.0001210049914
-0.4654863487
0.02538714134
0.5409642286
1.086248465
1.572800259
1.924061095
1.219718691
1.30810475
0.04209474782
-16.55671257
21293.22893
28197.22078
32425.7351
32310.10736
31099.08382
29555.30483
27880.95281
26140.30543
24359.31587
22551.37327
20724.79761
18885.34875
17037.21477
15183.48115
13326.40081
11467.57573
9608.091719
7748.624878
5889.529817
4030.916214
2172.717763
314.7554027
0.0001211970058
0.000121006786
0.000121006304
0.0001210058864
0.0001210055406
0.0001210052734
0.0001210050902
0.0001210049961
-0.6148196571
-0.3511077993
-0.1282348338
0.09835381028
0.5381868072
0.2045615148
0.1225010213
2.590429831
6.186515951
26.99933804
45536.49231
46339.41349
38621.67929
35206.42746
32842.61827
30771.95462
28797.51209
26860.19752
24939.23874
23026.38303
21118.20805
19213.38543
17311.5177
15412.57875
13516.63141
11623.68824
9733.649242
7846.281832
5961.224032
4078.001434
2196.052167
314.7554027
0.0001211951095
0.000121006791
0.000121006309
0.0001210058913
0.0001210055455
0.0001210052783
0.000121005095
0.0001210050009
-0.4559030158
0.02664858117
0.6478740727
1.383476949
2.93563734
0.01376198746
-8.181635363
-10.77622421
6.5758789
38380.96195
49777.19756
45177.03422
40514.68884
37051.29078
34292.9894
31892.35302
29676.93334
27563.73709
25511.05984
23496.71108
21508.27037
19538.48104
17582.91367
15638.70998
13703.88268
11776.91885
9856.553998
7941.643846
6031.093281
4123.819826
2218.738062
314.7554027
0.0001211931861
0.0001210067962
0.0001210063142
0.0001210058964
0.0001210055505
0.0001210052832
0.0001210050999
0.0001210050058
-0.6808797924
-0.5741303914
-0.514324931
-0.6102975973
-0.9925398464
-4.253155657
-8.402138423
1901.038076
18769.51725
57486.66006
43389.02117
43858.92184
41208.80095
38191.09281
35385.71571
32827.54602
30454.1454
28206.76967
26044.55734
23941.13308
21879.68867
19849.37156
17842.9706
15855.49242
13883.29695
11923.57381
9974.023591
8032.66178
6097.696879
4167.454451
2240.329543
314.7554027
0.0001211912519
0.0001210068016
0.0001210063194
0.0001210059016
0.0001210055556
0.0001210052883
0.0001210051049
0.0001210050108
-0.6502679636
-0.6097270271
-0.6855315336
-0.8039515305
-1.009133204
-0.09846567984
-4.221810853
25607.25991
47479.91178
56701.20192
49469.34388
45660.92348
42270.59703
39118.6215
36231.22927
33577.9652
31105.33967
28764.6473
26519.27168
24343.58011
22219.99085
20136.36621
18084.13174
16057.02112
14050.26609
12060.07968
10083.32498
8117.299374
6159.59092
4207.98089
2260.375512
314.7554027
0.0001211893214
0.0001210068071
0.0001210063248
0.0001210059069
0.0001210055608
0.0001210052934
0.00012100511
0.0001210050158
-0.6599136189
-0.8659138803
-1.198247214
-1.601878493
-2.191049558
-2.27827289
-3.397877583
11090.54147
48955.74153
58462.82711
52141.87988
47044.75155
43094.00901
39781.56273
36842.60279
34147.74143
31624.60331
29227.21171
26924.30503
24693.93098
22520.34238
20391.99344
18300.19719
16238.22307
14200.69308
12183.17715
10181.91773
8193.637455
6215.40105
4244.513446
2278.442184
314.7554027
0.000121187407
0.0001210068128
0.0001210063304
0.0001210059123
0.0001210055661
0.0001210052986
0.0001210051151
0.000121005021
-0.570456307
-0.9240065348
-1.452544126
-2.220909862
-3.230865985
-4.123832027
-3.650698234
242.535958
49202.26269
67850.00427
53590.76598
47282.19216
43279.17128
40071.02293
37209.87656
34545.79406
32018.11988
29595.29084
27256.80673
24987.50269
22775.46975
20611.09211
18486.46864
16395.00808
14331.13009
12290.03944
10267.55093
8259.949809
6263.878208
4276.241729
2294.131198
314.7554027
0.0001211855217
0.0001210068185
0.0001210063359
0.0001210059177
0.0001210055714
0.0001210053038
0.0001210051203
0.0001210050261
-0.4201045279
-0.8220384995
-1.489757581
-2.560245624
-3.726407147
-4.892815915
-4.098371898
-2.320009073
26627.3134
45691.58011
47088.95513
45214.07782
42669.47013
40013.47698
37380.08851
34807.43893
32306.78749
29879.0209
27520.12632
25223.80826
22982.95757
20790.46134
18639.60474
16524.23547
14438.80055
12378.31781
10338.31447
8314.750353
6303.936693
4302.457029
2307.093008
314.7554027
0.000121183676
0.0001210068244
0.0001210063416
0.0001210059232
0.0001210055768
0.0001210053091
0.0001210051255
0.0001210050313
-0.2358135427
-0.4283823317
-0.7842389624
-1.475188417
-2.547597153
-3.968623508
-4.12359641
-0.02262481367
19175.45246
39649.80172
43861.0821
43815.70547
42171.15845
39933.32964
37489.56377
34997.0844
32522.56544
30093.87385
27720.86594
25404.65008
23142.10622
20928.21573
18757.28058
16623.55163
14521.53665
12446.13188
10392.65416
8356.817026
6334.677512
4322.570002
2317.036245
314.7554027
0.0001211818802
0.0001210068303
0.0001210063473
0.0001210059287
0.0001210055821
0.0001210053143
0.0001210051307
0.0001210050364
-0.09607502119
0.08393152051
0.2423156988
0.2845355027
-0.2497764711
-1.588170378
-3.775419256
6.32774794
33441.87631
44353.4291
44888.85106
44016.51325
42266.13323
40059.13145
37647.75956
35168.77176
32692.51648
30253.0421
27864.81192
25531.82337
23252.61562
21023.03818
18837.77575
16691.17498
14577.67788
12492.03137
10429.36644
8385.201262
6355.40201
4336.122372
2323.734258
314.7554027
0.0001211801444
0.0001210068362
0.0001210063529
0.0001210059341
0.0001210055874
0.0001210053195
0.0001210051358
0.0001210050415
-0.03157986093
0.4048602458
0.7209942122
1.202749568
0.1752623267
-2.392548611
-3.577638008
1017.611695
51639.70627
50458.02586
47322.78489
45095.37055
42817.747
40389.32329
37873.58693
35337.73623
32825.69596
30360.97188
27953.51792
25605.21901
23313.50577
21073.56482
18879.63078
16725.7124
14605.98105
12514.95938
10447.59018
8399.233306
6365.621608
4342.795781
2327.030201
314.7554027
0.0001211784767
0.000121006842
0.0001210063585
0.0001210059395
0.0001210055927
0.0001210053247
0.0001210051409
0.0001210050465
-0.06119024443
0.4274162635
0.7470552193
1.141287716
0.3843118164
-1.589894756
-0.7719726879
12853.7863
51819.04281
51035.75558
48848.67833
46224.46127
43520.1793
40806.83889
38119.54422
35482.90134
32911.57338
30411.64413
27983.07595
25622.03395
23322.63242
21078.09885
18881.48624
16726.076
14605.58368
12514.24256
10446.81096
8398.53242
6365.068846
4342.42058
2326.841841
314.7554027
0.0001211768851
0.0001210068478
0.000121006364
0.0001210059448
0.0001210055978
0.0001210053297
0.0001210051458
0.0001210050515
-0.1834840371
0.2127922816
0.4606372578
0.7098673894
0.4034483309
-0.2698187933
20.45014487
42642.97899
52838.99512
54366.16399
50811.81485
47433.62085
44231.68055
41198.31147
38314.86554
35562.76862
32926.07176
30390.97493
27945.12178
25577.21685
23276.89886
21034.72193
18842.15003
16691.53008
14576.04072
12489.62141
10426.88623
8383.027249
6353.712884
4334.986287
2323.166828
314.7554027
0.0001211753765
0.0001210068534
0.0001210063694
0.00012100595
0.0001210056029
0.0001210053346
0.0001210051507
0.0001210050563
-0.3555740681
-0.1269620765
0.01977511061
0.1205587339
0.07934808149
-0.9076165709
2468.871649
55577.23766
54498.63284
57170.55864
52598.79238
48466.51579
44774.61588
41439.86786
38378.84969
35527.25568
32838.99167
30281.08372
27829.23655
25464.82349
23173.03153
20941.74701
18760.86839
16621.85803
14517.43038
12441.31927
10388.09121
8352.986577
6331.779709
4320.653902
2316.088531
314.7554027
0.0001211739573
0.0001210068589
0.0001210063746
0.000121005955
0.0001210056077
0.0001210053394
0.0001210051554
0.0001210050609
-0.4889495501
-0.4539642102
-0.3459374738
-0.2707940922
-0.2161342401
-0.7922858654
6895.403653
56551.46012
55678.65995
59887.93051
53946.27103
49059.02371
44960.40183
41407.71822
38233.4296
35328.44027
32621.58506
30065.15935
27625.93846
25279.82206
23008.66442
20798.37175
18637.72256
16517.60534
14430.50432
12370.13583
10331.17742
8309.055844
6299.774458
4299.768674
2305.781837
314.7554027
0.0001211726319
0.0001210068642
0.0001210063796
0.0001210059599
0.0001210056124
0.000121005344
0.0001210051599
0.0001210050654
-0.5643769602
-0.5857437053
-0.3993855097
-0.2537293403
-0.2570460334
0.1019403415
3180.879423
56729.20995
55874.03154
61712.20441
54239.32056
48862.91423
44600.25874
40997.19884
37818.73617
34931.51995
32253.77928
29732.05825
27329.55712
25019.87481
22783.43974
20605.35784
18474.04769
16380.33744
14316.84584
12277.54356
10257.43074
8252.291506
6258.50116
4272.870708
2292.517748
314.7554027
0.0001211714048
0.0001210068693
0.0001210063844
0.0001210059645
0.0001210056169
0.0001210053483
0.0001210051642
0.0001210050697
-0.5287842467
-0.3916208009
-0.1399220148
-0.2056402304
-0.4622652349
0.1774230474
7.513674975
32056.16282
54176.7909
58970.57033
52435.84836
47553.05816
43580.53325
40162.09613
37112.81702
34325.14922
31729.98129
29279.76312
26940.3763
24686.69219
22499.86907
20365.57702
18272.77589
16212.85201
14178.99848
12165.7634
10168.71437
8184.184171
6209.074368
4240.700282
2276.66536
314.7554027
0.0001211702779
0.0001210068741
0.0001210063889
0.0001210059688
0.0001210056211
0.0001210053524
0.0001210051682
0.0001210050737
-0.1951857047
-0.07425490016
0.2160165165
-0.1267166793
-0.6866228754
-0.6679655641
-1.678298133
2923.079448
50661.48015
53095.06026
48980.41752
45332.94464
42006.73878
38957.85009
36145.31147
33526.30553
31061.26088
28716.66116
26465.51044
24286.6597
22163.7748
20084.31083
18038.63059
16019.29834
14020.53428
12037.79987
10067.48359
8106.662156
6152.917512
4204.194864
2258.689845
314.7554027
0.0001211692534
0.0001210068785
0.0001210063932
0.0001210059728
0.000121005625
0.0001210053562
0.000121005172
0.0001210050774
0.1775915367
0.4994337474
0.7095612218
0.4390584745
-0.0396116027
-0.2390510257
-7.024318608
10.58429519
44939.74385
45849.47581
45057.62373
42791.57189
40155.65222
37517.2683
34984.29599
32573.52514
30272.12034
28060.13187
25918.36043
23830.67244
21784.26817
19769.26785
17778.14248
15805.18027
13846.04402
11897.42266
9956.763618
8022.069457
6091.744059
4164.47552
2239.145358
314.7554027
0.0001211683311
0.0001210068827
0.000121006397
0.0001210059766
0.0001210056286
0.0001210053598
0.0001210051754
0.0001210050809
0.4940382745
1.20704966
1.463561813
1.284632473
0.482584788
-1.189776134
-6.072474567
9.117445755
45746.50029
43349.00539
42608.9206
40620.07199
38307.05071
35971.28859
33701.0949
31511.39847
29393.58448
27333.4035
25317.14067
23333.41245
21373.36725
19430.35829
17499.49809
15577.24221
13661.04496
11749.09006
9840.086226
7933.115075
6027.519415
4122.821465
2218.662298
314.7554027
0.0001211675105
0.0001210068864
0.0001210064006
0.0001210059799
0.0001210056319
0.000121005363
0.0001210051786
0.000121005084
0.5530558139
1.951881988
2.676667476
2.725110558
1.574903711
-0.4068717735
-2.188347045
1400.436808
55324.84543
44953.41348
41408.67115
38772.76161
36481.20942
34359.75839
32337.40892
30377.40353
28457.43064
26562.76981
24683.39714
22812.47971
20945.44011
19079.30923
17212.25784
15343.2539
13471.81266
11597.81626
9721.38596
7842.79378
5962.403513
4080.632676
2197.928867
314.7554027
0.00012116679
0.0001210068897
0.0001210064037
0.000121005983
0.0001210056348
0.0001210053658
0.0001210051814
0.0001210050868
0.1734423628
2.766217491
4.338202793
5.274871016
3.93852553
1.487581309
35.20202205
22187.88262
61262.23949
43306.01769
39299.46532
36581.13314
34485.27933
32649.13952
30911.39063
29203.3884
27495.97556
25776.85673
24041.2068
22287.67835
20516.61391
18729.19026
16926.97996
15111.71383
13285.14789
11448.98953
9604.860101
7754.281067
5898.675845
4039.38165
2177.667458
314.7554027
0.0001211661674
0.0001210068926
0.0001210064064
0.0001210059856
0.0001210056374
0.0001210053683
0.0001210051839
0.0001210050892
-0.4341632738
3.150571632
5.813022989
8.391658166
8.376955293
33.60971031
16085.31996
34569.69087
52634.76846
40244.10864
35902.01325
33767.0945
32229.64264
30840.13627
29455.63494
28028.79273
26546.2325
25007.47956
23416.90088
21780.42047
20104.15544
18393.86733
16654.76902
14891.48717
13108.09134
11308.15046
9494.799255
7670.807189
5838.646314
4000.556415
2158.606866
314.7554027
0.0001211656412
0.000121006895
0.0001210064087
0.0001210059878
0.0001210056395
0.0001210053705
0.000121005186
0.0001210050913
-0.8750772317
2.919610935
5.579662352
9.400343961
15.30096461
9695.528263
27407.48989
29961.10058
17670.43407
28257.66592
30297.40401
30355.60343
29826.06462
29026.1329
28042.2264
26909.91841
25652.68259
24289.9288
22838.49956
21312.95222
19725.72677
18087.36362
16406.75406
14691.39077
12947.59901
11180.74159
9395.397479
7595.516947
5784.556586
3965.597746
2141.451774
314.7554027
0.0001211652079
0.0001210068969
0.0001210064105
0.0001210059896
0.0001210056413
0.0001210053722
0.0001210051877
0.000121005093
0.4988204938
1.940106244
1.338701339
4.914630354
24.56398497
23696.88387
25945.06458
30249.39901
22678.20749
24818.96248
26674.36574
27531.85966
27692.88693
27396.11294
26777.2241
25915.97057
24864.6465
23661.0505
22334.21594
20907.16412
19398.44057
17823.11503
16193.50667
14519.74172
12810.19455
11071.84217
9310.552784
7531.323339
5738.477649
3935.834216
2126.85125
314.7554027
0.0001211648578
0.0001210068982
0.0001210064118
0.000121005991
0.0001210056427
0.0001210053736
0.0001210051891
0.0001210050944
2.161518105
16.62149048
6231.906285
19959.81741
7601.762859
4248.9239
5268.527586
5966.404426
17730.75467
21665.58594
24049.24098
25404.5907
26017.52259
26088.21721
25754.58761
25112.08758
24228.87478
23155.40477
21930.1461
20583.04706
19137.75957
17613.15805
16024.43124
14383.89611
12701.61992
10985.9047
9243.670668
7480.764329
5702.210025
3912.419136
2115.368225
314.7554027
0.0001211645765
0.000121006899
0.0001210064127
0.0001210059919
0.0001210056437
0.0001210053747
0.0001210051902
0.0001210050956
96.44895412
11819.82805
27880.33298
29426.52152
18695.40268
6527.937332
7740.066795
12631.74517
16893.56834
20063.39937
22452.43228
24019.75583
24884.4116
25184.65323
25040.81891
24548.90876
23783.35059
22801.53945
21647.91067
20357.11578
18956.39512
17467.33584
15907.18105
14289.81453
12626.51055
10926.51229
9197.484435
7445.872571
5677.193365
3896.273589
2107.45199
314.7554027
0.0001211644049
0.0001210068993
0.0001210064133
0.0001210059925
0.0001210056444
0.0001210053754
0.0001210051909
0.0001210050963
23724.9865
24885.95629
17139.09461
14543.26188
10246.61223
5129.14071
4934.078592
8228.15491
15985.06189
19242.01487
21677.34758
23337.60789
24315.72881
24725.16882
24675.12074
24259.36827
23554.06892
22619.48226
21502.83406
20241.107
18863.3722
17392.61976
15847.16079
14241.69437
12588.12221
10896.17593
9173.905929
7428.067628
5664.431899
3888.039583
2103.415659
314.7554027
0.0001211641156
0.0001210068992
0.000121006414
0.000121005993
0.0001210056448
0.0001210053758
0.0001210051913
0.0001210050967
)
;

boundaryField
{
    lowerWall
    {
        type            fixedFluxPressure;
        gradient        uniform 0;
        value           nonuniform List<scalar> 
80
(
0.0001210048844
0.0001210048845
0.0001210048846
0.0001210048849
0.0001210048852
0.0001210048857
0.0001210048863
0.000121004887
0.0001210048876
0.0001210048883
0.0001210048891
0.0001210048899
0.0001210048907
0.0001210048917
0.0001210048926
0.0001210048937
0.0001210048948
0.0001210048959
0.0001210048971
0.0001210048984
0.0001210048998
0.0001210049012
0.0001210049027
0.0001210049043
0.000121004906
0.0001210049077
0.0001210049096
0.0001210049115
0.0001210049136
0.0001210049157
0.000121004918
0.0001210049204
0.0001210049228
0.0001210049254
0.0001210049282
0.000121004931
0.0001210049339
0.000121004937
0.0001210049402
0.0001210049435
0.0001210049469
0.0001210049504
0.000121004954
0.0001210049577
0.0001210049615
0.0001210049655
0.0001210049695
0.0001210049737
0.0001210049779
0.0001210049823
0.0001210049868
0.0001210049914
0.0001210049961
0.0001210050009
0.0001210050058
0.0001210050108
0.0001210050158
0.000121005021
0.0001210050261
0.0001210050313
0.0001210050364
0.0001210050415
0.0001210050465
0.0001210050515
0.0001210050563
0.0001210050609
0.0001210050654
0.0001210050697
0.0001210050737
0.0001210050774
0.0001210050809
0.000121005084
0.0001210050868
0.0001210050892
0.0001210050913
0.000121005093
0.0001210050944
0.0001210050956
0.0001210050963
0.0001210050967
)
;
    }
    atmosphere
    {
        type            totalPressure;
        rho             rho;
        psi             none;
        gamma           1;
        p0              uniform 0;
        value           nonuniform List<scalar> 
80
(
-0.03592778682
-0.3223271133
0
0
0
0
0
0
0
0
0
-0.5203832796
-2.845657068
-3.090254174
-2.333459407
-1.577531669
-1.054966374
-0.7437603884
-0.5492661482
-0.4003061624
-0.2796392029
-0.1888682928
-0.1278157659
-0.09081199081
-0.07066068382
-0.06071297808
-0.05440231581
-0.0485398134
-0.04404321978
-0.04024887075
-0.03926275221
-0.0388217275
-0.04489188699
-0.05100161199
-0.06305695395
-0.07116919946
-0.06851280943
-0.0519315564
-0.02591268805
-0.002967045401
0
0
0
0
0
-0.03169982184
-0.129428275
-0.252378423
-0.3771763396
-0.4960996679
-0.6025609103
-0.671386999
-0.7103809047
-0.7658532512
-0.6478156534
-0.7707421343
-0.7120901393
-0.6280925128
-0.4649579832
-0.2632337777
-0.1196265294
-0.08122442099
-0.120581156
-0.2279206937
-0.3903685687
-0.5442843705
-0.5840656515
-0.3763256261
-0.02137778182
0
0
0
-0.007361559811
-0.0908086721
-0.01865986485
0
0
0
0
0
)
;
    }
    rightWall
    {
        type            empty;
    }
    leftWall
    {
        type            empty;
    }
    frontAndBack
    {
        type            fixedFluxPressure;
        gradient        nonuniform List<scalar> 
80
(
2.182725002e-06
6.548175012e-06
0.007672592812
1.527907527e-05
1.964452523e-05
2.400997517e-05
-6778.822079
0
0
0
0
0
0
0
0
0
0
0
0
0
0
0
0
0
0
0
0
0
0
0
0
0
0.0001418773984
0.000146242575
0.000150608025
0.000154973475
0.000159338925
0.000163704375
0.000168069825
0.000172435275
0.001419472163
0.003678750148
0.01280093345
0.01802733618
0.02517798958
0.01480882891
-3180.881101
-4996.021546
0
0
0
0
0
0
0
0
0
0
0
0
0
0
0
0
0
0
0
0
0
0
0
0
0.0001418774393
0.0001462425751
0.000150608025
0.000154973475
0.000159338925
0.000163704375
0.000168069825
0.000172435275
)
;
        value           nonuniform List<scalar> 
80
(
0.1983715757
-4.822371182
1158.476413
-0.5923815806
-4.654446775
-3.966969443
438.8166264
9088.053434
9235.839745
9282.430312
9248.543279
9130.805501
8936.612094
8679.208404
8371.953763
8025.839968
7649.079371
7247.537211
6825.360552
6385.53638
5930.308843
5461.464634
4980.518635
4488.82932
3987.66678
3478.251567
2961.777438
2439.425312
1912.371494
1381.791539
848.8611047
314.7554026
0.0001211522906
0.0001210158197
0.0001210156074
0.0001210154614
0.0001210153882
0.0001210153935
0.0001210154829
0.0001210156616
23724.9865
24885.95629
17139.09461
14543.26188
10246.61223
5129.140711
4933.879787
8227.842659
15985.06189
19242.01487
21677.34758
23337.60789
24315.72881
24725.16882
24675.12074
24259.36827
23554.06892
22619.48226
21502.83406
20241.107
18863.3722
17392.61976
15847.16079
14241.69437
12588.12221
10896.17593
9173.905929
7428.067628
5664.431899
3888.039583
2103.415659
314.7554027
0.000121172983
0.0001210160394
0.000121015827
0.0001210156789
0.0001210156035
0.0001210156073
0.0001210156957
0.000121015874
)
;
    }
}


// ************************************************************************* //
