/*--------------------------------*- C++ -*----------------------------------*\
| =========                 |                                                 |
| \\      /  F ield         | OpenFOAM: The Open Source CFD Toolbox           |
|  \\    /   O peration     | Version:  2506                                  |
|   \\  /    A nd           | Website:  www.openfoam.com                      |
|    \\/     M anipulation  |                                                 |
\*---------------------------------------------------------------------------*/
FoamFile
{
    version     2.0;
    format      ascii;
    arch        "LSB;label=32;scalar=64";
    class       volScalarField;
    location    "0.009";
    object      Qv;
}
// * * * * * * * * * * * * * * * * * * * * * * * * * * * * * * * * * * * * * //

dimensions      [1 0 -3 0 0 0 0];

internalField   nonuniform List<scalar> 
3200
(
13567938.19
13678491.82
13734768.73
12923217.48
9859545.245
7754993.617
7412971.047
6367393.411
3171109.41
703816.759
77469.10781
9686.720219
2880.454807
1785.160468
1543.785273
1487.584014
1475.26397
1472.796753
1472.345944
1472.270343
1472.258625
1472.256931
1472.25668
1472.256549
1472.256146
1472.25472
1472.250111
1472.236747
1472.20225
1472.123653
1471.966736
1471.693408
1471.693658
1471.704438
1471.713721
1471.721488
1471.727721
1471.732408
1471.735538
1471.737105
13480258.06
13444029.85
13368666.95
11856110.36
10099628.28
8127610.064
7036871.902
5728227.756
2727891.215
594940.0058
67779.65918
9072.541629
2824.101889
1778.153886
1543.073221
1487.616999
1475.310657
1472.813504
1472.35036
1472.271326
1472.25882
1472.256966
1472.256685
1472.25655
1472.256146
1472.25472
1472.250111
1472.236747
1472.20225
1472.123653
1471.966736
1471.693408
1471.693658
1471.704438
1471.713721
1471.721488
1471.727721
1471.732408
1471.735538
1471.737105
13442489.34
13276207.04
12926594.79
12073036.79
11533881.54
11944955.97
7294850.146
5081473.275
2164272.879
466958.5017
56760.10381
8397.92253
2772.979988
1775.827115
1544.402206
1488.353662
1475.562512
1472.882609
1472.366745
1472.2748
1472.259491
1472.257086
1472.256705
1472.256553
1472.256147
1472.25472
1472.250111
1472.236747
1472.20225
1472.123653
1471.966736
1471.693408
1471.693658
1471.704438
1471.713721
1471.721488
1471.727721
1471.732408
1471.735538
1471.737105
13621345.93
13430576.12
13230074.82
12918135.95
12550157.06
12500310.39
8267225.436
4608501.739
1724075.896
391815.9089
52158.5518
8370.509837
2831.08684
1801.555583
1553.950753
1491.440175
1476.436467
1473.102658
1472.416774
1472.285198
1472.261486
1472.257442
1472.256765
1472.256562
1472.256148
1472.25472
1472.250111
1472.236747
1472.20225
1472.123653
1471.966736
1471.693408
1471.693658
1471.704438
1471.713721
1471.721488
1471.727721
1471.732408
1471.735538
1471.737105
14078240.96
13751094.64
13748220.3
13730078.39
13346523.13
12724126.98
9138114.601
5169457.207
1863885.402
422311.9662
60154.05394
9821.933163
3150.63469
1893.915898
1582.978333
1500.144601
1478.817051
1473.69293
1472.550221
1472.312915
1472.266812
1472.258394
1472.256924
1472.256587
1472.256152
1472.25472
1472.250111
1472.236747
1472.20225
1472.123653
1471.966736
1471.693408
1471.693658
1471.704438
1471.713721
1471.721488
1471.727721
1471.732408
1471.735538
1471.737105
14148795.62
13761134.19
13752391.83
13733175.99
13470216.87
13197966.79
10186381.36
4527514.627
1808265.535
503541.1717
85914.98598
14287.24402
4028.751912
2124.502007
1652.008445
1520.505943
1484.37487
1475.07538
1472.864134
1472.378386
1472.279435
1472.260657
1472.257303
1472.256647
1472.256161
1472.254722
1472.250112
1472.236747
1472.20225
1472.123653
1471.966736
1471.693408
1471.693658
1471.704438
1471.713721
1471.721488
1471.727721
1471.732408
1471.735538
1471.737105
14120576.56
13780586.46
13752270.57
13718878.23
13120388.54
12797442.24
11943028.27
5865541.314
2279675.76
766642.1797
161578.3896
27348.93148
6288.795075
2641.335129
1795.626704
1561.829972
1495.624417
1477.885216
1473.505415
1472.512705
1472.305413
1472.265324
1472.258086
1472.25677
1472.256179
1472.254724
1472.250112
1472.236747
1472.20225
1472.123653
1471.966736
1471.693408
1471.693658
1471.704438
1471.713721
1471.721488
1471.727721
1471.732408
1471.735538
1471.737105
14171166.86
14011425.51
13778280.56
13386683.67
12521755.67
12446802.42
12191652.94
10196122.44
4085952.356
1415138.994
354863.3633
63089.40268
11785.70678
3686.200754
2054.07085
1633.019334
1514.854533
1482.70783
1474.612802
1472.745865
1472.350676
1472.273474
1472.259454
1472.256985
1472.256211
1472.254729
1472.250112
1472.236747
1472.20225
1472.123653
1471.966736
1471.693408
1471.693658
1471.704438
1471.713721
1471.721488
1471.727721
1471.732408
1471.735538
1471.737105
14357604.39
14232680.21
13994017.04
13599710.17
12872948.33
12798634.24
13199526.49
12390982.73
6231947.259
2267205.901
675333.344
135636.9182
22827.47829
5473.114055
2440.765782
1733.73236
1541.784775
1489.501845
1476.186745
1473.079796
1472.415864
1472.285253
1472.261436
1472.257297
1472.256257
1472.254735
1472.250113
1472.236747
1472.20225
1472.123653
1471.966736
1471.693407
1471.693658
1471.704438
1471.713721
1471.721488
1471.727721
1471.732408
1471.735538
1471.737105
14595807.17
14488859.33
14277035.14
13954226.24
13492293.86
13029717.35
12862171.17
13360530.67
9791644.251
3241345.88
983395.4922
224733.0217
38265.69224
7821.062151
2899.106309
1847.256095
1571.937955
1497.184703
1477.988992
1473.466214
1472.491881
1472.299059
1472.263765
1472.257664
1472.256311
1472.254743
1472.250114
1472.236747
1472.20225
1472.123653
1471.966736
1471.693407
1471.693658
1471.704438
1471.713721
1471.721488
1471.727721
1471.732408
1471.735538
1471.737105
14858016.93
14772109.63
14584591.07
14289487.49
13895820.54
13504258.71
13427018.75
13577189.78
12345342.88
4376164.312
1058902.874
286860.5669
52736.12968
10112.73344
3323.880289
1948.965873
1598.896904
1504.134127
1479.641145
1473.824322
1472.562861
1472.312006
1472.265952
1472.258008
1472.256362
1472.25475
1472.250115
1472.236747
1472.20225
1472.123653
1471.966736
1471.693407
1471.693658
1471.704438
1471.713721
1471.721488
1471.727721
1471.732408
1471.735538
1471.737105
15136150.98
15075826.44
14909752.75
14604299.4
14161051.62
13634874.5
13165801.83
13136095.77
12562670.45
5985747.889
1321620.567
364866.3746
67341.20459
12178.79696
3670.725005
2027.286745
1619.226944
1509.359344
1480.885823
1474.094488
1472.616357
1472.321726
1472.267583
1472.258262
1472.256399
1472.254755
1472.250116
1472.236747
1472.20225
1472.123653
1471.966736
1471.693407
1471.693658
1471.704438
1471.713721
1471.721488
1471.727721
1471.732408
1471.735538
1471.737105
15428666.94
15394372.16
15254745.35
14928125.45
14386618.47
13681565.42
12933305.47
12847202.68
12423625.08
6810846.032
1894873.705
510077.0984
87603.82348
14358.64574
3968.752674
2086.692519
1633.64746
1512.927833
1481.713643
1474.269965
1472.650245
1472.327711
1472.268554
1472.258408
1472.256419
1472.254757
1472.250116
1472.236747
1472.20225
1472.123653
1471.966736
1471.693407
1471.693658
1471.704438
1471.713721
1471.721488
1471.727721
1471.732408
1471.735538
1471.737105
15745889.01
15719205.69
15599907.4
15277944.27
14640032.98
13740589.87
12654616.74
12453681.86
12609160.83
8027037.525
2944834.445
761036.9194
117066.1241
16908.32936
4257.456708
2137.352547
1644.983281
1515.572064
1482.295779
1474.386837
1472.67146
1472.331188
1472.269068
1472.258476
1472.256427
1472.254758
1472.250116
1472.236747
1472.20225
1472.123653
1471.966736
1471.693407
1471.693658
1471.704438
1471.713721
1471.721488
1471.727721
1471.732408
1471.735538
1471.737105
16086043.53
16057119.66
15937697.31
15611968.91
14925826.55
13849272.33
12399376.74
12307745.6
12346502.06
10347125.26
4445190.734
1101009.926
154475.7299
19874.69438
4569.559546
2189.725296
1656.357343
1518.148058
1482.842723
1474.491641
1472.689354
1472.333886
1472.269421
1472.258514
1472.25643
1472.254758
1472.250116
1472.236747
1472.20225
1472.123653
1471.966736
1471.693407
1471.693658
1471.704438
1471.713721
1471.721488
1471.727721
1471.732408
1471.735538
1471.737105
16440595.59
16405490.65
16278234.5
15948192.09
15245252.26
14094168.84
12454701.95
12351038.77
12351788.73
12313287.41
5387697.75
1366181.677
190128.6921
23062.11001
4921.744152
2249.927129
1669.487285
1521.101171
1483.459916
1474.60726
1472.70853
1472.336671
1472.269766
1472.258548
1472.256432
1472.254758
1472.250116
1472.236747
1472.20225
1472.123653
1471.966736
1471.693407
1471.693658
1471.704438
1471.713721
1471.721488
1471.727721
1471.732408
1471.735538
1471.737105
16799434.14
16757767.89
16624251.97
16304455.51
15653159.44
14609369.49
13318841.21
12383592.07
12650519.53
12616004.96
5684042.469
1539547.111
223195.7445
26499.67376
5310.278882
2315.073757
1683.319632
1524.115969
1484.066723
1474.715862
1472.725531
1472.338949
1472.270013
1472.258566
1472.256431
1472.254757
1472.250116
1472.236747
1472.20225
1472.123653
1471.966736
1471.693407
1471.693658
1471.704438
1471.713721
1471.721487
1471.727721
1471.732408
1471.735538
1471.737105
17151738.93
17104036.26
16966437.94
16665466.03
16101205.06
15207845.03
14137628.09
13084157.13
12455635.6
12215387.29
5646100.191
1665113.513
254654.1585
29905.2777
5671.823631
2370.587928
1694.070478
1526.219834
1484.433452
1474.768579
1472.730969
1472.339078
1472.269898
1472.258528
1472.256423
1472.254756
1472.250116
1472.236747
1472.20225
1472.123653
1471.966736
1471.693407
1471.693658
1471.704438
1471.713721
1471.721487
1471.727721
1471.732408
1471.735538
1471.737105
17486514.21
17432464.16
17288417.89
16996312.94
16482405.62
15689988.95
14664517.7
13528809.84
12313420.4
12064176.69
5733483.264
1786823.751
281845.471
32447.89431
5888.885784
2395.287463
1696.891928
1526.248976
1484.29709
1474.711248
1472.714703
1472.335323
1472.269148
1472.258394
1472.256401
1472.254753
1472.250115
1472.236747
1472.20225
1472.123653
1471.966735
1471.693407
1471.693658
1471.704438
1471.713721
1471.721487
1471.727721
1471.732408
1471.735538
1471.737105
17793853.08
17732039.2
17576401.72
17277958.63
16775675.36
16016078.12
14994200.1
13761741.57
12350673
12079314.55
5934928.959
1891974.684
296648.3509
33037.18069
5849.326504
2372.602472
1688.428333
1523.471826
1483.507504
1474.516033
1472.672098
1472.326989
1472.267668
1472.258153
1472.256365
1472.254748
1472.250115
1472.236747
1472.20225
1472.123653
1471.966735
1471.693407
1471.693657
1471.704438
1471.713721
1471.721487
1471.727721
1471.732408
1471.735538
1471.737104
18066800.38
17995294.36
17822563.04
17504097.38
16984353.25
16209329.17
15156003.78
13849651.43
12323567.44
11947333.68
6036318.688
1904583.897
286008.7998
30685.22162
5484.797736
2294.769666
1667.508868
1517.747026
1482.065565
1474.189927
1472.605726
1472.314728
1472.265595
1472.25783
1472.256318
1472.254741
1472.250114
1472.236747
1472.20225
1472.123653
1471.966735
1471.693407
1471.693657
1471.704438
1471.713721
1471.721487
1471.727721
1471.732407
1471.735538
1471.737104
18302634.62
18220174.15
18026932.96
17680023.96
17124758.6
16304065.87
15190892.22
13805036.38
12147180.17
11683037.66
5941403.384
1768435.651
243125.5862
25302.47618
4810.947499
2165.110025
1635.281119
1509.517033
1480.114369
1473.771127
1472.524274
1472.300273
1472.263236
1472.257473
1472.256268
1472.254735
1472.250113
1472.236747
1472.20225
1472.123653
1471.966735
1471.693407
1471.693657
1471.704438
1471.713721
1471.721487
1471.727721
1471.732407
1471.735538
1471.737104
18502557.66
18409446.95
18196045.7
17819781.95
17223237.57
16338134.97
15150522.08
13705630.02
12009352.2
11599208.99
5597595.421
1477328.336
176718.2168
18290.46945
3962.563765
2002.699896
1596.071739
1499.939568
1477.94763
1473.32609
1472.441122
1472.286044
1472.260991
1472.257145
1472.256223
1472.254729
1472.250112
1472.236747
1472.20225
1472.123653
1471.966735
1471.693407
1471.693657
1471.704437
1471.713721
1471.721487
1471.727721
1471.732407
1471.735538
1471.737104
18670371.26
18568678.05
18339723.65
17942178.72
17316278.54
16387214.75
15158249.55
13727069.71
12216713.37
12099689.5
5074126.257
1108973.175
110490.5247
11921.54724
3149.303953
1839.605942
1556.932443
1490.692544
1475.938824
1472.929737
1472.369808
1472.27426
1472.259191
1472.256889
1472.256189
1472.254725
1472.250112
1472.236747
1472.20225
1472.123653
1471.966735
1471.693407
1471.693657
1471.704437
1471.713721
1471.721487
1471.727721
1471.732407
1471.735538
1471.737104
18810947.01
18703871.25
18466934.85
18064005.23
17445563.23
16552795.5
15369749.18
14002987.74
12556070.31
12461161.37
4506106.946
778993.9736
63852.11732
7600.348806
2531.932348
1706.802519
1524.961297
1483.342121
1474.397765
1472.636427
1472.318818
1472.266103
1472.257981
1472.256722
1472.256168
1472.254722
1472.250112
1472.236747
1472.20225
1472.123653
1471.966735
1471.693407
1471.693657
1471.704437
1471.713721
1471.721487
1471.72772
1471.732407
1471.735537
1471.737104
18929107.43
18819513.83
18580989.31
18184625.84
17594263.26
16774593.01
15714175.29
14437812.52
12939667.82
12779391.07
4009953.996
555195.8437
38827.1362
5257.273451
2151.052
1619.367205
1503.869942
1478.604577
1473.433581
1472.458343
1472.288737
1472.26142
1472.257305
1472.256631
1472.256156
1472.254721
1472.250111
1472.236747
1472.20225
1472.123653
1471.966735
1471.693407
1471.693657
1471.704437
1471.713721
1471.721487
1471.72772
1471.732407
1471.735537
1471.737104
19029621.8
18918782.17
18680656.17
18292014.34
17725521.1
16955806.26
15960966.48
14721595.34
13096965.98
12852542.36
3669200.953
429275.1857
27269.32964
4144.292792
1951.571208
1571.815565
1492.473591
1476.100129
1472.936417
1472.368724
1472.273943
1472.259166
1472.256986
1472.256588
1472.256151
1472.25472
1472.250111
1472.236747
1472.20225
1472.123653
1471.966735
1471.693406
1471.693657
1471.704437
1471.71372
1471.721487
1471.72772
1471.732407
1471.735537
1471.737104
19118306.16
19006001.22
18766799.91
18380779.72
17824974.71
17077449.6
16113638.16
14907221.64
13361254.86
13194381.78
3555740.424
376230.5477
22657.521
3674.37267
1861.324845
1549.860619
1487.254249
1474.972695
1472.716744
1472.329827
1472.267628
1472.258218
1472.256854
1472.256571
1472.256149
1472.25472
1472.250111
1472.236747
1472.20225
1472.123653
1471.966735
1471.693406
1471.693657
1471.704437
1471.71372
1471.721487
1471.72772
1471.732407
1471.735537
1471.737104
19203082.88
19088473.94
18845660.96
18456360.86
17899829.11
17157039.64
16211234.94
15054696.18
13651968.48
13547410.63
3741236.629
380267.1343
21819.74525
3535.566217
1828.749606
1541.220015
1485.1301
1474.509235
1472.626471
1472.313918
1472.265061
1472.257836
1472.2568
1472.256564
1472.256148
1472.25472
1472.250111
1472.236747
1472.20225
1472.123653
1471.966735
1471.693406
1471.693657
1471.704437
1471.71372
1471.721487
1471.72772
1471.732407
1471.735537
1471.737104
19294177.74
19176455.61
18927813.31
18530607.41
17965376.93
17216329.5
16280439.49
15176105.58
13929783.58
13835714.97
4190149.354
426827.9836
23203.53461
3569.992916
1824.467406
1538.65236
1484.323649
1474.313637
1472.586422
1472.30669
1472.263882
1472.257659
1472.256776
1472.256561
1472.256148
1472.25472
1472.250111
1472.236747
1472.20225
1472.123653
1471.966735
1471.693406
1471.693657
1471.704437
1471.71372
1471.721487
1471.72772
1471.732407
1471.735537
1471.737104
19403717.15
19282848.95
19028065.45
18621930.29
18045734.96
17286552.43
16349441.41
15272674.83
14535372.09
14061482.23
4897566.033
517056.0469
26447.83768
3718.451186
1836.22029
1539.131562
1484.107524
1474.227107
1472.5654
1472.302591
1472.263186
1472.257552
1472.256761
1472.256559
1472.256147
1472.25472
1472.250111
1472.236747
1472.20225
1472.123653
1471.966735
1471.693406
1471.693657
1471.704437
1471.71372
1471.721487
1471.72772
1471.732407
1471.735537
1471.737104
19544448.02
19421566.56
19163055.74
18752328.79
18173067.19
17418005.33
16499826.06
15353750.91
14869800.6
14247364.11
5824671.772
680625.24
32587.05549
3995.99184
1862.101167
1541.866734
1484.26797
1474.201312
1472.553791
1472.299899
1472.262694
1472.257474
1472.25675
1472.256558
1472.256147
1472.25472
1472.250111
1472.236747
1472.20225
1472.123653
1471.966735
1471.693406
1471.693657
1471.704437
1471.71372
1471.721487
1471.72772
1471.732407
1471.735537
1471.737104
19727959.74
19605739.52
19349741.64
18946623.75
18388272.58
17692689.6
17002815.81
16868687.43
15634177.47
14468647
7490696.143
1139981.778
48484.34792
4557.920408
1908.472813
1546.877693
1484.703406
1474.209442
1472.546564
1472.297808
1472.262287
1472.257408
1472.25674
1472.256556
1472.256147
1472.25472
1472.250111
1472.236747
1472.20225
1472.123653
1471.966735
1471.693406
1471.693657
1471.704437
1471.71372
1471.721487
1471.72772
1471.732407
1471.735537
1471.737104
19962307.77
19844306.17
19598928.13
19218634.91
18707998.69
18105413
17499814.91
17387384.88
17275670.21
15758259.18
11970894.77
4371168.884
133967.429
6247.021277
2011.068204
1556.755493
1485.588075
1474.256199
1472.542465
1472.295991
1472.261913
1472.257347
1472.256731
1472.256555
1472.256147
1472.25472
1472.250111
1472.236747
1472.20225
1472.123653
1471.966735
1471.693406
1471.693657
1471.704437
1471.71372
1471.721487
1471.72772
1471.732407
1471.735537
1471.737104
20250052.96
20140316.06
19914552.44
19574942.52
19159156.32
18834847.55
19232381.05
19773134.04
20318151.06
18297507.34
18678015.88
21440338.06
984928.352
13218.13999
2262.819433
1577.352142
1487.396236
1474.381009
1472.544575
1472.29465
1472.261577
1472.257289
1472.256723
1472.256554
1472.256147
1472.25472
1472.250111
1472.236747
1472.20225
1472.123653
1471.966735
1471.693406
1471.693657
1471.704437
1471.71372
1471.721487
1471.72772
1471.732407
1471.735537
1471.737104
20586880.86
20488563.41
20286501.68
19984568.17
19613617.39
19266845.17
19104259.58
18761197.18
21011028.97
18662291.79
22031618.43
26029714.38
3502292.802
35421.48721
2747.805768
1613.176835
1490.548486
1474.622201
1472.556347
1472.294102
1472.26131
1472.257239
1472.256715
1472.256553
1472.256147
1472.25472
1472.250111
1472.236747
1472.20225
1472.123653
1471.966735
1471.693406
1471.693657
1471.704437
1471.71372
1471.721487
1471.72772
1471.732407
1471.735537
1471.737104
20961318.6
20876153.11
20700394.41
20436894.44
20109629.73
19792088.05
19623802.59
19776213.37
20790171.83
20938865.16
20756090.97
20437260.9
11554991.63
100109.9183
3467.321359
1659.130608
1494.503884
1474.923854
1472.572403
1472.293894
1472.261078
1472.257193
1472.256708
1472.256552
1472.256146
1472.25472
1472.250111
1472.236747
1472.20225
1472.123653
1471.966735
1471.693406
1471.693657
1471.704437
1471.71372
1471.721487
1471.72772
1471.732407
1471.735537
1471.737104
21355837.63
21281608.03
21127717.47
20898018.11
20613263.08
20326737.54
20170127.33
20341674.96
21041754.09
22122115.76
24411377.62
24869922
16732735.81
277320.5505
4886.513598
1732.562903
1500.514314
1475.374379
1472.597845
1472.294229
1472.260885
1472.257151
1472.256702
1472.256551
1472.256146
1472.25472
1472.250111
1472.236747
1472.20225
1472.123653
1471.966735
1471.693406
1471.693657
1471.704437
1471.71372
1471.721487
1471.72772
1471.732407
1471.735537
1471.737104
21752220.18
21683952.23
21542182.66
21330796.32
21066960.23
20792151.72
20603900.99
20642117.29
20998757.08
21638554.61
22680906.87
23599384.39
22807186.19
876372.2823
7972.858902
1855.585861
1510.805024
1476.214685
1472.655353
1472.296986
1472.26087
1472.257124
1472.256697
1472.256551
1472.256146
1472.25472
1472.250111
1472.236747
1472.20225
1472.123653
1471.966735
1471.693406
1471.693656
1471.704437
1471.71372
1471.721487
1471.72772
1471.732407
1471.735537
1471.737104
22134389.91
22064092.06
21919502.91
21705240.78
21435680.62
21143311.52
20891555.71
20766857.84
20807204.11
20961015.39
21299641.49
22115829.23
23158248.02
1406368.531
12503.17528
2014.784419
1524.483907
1477.389887
1472.741738
1472.302004
1472.261028
1472.257111
1472.256694
1472.25655
1472.256146
1472.25472
1472.250111
1472.236747
1472.20225
1472.123653
1471.966735
1471.693406
1471.693656
1471.704437
1471.71372
1471.721487
1471.72772
1471.732407
1471.735537
1471.737104
22491920.38
22407989.8
22241389.81
22000211.5
21696402.3
21356202.44
21023811.55
20743571.29
20505995.29
20181674.71
19696176.54
19633973.51
20318447.68
1688390.294
16511.63269
2146.327943
1535.349886
1478.246204
1472.793924
1472.303839
1472.260938
1472.257082
1472.256689
1472.25655
1472.256146
1472.25472
1472.250111
1472.236747
1472.20225
1472.123653
1471.966735
1471.693406
1471.693656
1471.704437
1471.71372
1471.721487
1471.72772
1471.732407
1471.735537
1471.737104
22827389.37
22716204.25
22510526.47
22226397.36
21865024.79
21446766.81
21013939.21
20584535.14
20139699.05
19536086.55
18145117.58
17680508.27
17643513.35
1639480.382
18466.86084
2215.192739
1540.416273
1478.521942
1472.793183
1472.301405
1472.260547
1472.257036
1472.256684
1472.256549
1472.256146
1472.25472
1472.250111
1472.236747
1472.20225
1472.123653
1471.966735
1471.693406
1471.693656
1471.704437
1471.71372
1471.721487
1471.72772
1471.732407
1471.735537
1471.737104
23170867.74
23034204.64
22782894.86
22439424.55
22001580.35
21485400.75
20909317.93
20298738.36
19751979.51
19647093.86
19374354.43
17941629.8
16079000.1
1368118.014
15894.09396
2136.048788
1532.404211
1477.631125
1472.70398
1472.2933
1472.259853
1472.256977
1472.256679
1472.256548
1472.256146
1472.25472
1472.250111
1472.236747
1472.20225
1472.123653
1471.966735
1471.693406
1471.693656
1471.704437
1471.71372
1471.721487
1471.72772
1471.732407
1471.735537
1471.737104
23552662.19
23411191.68
23145370.93
22754421.57
22258332.52
21655792.93
20895152.22
19875022.95
19637712.79
19598215.45
19815189.98
19963090.8
15067644.19
846356.7949
9968.510835
1915.047643
1510.886195
1475.533714
1472.525369
1472.279707
1472.258886
1472.256908
1472.256674
1472.256548
1472.256146
1472.25472
1472.250111
1472.236747
1472.20225
1472.123653
1471.966735
1471.693406
1471.693656
1471.704437
1471.71372
1471.721487
1471.72772
1471.732407
1471.735537
1471.737104
23966660.92
23837828.17
23600417.16
23257764.66
22803610.37
22234835.4
21549952.56
20645125.11
19466378.88
19206260.79
19628172.92
17912605.05
12511556.88
489642.6803
6215.809521
1733.205487
1492.832199
1473.874688
1472.393398
1472.27023
1472.258231
1472.256861
1472.25667
1472.256548
1472.256146
1472.25472
1472.250111
1472.236747
1472.20225
1472.123653
1471.966735
1471.693406
1471.693656
1471.704437
1471.71372
1471.721487
1471.72772
1471.732407
1471.735537
1471.737104
24390724.16
24280600.81
24076937.23
23789412.51
23408254.6
22882532.48
22177404.77
21312995.23
20233965.15
19348997.05
19971740.32
15825129.86
8819987.919
106389.4817
2886.697345
1562.495767
1479.297926
1472.890308
1472.327301
1472.265827
1472.257911
1472.256833
1472.256667
1472.256547
1472.256146
1472.25472
1472.250111
1472.236747
1472.20225
1472.123653
1471.966735
1471.693406
1471.693656
1471.704437
1471.71372
1471.721487
1471.72772
1471.732407
1471.735537
1471.737104
24806378.49
24718174.17
24550279.62
24308095.53
23985932.98
23556938.82
22985646.81
22178422.55
21251504.08
20219098.28
20151176.06
11119618.79
451197.9562
5735.150924
1712.52666
1493.87854
1474.680362
1472.591787
1472.307371
1472.264276
1472.257759
1472.256816
1472.256665
1472.256547
1472.256146
1472.25472
1472.250111
1472.236747
1472.20225
1472.123653
1471.966735
1471.693406
1471.693656
1471.704437
1471.71372
1471.721487
1471.72772
1471.732407
1471.735537
1471.737104
25195951.48
25128976.96
24997863.32
24801961.63
24533316.92
24171948.2
23687638.36
23040799.86
22203800.22
21259933.37
21209799.33
1120301.87
11331.39623
1991.096841
1532.544801
1481.481322
1473.85317
1472.533579
1472.302196
1472.263655
1472.257672
1472.256803
1472.256663
1472.256547
1472.256146
1472.25472
1472.250111
1472.236747
1472.20225
1472.123653
1471.966735
1471.693406
1471.693656
1471.704437
1471.71372
1471.721487
1471.72772
1471.732407
1471.735537
1471.737104
25546008.67
25498033.93
25401498.67
25251420.08
25035391.13
24729346.44
24293961.8
23677056.82
22829180.91
21822576.88
21787225.12
515560.7943
4580.666884
1719.437445
1512.525778
1480.007605
1473.723797
1472.516218
1472.299173
1472.263123
1472.257585
1472.25679
1472.256662
1472.256547
1472.256146
1472.25472
1472.250111
1472.236747
1472.20225
1472.123653
1471.966735
1471.693406
1471.693656
1471.704437
1471.71372
1471.721487
1471.72772
1471.732407
1471.735537
1471.737104
25847708.51
25816185.1
25750686.89
25643394.1
25477903.8
25223261.33
24823845.16
24199061.03
23241678.63
21959100.28
21896843.26
302789.089
3765.802553
1688.194966
1509.944939
1479.500072
1473.594798
1472.487397
1472.293627
1472.262179
1472.25744
1472.25677
1472.256659
1472.256546
1472.256146
1472.25472
1472.250111
1472.236747
1472.20225
1472.123653
1471.966735
1471.693406
1471.693656
1471.704437
1471.71372
1471.721487
1471.72772
1471.732407
1471.735537
1471.737104
26096125.4
26078580.81
26040385.93
25972369.96
25856020.57
25657145.03
25309541.71
24704386.34
23660046.74
22213418.74
22189202.67
192293.7602
3356.720641
1679.236783
1508.197934
1478.765969
1473.388725
1472.442456
1472.285312
1472.260817
1472.257238
1472.256742
1472.256655
1472.256546
1472.256146
1472.25472
1472.250111
1472.236747
1472.20225
1472.123653
1471.966735
1471.693406
1471.693657
1471.704437
1471.71372
1471.721487
1471.72772
1471.732407
1471.735537
1471.737104
26289291.95
26283329.3
26268302.17
26234732.51
26164407.13
26026413.74
25760268.29
25256364.7
24216253.03
21954708.66
21870631.91
129919.0878
3218.832518
1685.073325
1507.875926
1478.212365
1473.207059
1472.400762
1472.277433
1472.259517
1472.257045
1472.256716
1472.256652
1472.256546
1472.256146
1472.25472
1472.250111
1472.236747
1472.20225
1472.123653
1471.966735
1471.693406
1471.693657
1471.704437
1471.71372
1471.721487
1471.72772
1471.732407
1471.735537
1471.737104
26427480.15
26430429.61
26433212.11
26425957.98
26391256.43
26308361.26
26150814.94
25899148.22
25317644.21
21507164.92
20075563.36
82862.13889
3220.637602
1706.919029
1510.818031
1478.353228
1473.157794
1472.381747
1472.27311
1472.258735
1472.256922
1472.256699
1472.25665
1472.256545
1472.256146
1472.25472
1472.250111
1472.236747
1472.20225
1472.123653
1471.966736
1471.693406
1471.693657
1471.704437
1471.71372
1471.721487
1471.72772
1471.732407
1471.735537
1471.737104
26513336.05
26522314.97
26536248.82
26541267.54
26512566.52
26430790.67
26350634.69
26509425.13
27646872.34
29259077.55
16828850.67
47689.96898
3313.094557
1739.683189
1516.645196
1479.211991
1473.257572
1472.389503
1472.273085
1472.258581
1472.256885
1472.256693
1472.256649
1472.256545
1472.256146
1472.25472
1472.250111
1472.236747
1472.20225
1472.123653
1471.966736
1471.693406
1471.693657
1471.704437
1471.71372
1471.721487
1471.72772
1471.732407
1471.735537
1471.737104
26551752.53
26564596.93
26584802.17
26591194.09
26532300
26341970.94
26048051.22
25876217.13
27905831.43
28331149.21
5724764.131
31545.8973
3525.375876
1782.673916
1525.030049
1480.69678
1473.487162
1472.42059
1472.276793
1472.258971
1472.256921
1472.256695
1472.256649
1472.256545
1472.256146
1472.25472
1472.250111
1472.236747
1472.20225
1472.123653
1471.966736
1471.693406
1471.693657
1471.704437
1471.71372
1471.721487
1471.72772
1471.732407
1471.735537
1471.737104
26549051.22
26565303.21
26593126.21
26611480.81
26568263.11
26347255.41
25597105.27
25224911.56
24025238.77
16924124.15
937176.34
32019.80609
3830.120445
1833.954177
1535.461169
1482.685748
1473.823658
1472.471291
1472.283682
1472.259824
1472.257018
1472.256706
1472.25665
1472.256545
1472.256146
1472.25472
1472.250111
1472.236747
1472.20225
1472.123653
1471.966736
1471.693406
1471.693657
1471.704437
1471.71372
1471.721487
1471.72772
1471.732407
1471.735537
1471.737104
26511070.91
26530729.83
26568517.39
26609708.52
26618417.49
26526254.29
26213066.61
26189143.68
25295345.9
10239957.8
901099.5696
35616.76407
4139.131892
1886.750755
1546.865198
1485.020306
1474.248128
1472.539933
1472.29368
1472.261151
1472.25718
1472.256724
1472.256652
1472.256545
1472.256146
1472.25472
1472.250111
1472.236747
1472.20225
1472.123653
1471.966736
1471.693406
1471.693657
1471.704437
1471.71372
1471.721487
1471.72772
1471.732407
1471.735537
1471.737104
26442893.93
26464720.86
26510036.54
26571576.9
26629562.48
26654856.79
26630152.06
26642679.78
26537076.99
9828425.52
938796.7162
39435.52973
4467.735144
1944.36753
1559.878128
1487.827451
1474.78574
1472.631258
1472.307613
1472.263084
1472.257426
1472.256753
1472.256655
1472.256546
1472.256146
1472.25472
1472.250111
1472.236747
1472.20225
1472.123653
1471.966736
1471.693406
1471.693657
1471.704437
1471.71372
1471.721487
1471.72772
1471.732407
1471.735538
1471.737104
26349839.13
26372008.68
26419311.57
26488005.89
26567745.97
26646081.68
26720799.61
26761021.25
26729964.91
9611053.304
968812.8346
43595.53579
4855.482853
2013.014088
1575.662546
1491.331218
1475.478773
1472.752918
1472.326787
1472.26583
1472.257787
1472.256797
1472.25666
1472.256546
1472.256146
1472.25472
1472.250111
1472.236747
1472.20225
1472.123653
1471.966736
1471.693406
1471.693657
1471.704437
1471.71372
1471.721487
1471.72772
1471.732407
1471.735538
1471.737104
26237309.38
26258771.38
26302764.5
26362431.37
26429665.95
26493793.4
26554727.82
26602081.03
26597658.46
9368584.08
991551.8441
48284.47783
5317.921771
2094.399374
1594.538398
1495.619277
1476.351489
1472.910774
1472.352426
1472.269614
1472.2583
1472.256861
1472.256668
1472.256547
1472.256146
1472.25472
1472.250111
1472.236747
1472.20225
1472.123653
1471.966736
1471.693406
1471.693657
1471.704437
1471.71372
1471.721487
1471.727721
1471.732407
1471.735538
1471.737104
26109218.4
26130409.38
26168183.76
26209136.28
26230749.28
26216141.94
26162230.81
26063400.58
26066740.27
9195345.725
1007712.783
53316.66745
5842.268494
2186.517844
1616.164339
1500.663556
1477.410907
1473.108719
1472.385633
1472.274673
1472.259007
1472.256953
1472.256679
1472.256548
1472.256146
1472.25472
1472.250111
1472.236747
1472.20225
1472.123653
1471.966736
1471.693406
1471.693657
1471.704437
1471.713721
1471.721487
1471.727721
1471.732407
1471.735538
1471.737104
25966324.14
25988823.52
26026177.78
26050956.97
26019041.78
25886774.1
25606564.6
25108671.69
25082535.54
8999932.858
1009516.898
58386.95255
6431.690081
2291.512612
1641.17439
1506.647999
1478.70591
1473.358252
1472.428803
1472.281456
1472.259985
1472.257083
1472.256695
1472.25655
1472.256146
1472.25472
1472.250111
1472.236747
1472.20225
1472.123653
1471.966736
1471.693406
1471.693657
1471.704437
1471.713721
1471.721487
1471.727721
1471.732407
1471.735538
1471.737104
25806157.13
25835241.21
25881499.78
25913197.22
25872463.93
25685739.14
25177158.97
24891152.76
24429530.27
8641553.32
987406.0472
63207.71882
7102.918522
2413.632885
1670.534156
1513.811139
1480.29502
1473.672765
1472.484732
1472.290491
1472.261324
1472.257267
1472.256718
1472.256553
1472.256147
1472.25472
1472.250111
1472.236747
1472.20225
1472.123653
1471.966736
1471.693406
1471.693657
1471.704437
1471.713721
1471.721487
1471.727721
1471.732408
1471.735538
1471.737105
25622344.05
25661430.24
25725554.39
25784384.04
25785798.14
25670442.53
25355385.64
25300277.45
24217262.78
8140739.822
939517.6045
67355.49414
7829.371221
2548.492456
1703.151978
1521.922564
1482.143202
1474.049541
1472.553821
1472.302006
1472.263085
1472.257516
1472.256751
1472.256557
1472.256147
1472.25472
1472.250111
1472.236747
1472.20225
1472.123653
1471.966736
1471.693407
1471.693657
1471.704437
1471.713721
1471.721487
1471.727721
1471.732408
1471.735538
1471.737105
25405491.4
25457189.89
25546628.72
25645659.1
25715565.12
25736192.65
25751556.07
25476337.43
24297100.05
7633179.807
889186.7804
70896.1565
8530.312482
2679.995503
1735.394672
1530.196532
1484.105149
1474.466669
1472.633566
1472.315849
1472.265288
1472.25784
1472.256796
1472.256563
1472.256148
1472.25472
1472.250111
1472.236747
1472.20225
1472.123653
1471.966736
1471.693407
1471.693657
1471.704437
1471.713721
1471.721487
1471.727721
1471.732408
1471.735538
1471.737105
25145590.95
25212781.4
25333582.51
25480420.97
25628908.88
25774494.9
25800457.34
25587910.98
24436742
7308651.883
875062.8424
74872.23413
9157.442085
2795.961992
1764.708589
1538.115501
1486.091879
1474.912722
1472.723282
1472.332173
1472.268003
1472.258256
1472.256855
1472.256571
1472.256149
1472.25472
1472.250111
1472.236747
1472.20225
1472.123653
1471.966736
1471.693407
1471.693657
1471.704438
1471.713721
1471.721487
1471.727721
1471.732408
1471.735538
1471.737105
24833041.17
24918852.16
25073636.04
25269557.5
25502467.33
25781454.62
25813713.79
25653680.74
24530123.82
7155190.993
893549.3657
79515.3053
9747.415885
2904.556719
1793.248734
1546.222925
1488.230231
1475.415526
1472.828775
1472.352132
1472.271445
1472.258802
1472.256935
1472.256582
1472.25615
1472.25472
1472.250111
1472.236747
1472.20225
1472.123653
1471.966736
1471.693407
1471.693657
1471.704438
1471.713721
1471.721487
1471.727721
1471.732408
1471.735538
1471.737105
24458350.26
24564314.43
24746298.74
24980393.09
25292564.56
25724271.94
25814490.86
25673642.07
24520786.4
6914077.048
896847.328
83979.23658
10421.41568
3032.204844
1826.791979
1555.80028
1490.78938
1476.028276
1472.960079
1472.37755
1472.275935
1472.259533
1472.257046
1472.256597
1472.256152
1472.25472
1472.250111
1472.236747
1472.20225
1472.123653
1471.966736
1471.693407
1471.693657
1471.704438
1471.713721
1471.721487
1471.727721
1471.732408
1471.735538
1471.737105
24009153.21
24130699.36
24318579.3
24563100.26
24908009.44
25363397.7
25798033.02
25644856.44
24362525.12
6411310.398
870265.6739
89412.99227
11371.00727
3203.760413
1869.4814
1567.645206
1493.93063
1476.784296
1473.124131
1472.409852
1472.281756
1472.2605
1472.257195
1472.256619
1472.256155
1472.254721
1472.250111
1472.236747
1472.20225
1472.123653
1471.966736
1471.693407
1471.693657
1471.704438
1471.713721
1471.721487
1471.727721
1471.732408
1471.735538
1471.737105
23462846.32
23588234.24
23764080.14
23987725.09
24323103.43
24793854.33
25437694.87
25592880.92
24037267.05
6023612.104
896954.885
100213.9969
12726.07553
3419.089657
1920.006201
1581.427522
1497.601528
1477.680371
1473.322249
1472.449692
1472.289097
1472.261749
1472.257392
1472.256648
1472.256159
1472.254721
1472.250111
1472.236747
1472.20225
1472.123653
1471.966736
1471.693407
1471.693657
1471.704438
1471.713721
1471.721487
1471.727721
1471.732408
1471.735538
1471.737105
22788405.41
22913931.08
23065515.97
23236130.92
23497333.56
23861871.84
24300268.18
24898578.64
23560896.39
5390851.46
870574.2156
106986.7396
13921.22644
3630.271773
1971.981952
1596.119302
1501.641496
1478.695771
1473.552936
1472.497297
1472.298093
1472.263317
1472.257646
1472.256686
1472.256165
1472.254722
1472.250112
1472.236747
1472.20225
1472.123653
1471.966736
1471.693407
1471.693657
1471.704438
1471.713721
1471.721488
1471.727721
1471.732408
1471.735538
1471.737105
21985407.41
22108860
22224185.84
22298081.43
22430281.93
22684792.91
22992704.83
22908105.01
22987204.56
4526259.568
781852.9675
108276.8341
14868.37345
3831.761649
2024.589004
1611.503725
1505.99589
1479.819911
1473.814888
1472.552689
1472.30881
1472.26523
1472.257963
1472.256735
1472.256172
1472.254723
1472.250112
1472.236747
1472.20225
1472.123653
1471.966736
1471.693407
1471.693657
1471.704438
1471.713721
1471.721488
1471.727721
1471.732408
1471.735538
1471.737105
21086402.91
21195643.37
21245067.23
21160212.12
21089854.1
21229059.01
21685859.42
22072349.1
22210662.58
3847623.272
765642.4868
115531.8432
16205.95063
4068.825194
2082.287793
1627.995232
1510.668368
1481.040812
1474.104252
1472.615056
1472.321121
1472.267472
1472.258342
1472.256795
1472.256181
1472.254724
1472.250112
1472.236747
1472.20225
1472.123653
1471.966736
1471.693407
1471.693657
1471.704438
1471.713721
1471.721488
1471.727721
1471.732408
1471.735538
1471.737105
20120838.35
20188739.86
20111994.25
19779836.59
19350233.42
18959319.66
19279168.08
19568121.79
19802114.62
3494506.303
857169.7135
132731.9301
18174.1877
4353.022274
2144.854702
1645.159559
1515.484948
1482.306229
1474.407911
1472.681537
1472.334471
1472.269946
1472.258768
1472.256864
1472.256191
1472.254726
1472.250112
1472.236747
1472.20225
1472.123653
1471.966736
1471.693407
1471.693658
1471.704438
1471.713721
1471.721488
1471.727721
1471.732408
1471.735538
1471.737105
19080234.15
19066767.65
18828112.64
18258308.2
17358737.05
16388748.07
16439296.39
16135834.82
11783650.55
3443841.568
978578.568
152892.7316
20305.08491
4637.032486
2204.241593
1661.128915
1519.964838
1483.494413
1474.697046
1472.745854
1472.347604
1472.272421
1472.259201
1472.256934
1472.256202
1472.254727
1472.250112
1472.236747
1472.20225
1472.123653
1471.966736
1471.693407
1471.693658
1471.704438
1471.713721
1471.721488
1471.727721
1471.732408
1471.735538
1471.737105
17897281.36
17720905.23
17291924.21
16768163.74
15878116.92
15722510.36
15360544.48
12550542.8
7331885.3
3686250.199
1071846.646
166893.5152
21762.55598
4830.970172
2245.308723
1672.453451
1523.240256
1484.390391
1474.921527
1472.797153
1472.358341
1472.274492
1472.259571
1472.256996
1472.256211
1472.254729
1472.250112
1472.236747
1472.20225
1472.123653
1471.966736
1471.693407
1471.693658
1471.704438
1471.713721
1471.721488
1471.727721
1471.732408
1471.735538
1471.737105
16526218.02
16026377.07
15167509.66
15298992.23
15487376.44
15682221.72
14721628.17
10017857.24
6989138.548
3581461.403
1033579.464
161269.9665
21350.1346
4808.581419
2247.109743
1674.432141
1524.149954
1484.711725
1475.016486
1472.82153
1472.363907
1472.275641
1472.259788
1472.257034
1472.256217
1472.254729
1472.250113
1472.236747
1472.20225
1472.123653
1471.966736
1471.693407
1471.693658
1471.704438
1471.713721
1471.721488
1471.727721
1471.732408
1471.735538
1471.737105
15158711.4
14857020.17
14878560.42
15010485.99
15092090.02
15677430.22
14016469.58
8031634.279
5833518.624
3004431.791
850679.3006
133686.2533
18732.2409
4518.200024
2199.169689
1664.492395
1522.029689
1484.292009
1474.9427
1472.81036
1472.362533
1472.275529
1472.259791
1472.257038
1472.256218
1472.25473
1472.250113
1472.236747
1472.20225
1472.123653
1471.966736
1471.693407
1471.693658
1471.704438
1471.713721
1471.721488
1471.727721
1471.732408
1471.735538
1471.737105
14676221.57
14653614.36
14537932.1
14318189.74
14034063.88
13433747.6
9210758.408
6901738.052
4889710.14
2357147.725
634452.9182
100276.6751
15301.63506
4093.171729
2121.572506
1646.846903
1517.861008
1483.354735
1474.747669
1472.772966
1472.355909
1472.274441
1472.259625
1472.257014
1472.256215
1472.254729
1472.250113
1472.236747
1472.20225
1472.123653
1471.966736
1471.693407
1471.693658
1471.704438
1471.713721
1471.721488
1471.727721
1471.732408
1471.735538
1471.737105
14549296.8
14366580.02
14008864.85
13652690.58
13391831.46
12805813.25
8260845.774
5843555.291
4008176.601
1892586.753
494562.7987
79271.91143
13026.70688
3786.705288
2062.030129
1632.773092
1514.438586
1482.563784
1474.578187
1472.739406
1472.349748
1472.273388
1472.259456
1472.256988
1472.256212
1472.254729
1472.250112
1472.236747
1472.20225
1472.123653
1471.966736
1471.693407
1471.693658
1471.704438
1471.713721
1471.721488
1471.727721
1471.732408
1471.735538
1471.737105
)
;

boundaryField
{
    lowerWall
    {
        type            calculated;
        value           nonuniform List<scalar> 
80
(
1471.737105
1471.737105
1471.737105
1471.737105
1471.737105
1471.737105
1471.737105
1471.737105
1471.737105
1471.737105
1471.737105
1471.737105
1471.737105
1471.737105
1471.737105
1471.737105
1471.737105
1471.737105
1471.737105
1471.737104
1471.737104
1471.737104
1471.737104
1471.737104
1471.737104
1471.737104
1471.737104
1471.737104
1471.737104
1471.737104
1471.737104
1471.737104
1471.737104
1471.737104
1471.737104
1471.737104
1471.737104
1471.737104
1471.737104
1471.737104
1471.737104
1471.737104
1471.737104
1471.737104
1471.737104
1471.737104
1471.737104
1471.737104
1471.737104
1471.737104
1471.737104
1471.737104
1471.737104
1471.737104
1471.737104
1471.737104
1471.737104
1471.737104
1471.737104
1471.737104
1471.737104
1471.737104
1471.737105
1471.737105
1471.737105
1471.737105
1471.737105
1471.737105
1471.737105
1471.737105
1471.737105
1471.737105
1471.737105
1471.737105
1471.737105
1471.737105
1471.737105
1471.737105
1471.737105
1471.737105
)
;
    }
    atmosphere
    {
        type            calculated;
        value           nonuniform List<scalar> 
80
(
13567938.19
13480258.06
13442489.34
13621345.93
14078240.96
14148795.62
14120576.56
14171166.86
14357604.39
14595807.17
14858016.93
15136150.98
15428666.94
15745889.01
16086043.53
16440595.59
16799434.14
17151738.93
17486514.21
17793853.08
18066800.38
18302634.62
18502557.66
18670371.26
18810947.01
18929107.43
19029621.8
19118306.16
19203082.88
19294177.74
19403717.15
19544448.02
19727959.74
19962307.77
20250052.96
20586880.86
20961318.6
21355837.63
21752220.18
22134389.91
22491920.38
22827389.37
23170867.74
23552662.19
23966660.92
24390724.16
24806378.49
25195951.48
25546008.67
25847708.51
26096125.4
26289291.95
26427480.15
26513336.05
26551752.53
26549051.22
26511070.91
26442893.93
26349839.13
26237309.38
26109218.4
25966324.14
25806157.13
25622344.05
25405491.4
25145590.95
24833041.17
24458350.26
24009153.21
23462846.32
22788405.41
21985407.41
21086402.91
20120838.35
19080234.15
17897281.36
16526218.02
15158711.4
14676221.57
14549296.8
)
;
    }
    rightWall
    {
        type            empty;
    }
    leftWall
    {
        type            empty;
    }
    frontAndBack
    {
        type            calculated;
        value           nonuniform List<scalar> 
80
(
13567902.82
13678456.61
13734733.6
12923181.21
9859505.721
7754953.253
7412930.698
6367353.446
3171075.492
703800.2289
77465.23527
9685.914368
2880.148905
1784.953374
1543.601457
1487.405718
1475.08689
1472.619916
1472.169152
1472.093558
1472.081842
1472.080148
1472.079896
1472.079766
1472.079363
1472.077936
1472.073329
1472.059965
1472.025472
1471.946883
1471.789981
1471.51668
1471.516931
1471.52771
1471.536992
1471.544758
1471.55099
1471.555677
1471.558806
1471.560373
14549262.91
14366545.84
14008830.13
13652655.33
13391795.84
12805776.82
8260805.474
5843515.742
4008140.117
1892559.143
494549.3904
79267.97438
13025.69109
3786.323676
2061.797101
1632.580615
1514.257647
1482.385984
1474.401174
1472.562575
1472.172955
1472.096603
1472.082673
1472.080205
1472.079428
1472.077946
1472.07333
1472.059965
1472.025472
1471.946883
1471.789981
1471.516679
1471.51693
1471.527709
1471.536991
1471.544757
1471.55099
1471.555676
1471.558806
1471.560373
)
;
    }
}


// ************************************************************************* //
