/*--------------------------------*- C++ -*----------------------------------*\
| =========                 |                                                 |
| \\      /  F ield         | OpenFOAM: The Open Source CFD Toolbox           |
|  \\    /   O peration     | Version:  2506                                  |
|   \\  /    A nd           | Website:  www.openfoam.com                      |
|    \\/     M anipulation  |                                                 |
\*---------------------------------------------------------------------------*/
FoamFile
{
    version     2.0;
    format      ascii;
    arch        "LSB;label=32;scalar=64";
    class       volScalarField;
    location    "0.009";
    object      T;
}
// * * * * * * * * * * * * * * * * * * * * * * * * * * * * * * * * * * * * * //

dimensions      [0 0 0 1 0 0 0];

internalField   nonuniform List<scalar> 
3200
(
1801.549806
1811.339066
1816.339406
1745.30944
1493.571939
1329.416267
1302.934662
1221.659314
956.3126429
660.4354571
459.5736127
358.8872233
318.5715945
305.1022645
301.2398085
300.2697752
300.0531127
300.009545
300.0015779
300.0002416
300.0000344
300.0000045
300
299.9999977
299.9999906
299.9999654
299.9998839
299.9996477
299.9990379
299.9976486
299.9948745
299.990042
299.9900464
299.990237
299.9904012
299.9905385
299.9906487
299.9907316
299.9907869
299.9908146
1793.817225
1790.630198
1784.015212
1655.06825
1512.597241
1358.274332
1273.782496
1171.372201
914.3970321
638.8416322
451.3747309
356.4439193
317.9913131
304.9963712
301.2277015
300.2703533
300.0539366
300.009841
300.0016559
300.0002589
300.0000379
300.0000051
300.0000001
299.9999978
299.9999906
299.9999654
299.9998839
299.9996477
299.9990379
299.9976486
299.9948745
299.990042
299.9900464
299.990237
299.9904012
299.9905385
299.9906487
299.9907316
299.9907869
299.9908146
1790.49478
1775.926424
1745.600444
1673.15276
1628.426674
1662.458766
1293.784506
1119.615944
857.1004236
610.1961205
440.9432848
353.6053007
317.456712
304.9611302
301.2502945
300.2832613
300.0583805
300.0110621
300.0019455
300.0003203
300.0000497
300.0000072
300.0000005
299.9999978
299.9999906
299.9999654
299.9998839
299.9996477
299.9990379
299.9976486
299.9948745
299.990042
299.9900464
299.990237
299.9904012
299.9905385
299.9906487
299.9907316
299.9907869
299.9908146
1806.273395
1789.447839
1771.901514
1744.871556
1713.381648
1709.145056
1369.097091
1080.954503
807.7843727
591.0678179
436.1457276
353.4862083
318.0637463
305.3487257
301.412154
300.337287
300.0737964
300.0149501
300.0028298
300.0005041
300.000085
300.0000135
300.0000016
299.999998
299.9999907
299.9999654
299.9998839
299.9996477
299.9990379
299.9976486
299.9948745
299.990042
299.9900464
299.990237
299.9904012
299.9905385
299.9906487
299.9907316
299.9907869
299.9908146
1847.116177
1817.792191
1817.536342
1815.922211
1782.075284
1728.218417
1436.870166
1126.723571
824.0006278
599.084061
444.302429
359.4086973
321.2322198
306.7037844
301.8992377
300.4891536
300.1157501
300.0253772
300.0051883
300.0009941
300.0001791
300.0000304
300.0000044
299.9999984
299.9999907
299.9999654
299.9998839
299.9996477
299.9990379
299.9976486
299.9948745
299.990042
299.9900464
299.990237
299.9904012
299.9905385
299.9906487
299.9907316
299.9907869
299.9908146
1853.494706
1818.686067
1817.907667
1816.197726
1792.933429
1769.104437
1519.494018
1074.247416
817.6183412
618.8237214
466.1380449
374.1208325
328.7671918
309.8647899
303.0287498
300.8415888
300.2134812
300.0497846
300.0107357
300.0021513
300.0004023
300.0000704
300.0000111
299.9999995
299.9999909
299.9999654
299.9998839
299.9996477
299.9990379
299.9976486
299.9948745
299.990042
299.9900464
299.990237
299.9904012
299.9905385
299.9906487
299.9907316
299.9907869
299.9908146
1850.941186
1820.419075
1817.896872
1814.926314
1762.360516
1734.497823
1662.299797
1182.234805
869.2841542
672.0217106
510.8423489
402.7774375
343.3795656
316.0422642
305.2598122
301.5451018
300.4103804
300.0993347
300.0220652
300.0045253
300.0008615
300.0001528
300.0000249
300.0000016
299.9999912
299.9999655
299.999884
299.9996477
299.9990379
299.9976486
299.9948745
299.990042
299.9900464
299.990237
299.9904012
299.9905385
299.9906487
299.9907316
299.9907869
299.9908146
1855.52131
1841.093724
1820.213568
1785.594831
1710.970855
1704.629728
1683.092376
1520.269156
1037.134585
769.5923629
580.8106156
447.0979554
366.413062
326.0023644
308.9303324
302.7219627
300.7441594
300.1841989
300.0416198
300.0086458
300.0016615
300.0002969
300.0000491
300.0000054
299.9999918
299.9999656
299.999884
299.9996477
299.9990379
299.9976486
299.9948745
299.990042
299.9900464
299.990237
299.9904012
299.9905385
299.9906487
299.9907316
299.9907869
299.9908146
1872.489035
1861.104105
1839.527457
1804.358623
1740.982753
1734.606278
1769.240195
1699.879934
1211.056282
867.9802788
654.9863586
497.5880457
394.357606
338.6801274
313.7729076
304.3169364
301.2057823
300.3033696
300.0693923
300.0145462
300.0028137
300.0005051
300.0000841
300.000011
299.9999926
299.9999657
299.999884
299.9996477
299.9990379
299.9976486
299.9948745
299.990042
299.9900464
299.990237
299.9904012
299.9905385
299.9906487
299.9907316
299.9907869
299.9908146
1894.376843
1884.520186
1865.139105
1835.951819
1794.877099
1754.503914
1740.055654
1783.302195
1488.20659
962.759565
708.3407082
537.9358789
419.4530756
351.0316419
318.761626
306.0261528
301.7148515
300.4375936
300.1011633
300.0213727
300.0041572
300.0007491
300.0001253
300.0000174
299.9999935
299.9999658
299.999884
299.9996477
299.9990379
299.9976486
299.9948745
299.990042
299.9900464
299.990237
299.9904012
299.9905385
299.9906487
299.9907316
299.9907869
299.9908146
1918.752174
1910.732875
1893.340845
1866.273339
1830.714436
1795.93115
1789.135307
1802.367305
1696.030952
1061.634859
719.9439659
559.9898905
436.7645305
360.5114136
322.8425417
307.4859131
302.1632439
300.558517
300.1302604
300.0276978
300.0054117
300.000978
300.0001639
300.0000235
299.9999944
299.9999659
299.999884
299.9996477
299.9990379
299.9976486
299.9948745
299.990042
299.9900464
299.990237
299.9904012
299.9905385
299.9906487
299.9907316
299.9907869
299.9908146
1944.944539
1939.233454
1923.597533
1895.161604
1854.604727
1807.471554
1766.30587
1763.724316
1714.445492
1191.714871
757.2442485
583.6513339
450.9841974
367.7037495
325.8726421
308.5680908
302.497292
300.6491361
300.1521635
300.0324687
300.0063571
300.0011498
300.0001928
300.000028
299.9999951
299.999966
299.999884
299.9996477
299.9990379
299.9976486
299.9948745
299.990042
299.9900464
299.990237
299.9904012
299.9905385
299.9906487
299.9907316
299.9907869
299.9908146
1972.882681
1969.585816
1956.222049
1925.321144
1875.142373
1811.611863
1746.17878
1738.76924
1702.653582
1256.227719
827.5191549
620.3245359
467.3946853
374.3248896
328.296964
309.3663475
302.7321574
300.710875
300.1667226
300.0355672
300.006956
300.0012556
300.0002099
300.0000306
299.9999954
299.9999661
299.999884
299.9996477
299.9990379
299.9976486
299.9948745
299.990042
299.9900464
299.990237
299.9904012
299.9905385
299.9906487
299.9907316
299.9907869
299.9908146
2003.656483
2001.048238
1989.431693
1958.435923
1898.467114
1816.857298
1722.280324
1705.19654
1718.408106
1350.482394
935.1975429
671.0105654
486.9764277
381.1446635
330.5095016
310.0325494
302.9155907
300.756546
300.1769568
300.0376306
300.0073309
300.001317
300.000219
300.0000318
299.9999956
299.9999661
299.999884
299.9996477
299.9990379
299.9976486
299.9948745
299.990042
299.9900464
299.990237
299.9904012
299.9905385
299.9906487
299.9907316
299.9907869
299.9908146
2037.234281
2034.354985
2022.514767
1990.602879
1925.105394
1826.54967
1700.600213
1692.863418
1696.132216
1532.305706
1067.400123
726.2232827
507.3683229
388.1448488
332.7696759
310.7078565
303.0986027
300.8009755
300.1865693
300.0394809
300.0076471
300.0013647
300.0002253
300.0000325
299.9999956
299.9999661
299.999884
299.9996477
299.9990379
299.9976486
299.9948745
299.990042
299.9900464
299.990237
299.9904012
299.9905385
299.9906487
299.9907316
299.9907869
299.9908146
2072.907294
2069.343442
2056.483586
2023.552208
1955.316868
1848.554501
1705.284219
1696.517555
1696.579081
1693.323832
1144.256513
763.1806337
523.8408418
394.8243827
335.1760169
311.4680221
303.3085892
300.8518331
300.1974129
300.041522
300.007986
300.001414
300.0002314
300.0000331
299.9999957
299.9999661
299.999884
299.9996477
299.9990379
299.9976486
299.9948745
299.990042
299.9900464
299.990237
299.9904012
299.9905385
299.9906487
299.9907316
299.9907869
299.9908146
2109.753099
2105.435088
2091.669338
2059.125814
1994.608087
1895.630291
1779.652741
1699.265538
1721.930702
1718.996295
1167.868659
785.4111698
537.3417676
401.281108
337.6757947
312.2721619
303.5283483
300.9036694
300.2080705
300.043439
300.0082864
300.0014542
300.0002357
300.0000334
299.9999957
299.9999661
299.999884
299.9996477
299.9990379
299.9976486
299.9948745
299.990042
299.9900464
299.990237
299.9904012
299.9905385
299.9906487
299.9907316
299.9907869
299.9908146
2146.696875
2141.648405
2127.167937
2095.907133
2038.745399
1951.754193
1852.483797
1759.217757
1705.362319
1685.089747
1164.856804
800.7640502
548.9989866
407.079154
339.8739127
312.9429764
303.6981295
300.9397932
300.2145097
300.0443696
300.0083825
300.0014565
300.0002337
300.0000327
299.9999955
299.999966
299.999884
299.9996477
299.9990379
299.9976486
299.9948745
299.990042
299.9900464
299.990237
299.9904012
299.9905385
299.9906487
299.9907316
299.9907869
299.9908146
2182.549723
2176.710195
2161.244215
2130.301656
2077.161159
1998.196564
1900.735238
1798.095663
1693.341518
1672.411798
1171.788649
815.134115
558.3332822
411.0909781
341.1404292
313.2373302
303.7425403
300.9402933
300.2121156
300.0433576
300.0080951
300.0013901
300.0002204
300.0000303
299.9999951
299.999966
299.999884
299.9996477
299.9990379
299.9976486
299.9948745
299.990042
299.9900464
299.990237
299.9904012
299.9905385
299.9906487
299.9907316
299.9907869
299.9908146
2216.141353
2209.33144
2192.305638
2160.126636
2107.289598
2030.277215
1931.532519
1818.74016
1696.48461
1673.67808
1187.710219
827.1910912
563.1696784
411.9868294
340.9124128
312.9670778
303.6091373
300.8926011
300.1982489
300.0399115
300.0073422
300.0012428
300.0001943
300.0000261
299.9999945
299.9999659
299.999884
299.9996477
299.9990379
299.9976486
299.9948745
299.990042
299.9900464
299.990237
299.9904012
299.9905385
299.9906487
299.9907316
299.9907869
299.9908146
2246.545704
2238.526974
2219.313651
2184.453714
2129.046475
2049.558602
1946.827777
1826.583534
1694.197202
1662.658177
1195.695597
828.6163601
559.7098653
408.3362081
338.7512682
312.0235382
303.2770354
300.7940628
300.17291
300.0341539
300.0061692
300.0010261
300.0001576
300.0000204
299.9999937
299.9999658
299.999884
299.9996477
299.9990379
299.9976486
299.9948745
299.990042
299.9900464
299.990237
299.9904012
299.9905385
299.9906487
299.9907316
299.9907869
299.9908146
2273.269207
2263.876285
2242.070202
2203.622221
2143.839681
2059.086523
1950.141789
1822.599327
1679.362717
1640.726869
1188.220673
812.9927861
544.8436629
399.1087534
334.4342876
310.3921223
302.7586572
300.6518669
300.1385897
300.0267583
300.0047297
300.0007706
300.0001159
300.0000141
299.9999928
299.9999657
299.999884
299.9996477
299.9990379
299.9976486
299.9948745
299.990042
299.9900464
299.990237
299.9904012
299.9905385
299.9906487
299.9907316
299.9907869
299.9908146
2296.265975
2285.515758
2261.137881
2219.006094
2154.291464
2062.525328
1946.307596
1813.748883
1667.830507
1633.807336
1161.001893
777.5811589
517.9134727
384.5147469
328.2481353
308.2321059
302.1165472
300.4855847
300.1004345
300.0188974
300.0032601
300.0005191
300.0000762
300.0000083
299.999992
299.9999656
299.999884
299.9996477
299.9990379
299.9976486
299.9948745
299.990042
299.9900464
299.990237
299.9904012
299.9905385
299.9906487
299.9907316
299.9907869
299.9908146
2315.820378
2303.942842
2277.511373
2232.595332
2164.224696
2067.490883
1947.040914
1815.654422
1685.196951
1675.376143
1119.021338
727.3964619
482.9372339
366.8628316
321.2195762
305.913717
301.4625297
300.324209
300.0650193
300.0118949
300.0019997
300.0003108
300.0000444
300.0000037
299.9999914
299.9999655
299.999884
299.9996477
299.9990379
299.9976486
299.9948745
299.990042
299.9900464
299.990237
299.9904012
299.9905385
299.9906487
299.9907316
299.9907869
299.9908146
2332.382542
2319.75203
2292.144811
2246.23153
2178.123576
2084.345871
1967.222258
1840.334092
1713.881484
1705.819308
1072.469745
674.2351566
447.8088019
350.0071716
314.8225235
303.8980588
300.9181888
300.1953437
300.0378235
300.0067118
300.0010984
300.0001666
300.0000231
300.0000008
299.999991
299.9999654
299.9998839
299.9996477
299.9990379
299.9976486
299.9948745
299.990042
299.9900464
299.990237
299.9904012
299.9905385
299.9906487
299.9907316
299.9907869
299.9908146
2346.435104
2333.397308
2305.376202
2259.843381
2194.25092
2107.177453
2000.556933
1879.832516
1746.726733
1732.950084
1030.642783
630.3813292
420.2085099
337.3435624
310.2104867
302.4995847
300.5539285
300.1120078
300.0207963
300.0035645
300.0005667
300.0000838
300.0000111
299.9999992
299.9999908
299.9999654
299.9998839
299.9996477
299.9990379
299.9976486
299.9948745
299.990042
299.9900464
299.990237
299.9904012
299.9905385
299.9906487
299.9907316
299.9907869
299.9908146
2358.48545
2345.202292
2317.026439
2272.056481
2208.614952
2126.054092
2024.815788
1906.032683
1760.328279
1739.228056
1001.090568
600.8634388
402.6386911
329.6570647
307.5224785
301.7128015
300.3553551
300.0678645
300.0120129
300.0019805
300.0003052
300.000044
300.0000055
299.9999984
299.9999907
299.9999654
299.9998839
299.9996477
299.9990379
299.9976486
299.9948745
299.990042
299.9900464
299.990237
299.9904012
299.9905385
299.9906487
299.9907316
299.9907869
299.9908146
2369.192454
2355.645598
2327.163169
2282.220003
2219.580401
2138.841062
2039.985518
1923.360198
1783.365683
1768.792346
991.0710562
586.8194596
394.0172041
325.9032576
306.2319324
301.3429216
300.2639951
300.0479723
300.0081312
300.001293
300.0001936
300.0000272
300.0000031
299.9999981
299.9999907
299.9999654
299.9998839
299.9996477
299.9990379
299.9976486
299.9948745
299.990042
299.9900464
299.990237
299.9904012
299.9905385
299.9906487
299.9907316
299.9907869
299.9908146
2379.494414
2365.58285
2336.49843
2290.9235
2227.88097
2147.258771
2049.749776
1937.236998
1808.986436
1799.737002
1007.402865
587.9302419
392.3102041
324.7205408
305.7535001
301.1961698
300.2267382
300.0397915
300.0065358
300.0010118
300.0001482
300.0000205
300.0000022
299.999998
299.9999906
299.9999654
299.9998839
299.9996477
299.9990379
299.9976486
299.9948745
299.990042
299.9900464
299.990237
299.9904012
299.9905385
299.9906487
299.9907316
299.9907869
299.9908146
2390.637993
2376.251615
2346.280538
2299.518297
2235.183389
2153.556227
2056.705629
1948.736523
1833.758392
1825.338177
1045.982091
600.240138
395.103988
325.0173241
305.6900895
301.1524305
300.2125819
300.0363382
300.0058281
300.000884
300.0001274
300.0000174
300.0000017
299.9999979
299.9999906
299.9999654
299.9998839
299.9996477
299.9990379
299.9976486
299.9948745
299.990042
299.9900464
299.990237
299.9904012
299.9905385
299.9906487
299.9907316
299.9907869
299.9908146
2404.140923
2389.247943
2358.298181
2310.151851
2244.179413
2161.044836
2063.668017
1957.932834
1888.800983
1845.603979
1104.678884
621.9142664
401.1886072
326.2712923
305.8638351
301.1605981
300.208787
300.0348104
300.0054566
300.0008116
300.0001151
300.0000155
300.0000015
299.9999979
299.9999906
299.9999654
299.9998839
299.9996477
299.9990379
299.9976486
299.9948745
299.990042
299.9900464
299.990237
299.9904012
299.9905385
299.9906487
299.9907316
299.9907869
299.9908146
2421.657374
2406.352022
2374.622175
2325.45592
2258.534174
2175.151453
2078.936566
1965.6882
1919.854726
1862.439029
1179.005563
656.0086686
411.3036301
328.5111476
306.2432503
301.2071771
300.2116042
300.034355
300.0052514
300.000764
300.0001064
300.0000141
300.0000013
299.9999979
299.9999906
299.9999654
299.9998839
299.9996477
299.9990379
299.9976486
299.9948745
299.990042
299.9900464
299.990237
299.9904012
299.9905385
299.9906487
299.9907316
299.9907869
299.9908146
2444.790964
2429.346563
2397.473174
2348.528654
2283.080792
2205.010633
2130.984519
2116.953656
1992.761282
1882.662789
1308.953763
731.9231005
432.0865579
332.6876466
306.9123941
301.2923358
300.2192489
300.0344985
300.0051237
300.000727
300.0000992
300.0000129
300.0000011
299.9999979
299.9999906
299.9999654
299.9998839
299.9996477
299.9990379
299.9976486
299.9948745
299.990042
299.9900464
299.990237
299.9904012
299.9905385
299.9906487
299.9907316
299.9907869
299.9908146
2474.830765
2459.633704
2428.490225
2381.391437
2320.237093
2250.89181
2183.989791
2171.855084
2159.882213
2004.866855
1664.603634
1061.216744
496.6770378
343.1510603
308.3468374
301.4595423
300.2347747
300.0353241
300.0050512
300.0006949
300.0000925
300.0000118
300.000001
299.9999978
299.9999906
299.9999654
299.9998839
299.9996477
299.9990379
299.9976486
299.9948745
299.990042
299.9900464
299.990237
299.9904012
299.9905385
299.9906487
299.9907316
299.9907869
299.9908146
2512.512989
2498.035765
2468.662936
2425.478367
2374.148309
2335.215214
2383.070039
2450.537564
2521.564414
2272.683614
2316.716705
2678.83011
708.5809404
370.9665195
311.6286517
301.8054067
300.266484
300.0375277
300.0050885
300.0006712
300.0000866
300.0000108
300.0000008
299.9999978
299.9999906
299.9999654
299.9998839
299.9996477
299.9990379
299.9976486
299.9948745
299.990042
299.9900464
299.990237
299.9904012
299.9905385
299.9906487
299.9907316
299.9907869
299.9908146
2557.802183
2544.446713
2517.351173
2477.714035
2430.337555
2387.286312
2367.491859
2326.501967
2616.76825
2314.87356
2768.634299
3579.194571
986.3168071
415.4936707
317.1905106
302.3982429
300.3216885
300.0417857
300.0052966
300.0006615
300.0000819
300.0000099
300.0000007
299.9999978
299.9999906
299.9999654
299.9998839
299.9996477
299.9990379
299.9976486
299.9948745
299.990042
299.9900464
299.990237
299.9904012
299.9905385
299.9906487
299.9907316
299.9907869
299.9908146
2609.740454
2597.773752
2573.365363
2537.47344
2494.01111
2452.954893
2431.619707
2450.930041
2585.785277
2606.576522
2581.058811
2537.522788
1630.164462
476.2016024
324.1252575
303.1430689
300.3908226
300.0471103
300.0055803
300.0006578
300.0000778
300.0000091
300.0000006
299.9999978
299.9999906
299.9999654
299.9998839
299.9996477
299.9990379
299.9976486
299.9948745
299.990042
299.9900464
299.990237
299.9904012
299.9905385
299.9906487
299.9907316
299.9907869
299.9908146
2666.415394
2655.591691
2633.391525
2600.837232
2561.405469
2522.709419
2501.955516
2524.703313
2621.128011
2782.857729
3196.341743
3295.043769
2102.846026
556.822055
334.9416281
304.2988574
300.495588
300.055061
300.00603
300.0006638
300.0000744
300.0000084
300.0000004
299.9999978
299.9999906
299.9999654
299.9998839
299.9996477
299.9990379
299.9976486
299.9948745
299.990042
299.9900464
299.990237
299.9904012
299.9905385
299.9906487
299.9907316
299.9907869
299.9908146
2725.54108
2715.194041
2693.927559
2662.755513
2624.713847
2586.060298
2560.125841
2565.355928
2615.030346
2708.351878
2873.76736
3036.263522
2895.092268
691.0328231
351.7230418
306.1481443
300.6741625
300.069885
300.0070463
300.0007125
300.0000741
300.0000079
300.0000004
299.9999978
299.9999906
299.9999654
299.9998839
299.9996477
299.9990379
299.9976486
299.9948745
299.990042
299.9900464
299.990237
299.9904012
299.9905385
299.9906487
299.9907316
299.9907869
299.9908146
2784.797138
2773.72289
2751.195534
2718.413139
2678.143227
2635.626631
2599.931164
2582.550451
2588.152774
2609.697685
2658.214232
2781.865367
2956.01663
768.4519191
368.7445895
308.3976625
300.9099899
300.0906055
300.0085728
300.0008012
300.0000769
300.0000077
300.0000003
299.9999978
299.9999906
299.9999654
299.9998839
299.9996477
299.9990379
299.9976486
299.9948745
299.990042
299.9900464
299.990237
299.9904012
299.9905385
299.9906487
299.9907316
299.9907869
299.9908146
2842.405963
2828.68414
2801.809657
2763.729022
2717.075827
2666.468777
2618.580551
2579.326133
2546.806358
2503.476454
2440.760242
2432.901092
2521.603954
803.5491408
380.1382975
310.1492324
301.0960854
300.1056949
300.009495
300.0008336
300.0000753
300.0000072
300.0000002
299.9999977
299.9999906
299.9999654
299.9998839
299.9996477
299.9990379
299.9976486
299.9948745
299.990042
299.9900464
299.990237
299.9904012
299.9905385
299.9906487
299.9907316
299.9907869
299.9908146
2898.532198
2879.697733
2845.464812
2799.414406
2742.79334
2679.778732
2617.180674
2557.482207
2497.954738
2420.611266
2255.372671
2203.675289
2199.626272
797.6757772
384.9306029
311.0314877
301.1824847
300.1105523
300.0094819
300.0007906
300.0000684
300.0000063
300.0000001
299.9999977
299.9999906
299.9999654
299.9998839
299.9996477
299.9990379
299.9976486
299.9948745
299.990042
299.9900464
299.990237
299.9904012
299.9905385
299.9906487
299.9907316
299.9907869
299.9908146
2958.253435
2934.206182
2890.966646
2833.808843
2763.942486
2685.4919
2602.42281
2518.978809
2447.843922
2434.555585
2400.510228
2232.534141
2036.532706
763.436377
378.5339076
310.0155668
301.0457438
300.0948571
300.0079056
300.0006473
300.0000561
300.0000053
300
299.9999977
299.9999906
299.9999654
299.9998839
299.9996477
299.9990379
299.9976486
299.9948745
299.990042
299.9900464
299.990237
299.9904012
299.9905385
299.9906487
299.9907316
299.9907869
299.9908146
3027.557171
3001.500897
2953.737642
2886.145112
2804.521047
2710.946373
2600.435352
2463.575616
2433.372446
2428.400651
2455.906216
2474.932096
1938.460067
685.9717719
359.9676752
307.0061889
300.675567
300.0578724
300.0047491
300.0004071
300.000039
300.0000041
299.9999999
299.9999977
299.9999906
299.9999654
299.9998839
299.9996477
299.9990379
299.9976486
299.9948745
299.990042
299.9900464
299.990237
299.9904012
299.9905385
299.9906487
299.9907316
299.9907869
299.9908146
3106.537132
3081.506561
3036.456547
2973.74703
2894.484244
2800.762035
2695.085489
2565.768308
2411.916633
2379.881872
2432.170178
2229.301734
1710.082047
615.5924393
342.9795356
304.3087925
300.3616226
300.0285873
300.0024166
300.0002396
300.0000275
300.0000033
299.9999999
299.9999977
299.9999906
299.9999654
299.9998839
299.9996477
299.9990379
299.9976486
299.9948745
299.990042
299.9900464
299.990237
299.9904012
299.9905385
299.9906487
299.9907316
299.9907869
299.9908146
3192.048005
3169.36241
3128.303104
3072.208006
3000.964733
2907.961462
2791.61342
2660.159098
2510.382228
2397.381387
2476.051871
2011.423899
1412.047025
480.331837
318.6353076
301.5563107
300.1242179
300.0111982
300.0012483
300.0001617
300.0000218
300.0000028
299.9999998
299.9999977
299.9999906
299.9999654
299.9998839
299.9996477
299.9990379
299.9976486
299.9948745
299.990042
299.9900464
299.990237
299.9904012
299.9905385
299.9906487
299.9907316
299.9907869
299.9908146
3280.964162
3261.641369
3225.548037
3174.993817
3110.318019
3028.35198
2925.753922
2791.775073
2651.223701
2508.41574
2499.462568
1594.538814
606.3515308
340.2473507
303.9875458
300.3799026
300.0428124
300.0059229
300.0008961
300.0001343
300.0000191
300.0000025
299.9999998
299.9999977
299.9999906
299.9999654
299.9998839
299.9996477
299.9990379
299.9976486
299.9948745
299.990042
299.9900464
299.990237
299.9904012
299.9905385
299.9906487
299.9907316
299.9907869
299.9908146
3369.490074
3353.884957
3323.808857
3279.990499
3221.950192
3147.315969
3052.849165
2935.357863
2795.811331
2652.445518
2645.192845
729.057837
364.8788169
308.0723751
301.0481483
300.1626374
300.0282073
300.0048942
300.0008046
300.0001233
300.0000176
300.0000022
299.9999998
299.9999977
299.9999906
299.9999654
299.9998839
299.9996477
299.9990379
299.9976486
299.9948745
299.990042
299.9900464
299.990237
299.9904012
299.9905385
299.9906487
299.9907316
299.9907869
299.9908146
3453.883727
3442.024761
3418.450703
3382.541615
3332.354431
3264.074856
3172.096298
3050.850793
2898.837616
2736.278493
2730.873889
621.5747625
332.8478011
304.0952574
300.703925
300.1367107
300.0259224
300.0045873
300.0007512
300.0001139
300.000016
300.000002
299.9999997
299.9999977
299.9999906
299.9999654
299.9998839
299.9996477
299.9990379
299.9976486
299.9948745
299.990042
299.9900464
299.990237
299.9904012
299.9905385
299.9906487
299.9907316
299.9907869
299.9908146
3530.764018
3522.537938
3505.593829
3478.257993
3437.077379
3375.901409
3284.820892
3152.786672
2970.866793
2757.33185
2747.695099
565.1300959
326.6627561
303.6054512
300.6592758
300.1277769
300.023644
300.004078
300.0006531
300.0000973
300.0000135
300.0000016
299.9999997
299.9999977
299.9999906
299.9999654
299.9998839
299.9996477
299.9990379
299.9976486
299.9948745
299.990042
299.9900464
299.990237
299.9904012
299.9905385
299.9906487
299.9907316
299.9907869
299.9908146
3597.277838
3592.478525
3582.085146
3563.760026
3532.940861
3481.732824
3396.343674
3258.643715
3047.643971
2797.343942
2793.488313
524.7710448
323.1401066
303.4636373
300.6290165
300.1148504
300.0200039
300.0032837
300.0005061
300.0000732
300.0000099
300.0000012
299.9999996
299.9999977
299.9999906
299.9999654
299.9998839
299.9996477
299.9990379
299.9976486
299.9948745
299.990042
299.9900464
299.990237
299.9904012
299.9905385
299.9906487
299.9907316
299.9907869
299.9908146
3651.20157
3649.506527
3645.243489
3635.765459
3616.109619
3578.301704
3508.060174
3383.710745
3156.266107
2756.650071
2743.655996
494.434752
321.8744688
303.5561038
300.623436
300.1050988
300.0167946
300.0025468
300.0003669
300.0000502
300.0000065
300.0000007
299.9999996
299.9999977
299.9999906
299.9999654
299.9998839
299.9996477
299.9990379
299.9976486
299.9948745
299.990042
299.9900464
299.990237
299.9904012
299.9905385
299.9906487
299.9907316
299.9907869
299.9908146
3691.055317
3691.918105
3692.732529
3690.610247
3680.501037
3656.635971
3612.341317
3544.288357
3398.278166
2688.719761
2489.555145
463.8209362
321.8913179
303.8998827
300.6743875
300.1075804
300.0159243
300.0022107
300.0002905
300.0000364
300.0000043
300.0000004
299.9999995
299.9999977
299.9999906
299.9999654
299.9998839
299.9996477
299.9990379
299.9976486
299.9948745
299.990042
299.9900464
299.990237
299.9904012
299.9905385
299.9906487
299.9907316
299.9907869
299.9908146
3716.384815
3719.059813
3723.220888
3724.722593
3716.155789
3692.023761
3668.756782
3715.221231
4101.481356
4947.584265
2112.808044
431.1793428
322.7442943
304.4087774
300.7750624
300.1227048
300.017687
300.0023478
300.00029
300.0000337
300.0000037
300.0000003
299.9999995
299.9999977
299.9999906
299.9999654
299.9998839
299.9996477
299.9990379
299.9976486
299.9948745
299.990042
299.9900464
299.990237
299.9904012
299.9905385
299.9906487
299.9907316
299.9907869
299.9908146
3727.865008
3731.723963
3737.815506
3739.747968
3722.040423
3666.264344
3584.164996
3538.2438
4206.502455
4398.476835
1171.09771
409.6957631
324.6322454
305.0647233
300.9193694
300.1488378
300.0217427
300.0028972
300.0003556
300.0000405
300.0000043
300.0000003
299.9999995
299.9999977
299.9999906
299.9999654
299.9998839
299.9996477
299.9990379
299.9976486
299.9948745
299.990042
299.9900464
299.990237
299.9904012
299.9905385
299.9906487
299.9907316
299.9907869
299.9908146
3727.054751
3731.936458
3740.332618
3745.898558
3732.827332
3667.784097
3466.621572
3376.289722
3118.059227
2122.739084
700.9993738
410.4324923
327.1881816
305.8304057
301.0979857
300.1838108
300.0276861
300.0037933
300.0004773
300.0000556
300.000006
300.0000005
299.9999995
299.9999977
299.9999906
299.9999654
299.9998839
299.9996477
299.9990379
299.9976486
299.9948745
299.990042
299.9900464
299.990237
299.9904012
299.9905385
299.9906487
299.9907316
299.9907869
299.9908146
3715.710772
3721.571302
3732.903892
3745.360177
3748.007716
3720.23499
3629.681263
3622.992943
3392.960555
1523.759391
695.1304753
415.772964
329.6177449
306.600621
301.2921238
300.2248113
300.0351816
300.0050065
300.0006541
300.0000791
300.0000089
300.0000008
299.9999996
299.9999977
299.9999906
299.9999654
299.9998839
299.9996477
299.9990379
299.9976486
299.9948745
299.990042
299.9900464
299.990237
299.9904012
299.9905385
299.9906487
299.9907316
299.9907869
299.9908146
3695.569954
3701.987357
3715.403077
3733.825381
3751.402972
3759.138739
3751.582808
3755.409421
3723.468585
1491.112131
701.2600436
421.0179831
332.0462864
307.4212784
301.5122194
300.2740414
300.0446725
300.0066205
300.0009003
300.0001133
300.0000132
300.0000013
299.9999996
299.9999977
299.9999906
299.9999654
299.9998839
299.9996477
299.9990379
299.9976486
299.9948745
299.990042
299.9900464
299.990237
299.9904012
299.9905385
299.9906487
299.9907316
299.9907869
299.9908146
3668.52773
3674.924312
3688.668511
3708.86523
3732.671643
3756.450306
3779.504993
3792.071346
3782.358779
1473.967811
706.0450767
426.3175931
334.7340574
308.37346
301.7771748
300.3353814
300.056903
300.0087704
300.0012392
300.0001618
300.0000196
300.0000021
299.9999997
299.9999977
299.9999906
299.9999654
299.9998839
299.9996477
299.9990379
299.9976486
299.9948745
299.990042
299.9900464
299.990237
299.9904012
299.9905385
299.9906487
299.9907316
299.9907869
299.9908146
3636.490805
3642.546228
3655.03887
3672.15748
3691.694666
3710.579856
3728.757976
3743.045419
3741.704991
1454.916119
709.6166682
431.8593356
337.7234808
309.468542
302.0911744
300.4102907
300.0722978
300.0115598
300.0016924
300.0002287
300.0000287
300.0000033
299.9999998
299.9999977
299.9999906
299.9999654
299.9998839
299.9996477
299.9990379
299.9976486
299.9948745
299.990042
299.9900464
299.990237
299.9904012
299.9905385
299.9906487
299.9907316
299.9907869
299.9908146
3600.86984
3606.702489
3617.158401
3628.580298
3634.644964
3630.543312
3615.505593
3588.338809
3589.24854
1441.346112
712.1282207
437.3815116
340.871602
310.6668799
302.4471908
300.4981849
300.0909759
300.0150572
300.0022794
300.0003181
300.0000412
300.0000049
300
299.9999977
299.9999906
299.9999654
299.9998839
299.9996477
299.9990379
299.9976486
299.9948745
299.990042
299.9900464
299.990237
299.9904012
299.9905385
299.9906487
299.9907316
299.9907869
299.9908146
3562.142318
3568.171762
3578.237895
3584.954205
3576.309482
3541.023448
3468.991969
3349.186513
3343.160977
1426.076616
712.4072458
442.5712334
344.1521959
311.9834888
302.8540723
300.6021465
300.1137926
300.0194656
300.0030424
300.000438
300.0000585
300.0000072
300.0000003
299.9999978
299.9999906
299.9999654
299.9998839
299.9996477
299.9990379
299.9976486
299.9948745
299.990042
299.9900464
299.990237
299.9904012
299.9905385
299.9906487
299.9907316
299.9907869
299.9908146
3519.930879
3527.505075
3539.634054
3548.004123
3537.256865
3488.985205
3365.094572
3299.778221
3200.125923
1398.161024
708.9688216
447.2086334
347.6089699
313.454364
303.3252734
300.7261387
300.1417688
300.0250211
300.0040309
300.0005977
300.0000821
300.0000104
300.0000007
299.9999978
299.9999906
299.9999654
299.9998839
299.9996477
299.9990379
299.9976486
299.9948745
299.990042
299.9900464
299.990237
299.9904012
299.9905385
299.9906487
299.9907316
299.9907869
299.9908146
3472.954732
3482.817386
3499.144322
3514.286419
3514.652344
3485.100994
3407.322971
3394.134943
3156.470722
1359.291904
701.3759339
450.9969541
351.0697609
315.0098722
303.8408604
300.8659645
300.1742748
300.031675
300.0052519
300.0008012
300.0001133
300.0000148
300.0000013
299.9999979
299.9999906
299.9999654
299.9998839
299.9996477
299.9990379
299.9976486
299.9948745
299.990042
299.9900464
299.990237
299.9904012
299.9905385
299.9906487
299.9907316
299.9907869
299.9908146
3419.418212
3432.004001
3454.037633
3478.829783
3496.588809
3501.870818
3505.817392
3436.693115
3172.739171
1319.985613
693.1642226
454.0992069
354.1761818
316.4634777
304.3426174
301.0079623
300.2087452
300.03904
300.0066612
300.0010459
300.0001522
300.0000206
300.0000021
299.999998
299.9999906
299.9999654
299.9998839
299.9996477
299.9990379
299.9976486
299.9948745
299.990042
299.9900464
299.990237
299.9904012
299.9905385
299.9906487
299.9907316
299.9907869
299.9908146
3357.74053
3373.437784
3402.090973
3437.695106
3474.606573
3511.729993
3518.451141
3464.321288
3201.632009
1294.853857
690.8140588
457.4523085
356.7892679
317.6980247
304.7922057
301.1432777
300.2436129
300.0469138
300.0082467
300.0013345
300.0002002
300.0000279
300.0000031
299.9999981
299.9999907
299.9999654
299.9998839
299.9996477
299.9990379
299.9976486
299.9948745
299.990042
299.9900464
299.990237
299.9904012
299.9905385
299.9906487
299.9907316
299.9907869
299.9908146
3286.855495
3305.978232
3341.1149
3386.834696
3443.116621
3513.528669
3521.895015
3480.856623
3221.273908
1282.959893
693.8859615
461.2093611
359.1220097
318.8169705
305.2240829
301.2812213
300.2810988
300.055787
300.0101109
300.0016872
300.000261
300.0000376
300.0000046
299.9999983
299.9999907
299.9999654
299.9998839
299.9996477
299.9990379
299.9976486
299.9948745
299.990042
299.9900464
299.990237
299.9904012
299.9905385
299.9906487
299.9907316
299.9907869
299.9908146
3206.153871
3228.531522
3267.775032
3319.847593
3392.29863
3498.815988
3522.097142
3485.912583
3219.29806
1264.249622
694.430281
464.6757864
361.6550604
320.0896714
305.7245268
301.4434111
300.3259032
300.0665971
300.012431
300.0021365
300.0003404
300.0000505
300.0000065
299.9999986
299.9999907
299.9999654
299.9998839
299.9996477
299.9990379
299.9976486
299.9948745
299.990042
299.9900464
299.990237
299.9904012
299.9905385
299.9906487
299.9907316
299.9907869
299.9908146
3114.886316
3139.03156
3177.146744
3228.273178
3303.548164
3409.250312
3517.822214
3478.62713
3186.205681
1225.092168
690.0110561
468.7218336
365.0144792
321.7334825
306.3506534
301.6428706
300.3808124
300.0799298
300.0153295
300.0027074
300.0004433
300.0000676
300.0000092
299.999999
299.9999908
299.9999654
299.9998839
299.9996477
299.9990379
299.9976486
299.9948745
299.990042
299.9900464
299.990237
299.9904012
299.9905385
299.9906487
299.9907316
299.9907869
299.9908146
3010.962084
3034.181146
3067.365835
3110.670095
3178.07678
3278.204985
3427.245243
3465.564247
3120.436279
1194.695794
694.4480144
476.2715288
369.4476857
323.6988125
307.0767522
301.8734014
300.4448596
300.095725
300.0188296
300.0034116
300.0005731
300.0000897
300.0000126
299.9999995
299.9999908
299.9999654
299.9998839
299.9996477
299.9990379
299.9976486
299.9948745
299.990042
299.9900464
299.990237
299.9904012
299.9905385
299.9906487
299.9907316
299.9907869
299.9908146
2891.901563
2913.357042
2939.681768
2969.874748
3017.3124
3086.146026
3173.38845
3301.437802
3029.087869
1144.508927
690.0627769
480.7156241
373.0622036
325.5314558
307.8075668
302.1173339
300.5151969
300.1136141
300.0229046
300.0042529
300.0007321
300.0001174
300.0000171
300.0000002
299.9999909
299.9999654
299.9998839
299.9996477
299.9990379
299.9976486
299.9948745
299.990042
299.9900464
299.990237
299.9904012
299.9905385
299.9906487
299.9907316
299.9907869
299.9908146
2761.422313
2780.765994
2799.061406
2810.901272
2832.316561
2874.419119
2926.979531
2912.354418
2926.024337
1074.143253
674.744648
481.5394947
375.7592292
327.2014956
308.5313887
302.3707977
300.5908346
300.1334071
300.0275312
300.0052319
300.0009215
300.0001512
300.0000227
300.000001
299.9999911
299.9999655
299.9998839
299.9996477
299.9990379
299.9976486
299.9948745
299.990042
299.9900464
299.990237
299.9904012
299.9905385
299.9906487
299.9907316
299.9907869
299.9908146
2627.48546
2643.151123
2650.291338
2638.052663
2627.977958
2647.975026
2715.482155
2775.019476
2796.904618
1016.659542
671.8416825
486.0484815
379.3500228
329.0781264
309.3078013
302.6403038
300.6717976
300.1548899
300.0326411
300.0063341
300.0011391
300.0001908
300.0000294
300.0000021
299.9999912
299.9999655
299.999884
299.9996477
299.9990379
299.9976486
299.9948745
299.990042
299.9900464
299.990237
299.9904012
299.9905385
299.9906487
299.9907316
299.9907869
299.9908146
2495.479982
2504.407749
2494.320864
2451.391963
2397.5338
2350.047755
2388.796556
2424.622928
2454.235136
985.622282
687.8063187
495.9977687
384.2389152
331.2153099
310.1301071
302.918435
300.7550424
300.1771405
300.0380027
300.007509
300.0013751
300.0002345
300.000037
300.0000033
299.9999914
299.9999655
299.999884
299.9996477
299.9990379
299.9976486
299.9948745
299.990042
299.9900464
299.990237
299.9904012
299.9905385
299.9906487
299.9907316
299.9907869
299.9908146
2364.58728
2362.961511
2334.4165
2268.213454
2168.776809
2067.646231
2072.775252
2042.20112
1649.054772
981.0910845
707.5844705
506.5791937
389.0925624
333.241932
310.8926984
303.1750718
300.8322731
300.1980189
300.0431069
300.0086456
300.0016072
300.0002783
300.0000446
300.0000045
299.9999916
299.9999655
299.999884
299.9996477
299.9990379
299.9976486
299.9948745
299.990042
299.9900464
299.990237
299.9904012
299.9905385
299.9906487
299.9907316
299.9907869
299.9908146
2227.597776
2208.107746
2161.619029
2106.511451
2016.63617
2001.371049
1966.339097
1713.344662
1296.653792
1002.5879
721.8881073
513.3743215
392.1918666
334.569335
311.4102971
303.3558392
300.8886211
300.2137537
300.0470692
300.0095521
300.001797
300.0003149
300.0000512
300.0000056
299.9999918
299.9999656
299.999884
299.9996477
299.9990379
299.9976486
299.9948745
299.990042
299.9900464
299.990237
299.9904012
299.9905385
299.9906487
299.9907316
299.9907869
299.9908146
2081.629687
2031.299631
1947.920073
1960.446763
1978.540044
1997.439187
1906.035717
1506.10736
1270.077935
993.3509895
716.1034633
510.693689
391.3313662
334.4182993
311.4328194
303.3873208
300.9042532
300.2193949
300.0487452
300.0099828
300.0018953
300.0003352
300.000055
300.0000063
299.9999919
299.9999656
299.999884
299.9996477
299.9990379
299.9976486
299.9948745
299.990042
299.9900464
299.990237
299.9904012
299.9905385
299.9906487
299.9907316
299.9907869
299.9908146
1947.084766
1918.65894
1920.674751
1933.066542
1940.771502
1996.972127
1841.547766
1350.838469
1179.704854
940.8128291
686.7066969
496.5228324
385.5505445
332.4064378
310.828229
303.2288665
300.867807
300.2120263
300.0474429
300.0097855
300.0018711
300.0003332
300.000055
300.0000064
299.9999919
299.9999656
299.999884
299.9996477
299.9990379
299.9976486
299.9948745
299.990042
299.9900464
299.990237
299.9904012
299.9905385
299.9906487
299.9907316
299.9907869
299.9908146
1901.820333
1899.724894
1889.03686
1868.890116
1843.132297
1789.726502
1442.552091
1263.29118
1104.03826
877.3197548
646.9267202
476.3136152
376.9487602
329.2658339
309.8264303
302.9456479
300.7960277
300.1955653
300.0440005
300.0091247
300.001754
300.000314
300.0000521
300.000006
299.9999918
299.9999656
299.999884
299.9996477
299.9990379
299.9976486
299.9948745
299.990042
299.9900464
299.990237
299.9904012
299.9905385
299.9906487
299.9907316
299.9907869
299.9908146
1890.084325
1873.309486
1840.863264
1809.050452
1786.046369
1735.215819
1368.602389
1180.49801
1030.490553
827.2603739
616.7426406
461.0163852
370.3809442
326.8343025
309.0372335
302.7179653
300.7369767
300.1816674
300.0410087
300.0085316
300.0016451
300.0002954
300.0000491
300.0000055
299.9999918
299.9999656
299.999884
299.9996477
299.9990379
299.9976486
299.9948745
299.990042
299.9900464
299.990237
299.9904012
299.9905385
299.9906487
299.9907316
299.9907869
299.9908146
)
;

boundaryField
{
    lowerWall
    {
        type            zeroGradient;
    }
    atmosphere
    {
        type            zeroGradient;
    }
    rightWall
    {
        type            empty;
    }
    leftWall
    {
        type            empty;
    }
    frontAndBack
    {
        type            fixedGradient;
        gradient        uniform -50;
    }
}


// ************************************************************************* //
