/*--------------------------------*- C++ -*----------------------------------*\
| =========                 |                                                 |
| \\      /  F ield         | OpenFOAM: The Open Source CFD Toolbox           |
|  \\    /   O peration     | Version:  2506                                  |
|   \\  /    A nd           | Website:  www.openfoam.com                      |
|    \\/     M anipulation  |                                                 |
\*---------------------------------------------------------------------------*/
FoamFile
{
    version     2.0;
    format      ascii;
    arch        "LSB;label=32;scalar=64";
    class       volScalarField;
    location    "0.009";
    object      TLiquidus;
}
// * * * * * * * * * * * * * * * * * * * * * * * * * * * * * * * * * * * * * //

dimensions      [0 0 0 1 0 0 0];

internalField   nonuniform List<scalar> 
3200
(
10
10
1723
10.00000001
10.00000001
10
1723
1723
1723
1723
1723
1723
1723
1723
1723
1723
1723
1723
1723
1723
1723
1723
1723
1723
1723
1723
1723
1723
1723
1723
1723
1723
10.00000073
10
10
10
10
10
10
10
10
10
10
10
10
10
1723
1723
1723
1723
1723
1723
1723
1723
1723
1723
1723
1723
1723
1723
1723
1723
1723
1723
1723
1723
1723
1723
1723
1723
1723
1723
10.00000074
10
10
10
10
10
10
10
10
10
10
10
10
23.33215374
1723
1723
1723
1723
1723
1723
1723
1723
1723
1723
1723
1723
1723
1723
1723
1723
1723
1723
1723
1723
1723
1723
1723
1723
1723
1723
10.00000074
10
10
10
10
10
10
10
10
10
10
10
10
1723
1723
1723
1723
1723
1723
1723
1723
1723
1723
1723
1723
1723
1723
1723
1723
1723
1723
1723
1723
1723
1723
1723
1723
1723
1723
1723
10.00000075
10
10
10
10
10
10
10
10
10
44.07371816
79.37100767
29.55765653
1723
1723
1723
1723
1723
1723
1723
1723
1723
1723
1723
1723
1723
1723
1723
1723
1723
1723
1723
1723
1723
1723
1723
1723
1723
1723
1723
10.00000075
10
10
10
10
10
10
10
1723
1723
1723
1723
1723
1723
1723
1723
1723
1723
1723
1723
1723
1723
1723
1723
1723
1723
1723
1723
1723
1723
1723
1723
1723
1723
1723
1723
1723
1723
1723
1723
10.00000076
10
10
10
10
10
10
10
10.00000007
10.09365923
1723
1723
1723
1723
1723
1723
1723
1723
1723
1723
1723
1723
1723
1723
1723
1723
1723
1723
1723
1723
1723
1723
1723
1723
1723
1723
1723
1723
1723
1723
10.00000077
10
10
10
10
10
10
10
10.00000074
10.00000113
10.00000254
10.0000033
1723
1723
1723
1723
1723
1723
1723
1723
1723
1723
1723
1723
1723
1723
1723
1723
1723
1723
1723
1723
1723
1723
1723
1723
1723
1723
1723
1723
10.00000078
10
10
10
10
10
10
10
10.00000042
10.00000043
10.00000043
10.00000042
10.00000038
10.00000011
1723
1723
1723
1723
1723
1723
1723
1723
1723
1723
1723
1723
1723
1723
1723
1723
1723
1723
1723
1723
1723
1723
1723
1723
1723
1723
10.00000079
10
10
10
10
10
10
10
10.00000043
10.00000046
10.00000049
10.0000005
10.00000051
10.00000048
1723
1723
1723
1723
1723
1723
1723
1723
1723
1723
1723
1723
1723
1723
1723
1723
1723
1723
1723
1723
1723
1723
1723
1723
1723
1723
10.0000008
10
10
10
10
10
10
10
10.00000041
10.00000047
10.00000052
10.00000056
10.00000057
10.00000059
10.00000022
1723
1723
1723
1723
1723
1723
1723
1723
1723
1723
1723
1723
1723
1723
1723
1723
1723
1723
1723
1723
1723
1723
1723
1723
1723
10.00000081
10
10
10
10
10
10
10
10.00000033
10.00000044
10.00000052
10.00000059
10.00000061
10.00000056
10.00000234
1723
1723
1723
1723
1723
1723
1723
1723
1723
1723
1723
1723
1723
1723
1723
1723
1723
1723
1723
1723
1723
1723
1723
1723
1723
10.00000083
10
10
10
10
10
10
10
10.00000016
10.00000034
10.00000047
10.0000006
10.00000066
10.00000054
10.00000036
1723
1723
1723
1723
1723
1723
1723
1723
1723
1723
1723
1723
1723
1723
1723
1723
1723
1723
1723
1723
1723
1723
1723
1723
1723
10.00000084
10
10
10
10
10
10
10
10.00000009
10.00000024
10.00000039
10.00000058
10.00000072
10.00000061
10.0000003
1723
1723
1723
1723
1723
1723
1723
1723
1723
1723
1723
1723
1723
1723
1723
1723
1723
1723
1723
1723
1723
1723
1723
1723
1723
10.00000085
10
10
10
10
10
10
10
10.00000006
10.00000019
10.00000036
10.00000057
10.00000076
10.00000065
10.08112718
1723
1723
1723
1723
1723
1723
1723
1723
1723
1723
1723
1723
1723
1723
1723
1723
1723
1723
1723
1723
1723
1723
1723
1723
1723
10.00000087
10
10
10
10
10
10
10
10.00000005
10.00000018
10.00000036
10.00000058
10.0000008
10.00000068
10.04155361
1723
1723
1723
1723
1723
1723
1723
1723
1723
1723
1723
1723
1723
1723
1723
1723
1723
1723
1723
1723
1723
1723
1723
1723
1723
10.00000088
10
10
10
10
10
10
10
10.00000005
10.00000017
10.00000037
10.00000061
10.00000083
10.00000076
10.00000045
47.01646507
1723
1723
1723
1723
1723
1723
1723
1723
1723
1723
1723
1723
1723
1723
1723
1723
1723
1723
1723
1723
1723
1723
1723
1723
10.0000009
10
10
10
10
10
10
10
10.00000004
10.00000017
10.00000038
10.00000062
10.00000083
10.00000086
10.00000071
10.00000046
10.00000031
1723
1723
1723
1723
1723
1723
1723
1723
1723
1723
1723
1723
1723
1723
1723
1723
1723
1723
1723
1723
1723
1723
1723
10.00000091
10
10
10
10
10
10
10
10.00000003
10.00000015
10.00000035
10.00000058
10.00000076
10.00000083
10.00000076
10.00000047
10.00000047
1723
1723
1723
1723
1723
1723
1723
1723
1723
1723
1723
1723
1723
1723
1723
1723
1723
1723
1723
1723
1723
1723
1723
10.00000093
10
10
10
10
10
10
10
10.00000002
10.00000011
10.00000028
10.00000048
10.00000064
10.00000072
10.00000074
10.0000004
10.0000004
1723
1723
1723
1723
1723
1723
1723
1723
1723
1723
1723
1723
1723
1723
1723
1723
1723
1723
1723
1723
1723
1723
1723
10.00000094
10
10
10
10
10
10
10
10.00000001
10.00000007
10.00000019
10.00000034
10.00000047
10.00000057
10.00000065
10.0000003
10.00000029
1723
1723
1723
1723
1723
1723
1723
1723
1723
1723
1723
1723
1723
1723
1723
1723
1723
1723
1723
1723
1723
1723
1723
10.00000095
10
10
10
10
10
10
10
10.00000001
10.00000004
10.0000001
10.0000002
10.0000003
10.00000045
10.00000055
10.00000017
10.00000016
1723
1723
1723
1723
1723
1723
1723
1723
1723
1723
1723
1723
1723
1723
1723
1723
1723
1723
1723
1723
1723
1723
1723
10.00000097
10
10
10
10
10
10
10
10
10.00000001
10.00000003
10.00000009
10.0000002
10.00000038
10.00000043
10.00000009
10.00000006
1723
1723
1723
1723
1723
1723
1723
1723
1723
1723
1723
1723
1723
1723
1723
1723
1723
1723
1723
1723
1723
1723
1723
10.00000098
10
10
10
10
10
10
10
10
10
10.00000002
10.00000006
10.00000017
10.00000036
10.0000003
10.00000006
10.00000002
1723
1723
1723
1723
1723
1723
1723
1723
1723
1723
1723
1723
1723
1723
1723
1723
1723
1723
1723
1723
1723
1723
1723
10.00000099
10
10
10
10
10
10
10
10
10
10.00000001
10.00000004
10.00000013
10.00000032
10.00000028
10.00000009
10.00000003
1723
1723
1723
1723
1723
1723
1723
1723
1723
1723
1723
1723
1723
1723
1723
1723
1723
1723
1723
1723
1723
1723
1723
10.000001
10
10
10
10
10
10
10
10
10
10.00000001
10.00000004
10.00000012
10.00000025
10.00000036
10.00000019
10.00000007
1723
1723
1723
1723
1723
1723
1723
1723
1723
1723
1723
1723
1723
1723
1723
1723
1723
1723
1723
1723
1723
1723
1723
10.00000101
10
10
10
10
10
10
10
10
10
10
10.00000002
10.00000005
10.00000009
10.0000002
10.00000018
10.00000009
1723
1723
1723
1723
1723
1723
1723
1723
1723
1723
1723
1723
1723
1723
1723
1723
1723
1723
1723
1723
1723
1723
1723
10.00000103
10
10
10
10
10
10
10
10
10
10
10
10.00000001
10.00000003
10.00000006
10.00000009
10.00000006
1723
1723
1723
1723
1723
1723
1723
1723
1723
1723
1723
1723
1723
1723
1723
1723
1723
1723
1723
1723
1723
1723
1723
10.00000103
10
10
10
10
10
10
10
10
10
10
10
10.00000001
10.00000001
10.00000004
10.00000007
10.00000004
1723
1723
1723
1723
1723
1723
1723
1723
1723
1723
1723
1723
1723
1723
1723
1723
1723
1723
1723
1723
1723
1723
1723
10.00000104
10
10
10
10
10
10
10
10
10
10
10
10.00000001
10.00000001
10.00000006
10.00000009
10.00000002
1723
1723
1723
1723
1723
1723
1723
1723
1723
1723
1723
1723
1723
1723
1723
1723
1723
1723
1723
1723
1723
1723
1723
10.00000105
10
10
10
10
10
10
10
10
10
10
10
10.00000001
10.00000002
10.00000008
10.00000009
30.33315448
1723
1723
1723
1723
1723
1723
1723
1723
1723
1723
1723
1723
1723
1723
1723
1723
1723
1723
1723
1723
1723
1723
1723
10.00000106
10
10
10
10
10
10
10
10
10
10
10
10.00000001
10.00000003
10.00000011
10.00000006
1723
1723
1723
1723
1723
1723
1723
1723
1723
1723
1723
1723
1723
1723
1723
1723
1723
1723
1723
1723
1723
1723
1723
1723
10.00000107
10
10
10
10
10
10
10
10
10
10
10.00000001
10.00000002
10.00000005
10.00000012
85.69094719
1723
1723
1723
1723
1723
1723
1723
1723
1723
1723
1723
1723
1723
1723
1723
1723
1723
1723
1723
1723
1723
1723
1723
1723
10.00000107
10
10
10
10
10
10
10
10
10
10
10.00000002
10.00000005
10.00000009
10.00000013
1723
1723
1723
1723
1723
1723
1723
1723
1723
1723
1723
1723
1723
1723
1723
1723
1723
1723
1723
1723
1723
1723
1723
1723
1723
10.00000108
10
10
10
10
10
10
10
10
10
10.00000001
10.00000004
10.00000008
10.00000011
10.0000001
1723
1723
1723
1723
1723
1723
1723
1723
1723
1723
1723
1723
1723
1723
1723
1723
1723
1723
1723
1723
1723
1723
1723
1723
1723
10.00000109
10
10
10
10
10
10
10
10
10
10.00000002
10.00000006
10.00000011
10.00000014
10.00000013
17.83555412
13.71144206
10
10
1723
1723
1723
1723
1723
1723
1723
1723
1723
1723
1723
1723
1723
1723
1723
1723
1723
1723
1723
1723
1723
10.00000109
10
10
10
10
10
10
10
10
10.00000001
10.00000003
10.00000009
10.00000017
10.00000019
10.00000016
10.00000008
10.00000005
10.00000004
10.00000005
1723
1723
1723
1723
1723
1723
1723
1723
1723
1723
1723
1723
1723
1723
1723
1723
1723
1723
1723
1723
1723
10.00000109
10
10
10
10
10
10
10
10
10.00000001
10.00000003
10.00000011
10.00000022
10.00000025
10.0000002
10.00000012
10.00000008
10.00000007
10.00000007
1723
1723
1723
1723
1723
1723
1723
1723
1723
1723
1723
1723
1723
1723
1723
1723
1723
1723
1723
1723
1723
10.0000011
10
10
10
10
10
10
10
10
10
10.00000003
10.00000011
10.0000002
10.00000026
10.00000023
10.00000016
10.00000011
10.0000001
10.00000008
23.9851393
1723
1723
1723
1723
1723
1723
1723
1723
1723
1723
1723
1723
1723
1723
1723
1723
1723
1723
1723
1723
10.0000011
10
10
10
10
10
10
10
10
10
10.00000002
10.00000009
10.00000014
10.00000019
10.00000021
10.00000018
10.00000013
10.00000012
10.00000007
10.00000002
1723
1723
1723
1723
1723
1723
1723
1723
1723
1723
1723
1723
1723
1723
1723
1723
1723
1723
1723
1723
10.0000011
10
10
10
10
10
10
10
10
10.00000001
10.00000003
10.00000008
10.0000001
10.0000001
10.00000016
10.00000016
10.00000014
10.0000001
10.00000001
1723
1723
1723
1723
1723
1723
1723
1723
1723
1723
1723
1723
1723
1723
1723
1723
1723
1723
1723
1723
1723
10.0000011
10
10
10
10
10
10
10
10
10.00000002
10.00000005
10.00000006
10.00000005
10.00000005
10.00000009
10.00000013
10.00000013
10.00000009
10.00000005
1723
1723
1723
1723
1723
1723
1723
1723
1723
1723
1723
1723
1723
1723
1723
1723
1723
1723
1723
1723
1723
10.0000011
10
10
10
10
10
10
10
10.00000001
10.00000003
10.00000004
10.00000004
10.00000005
10.00000006
10.00000008
10.00000008
10.00000006
17.41850179
10.00000006
1723
1723
1723
1723
1723
1723
1723
1723
1723
1723
1723
1723
1723
1723
1723
1723
1723
1723
1723
1723
1723
10.0000011
10
10
10
10
10
10
10
10
10.00000002
10.00000004
10.00000005
10.00000007
10.00000008
10.00000006
10.00000003
1723
1723
1723
1723
1723
1723
1723
1723
1723
1723
1723
1723
1723
1723
1723
1723
1723
1723
1723
1723
1723
1723
1723
1723
10.00000109
10
10
10
10
10
10
10
10
10
10.00000002
10.00000004
10.0000001
10.00000016
10.00000022
10.00000022
10.00000606
1723
1723
1723
1723
1723
1723
1723
1723
1723
1723
1723
1723
1723
1723
1723
1723
1723
1723
1723
1723
1723
1723
1723
10.00000109
10
10
10
10
10
10
10
10
10
10.00000001
10.00000002
10.00000004
10.00000009
10.00000023
10.00000018
10.00000012
52.44136522
1723
1723
1723
1723
1723
1723
1723
1723
1723
1723
1723
1723
1723
1723
1723
1723
1723
1723
1723
1723
1723
1723
10.00000108
10
10
10
10
10
10
10
10
10
10
10.00000001
10.00000002
10.00000004
10.00000009
10.00000015
10.00000017
10.0000001
1723
1723
1723
1723
1723
1723
1723
1723
1723
1723
1723
1723
1723
1723
1723
1723
1723
1723
1723
1723
1723
1723
10.00000108
10
10
10
10
10
10
10
10
10
10
10
10.00000001
10.00000002
10.00000005
10.00000007
10.00000009
10.00000004
1723
1723
1723
1723
1723
1723
1723
1723
1723
1723
1723
1723
1723
1723
1723
1723
1723
1723
1723
1723
1723
1723
10.00000107
10
10
10
10
10
10
10
10
10
10
10
10
10.00000001
10.00000003
10.00000004
10.00000006
10.00000002
1723
1723
1723
1723
1723
1723
1723
1723
1723
1723
1723
1723
1723
1723
1723
1723
1723
1723
1723
1723
1723
1723
10.00000106
10
10
10
10
10
10
10
10
10
10
10
10
10.00000001
10.00000001
10.00000003
10.00000005
10.00000001
1723
1723
1723
1723
1723
1723
1723
1723
1723
1723
1723
1723
1723
1723
1723
1723
1723
1723
1723
1723
1723
1723
10.00000105
10
10
10
10
10
10
10
10
10
10
10
10
10.00000001
10.00000001
10.00000002
10.00000004
10.00000001
1723
1723
1723
1723
1723
1723
1723
1723
1723
1723
1723
1723
1723
1723
1723
1723
1723
1723
1723
1723
1723
1723
10.00000104
10
10
10
10
10
10
10
10
10
10.00000001
10.00000003
10.00000004
10.00000006
10.00000005
10.00000004
10.00000004
10.00000001
1723
1723
1723
1723
1723
1723
1723
1723
1723
1723
1723
1723
1723
1723
1723
1723
1723
1723
1723
1723
1723
1723
10.00000103
10
10
10
10
10
10
10
10
10.00000001
10.00000004
10.00000009
10.00000015
10.00000016
10.00000013
10.0000001
10.00000006
10.00000001
1723
1723
1723
1723
1723
1723
1723
1723
1723
1723
1723
1723
1723
1723
1723
1723
1723
1723
1723
1723
1723
1723
10.00000102
10
10
10
10
10
10
10
10.00000001
10.00000003
10.0000001
10.00000019
10.00000027
10.00000017
10.00000012
10.0000001
10.00000008
34.11586723
1723
1723
1723
1723
1723
1723
1723
1723
1723
1723
1723
1723
1723
1723
1723
1723
1723
1723
1723
1723
1723
1723
10.00000101
10
10
10
10
10
10
10
10.00000001
10.00000007
10.00000018
10.00000032
10.0000003
10.00000004
10.00000002
10.00000004
11.23993923
1723
1723
1723
1723
1723
1723
1723
1723
1723
1723
1723
1723
1723
1723
1723
1723
1723
1723
1723
1723
1723
1723
1723
10.000001
10
10
10
10
10
10
10
10.00000003
10.00000013
10.0000003
10.00000044
10.00000048
10.00000027
10.00000009
1723
1723
1723
1723
1723
1723
1723
1723
1723
1723
1723
1723
1723
1723
1723
1723
1723
1723
1723
1723
1723
1723
1723
1723
1723
10.00000099
10
10
10
10
10
10
10
10.00000006
10.00000024
10.00000046
10.0000006
10.00000061
10.0000004
10.00000014
1723
1723
1723
1723
1723
1723
1723
1723
1723
1723
1723
1723
1723
1723
1723
1723
1723
1723
1723
1723
1723
1723
1723
1723
1723
10.00000098
10
10
10
10
10
10
10
10.00000011
10.00000037
10.00000063
10.00000072
10.00000067
10.00000046
10.00000019
1723
1723
1723
1723
1723
1723
1723
1723
1723
1723
1723
1723
1723
1723
1723
1723
1723
1723
1723
1723
1723
1723
1723
1723
1723
10.00000097
10
10
10
10
10
10
10
10.00000014
10.00000047
10.00000075
10.00000071
10.00000057
10.00000041
10.0000002
1723
1723
1723
1723
1723
1723
1723
1723
1723
1723
1723
1723
1723
1723
1723
1723
1723
1723
1723
1723
1723
1723
1723
1723
1723
10.00000096
10
10
10
10
10
10
10
10.00000014
10.00000052
10.00000083
10.00000049
10.00000033
10.00000024
10.00000014
10
1723
1723
1723
1723
1723
1723
1723
1723
1723
1723
1723
1723
1723
1723
1723
1723
1723
1723
1723
1723
1723
1723
1723
1723
10.00000095
10
10
10
10
10
10
10
10.0000001
10.00000049
10.00000082
10.00000042
10.00000034
10.00000025
10.00000013
10
1723
1723
1723
1723
1723
1723
1723
1723
1723
1723
1723
1723
1723
1723
1723
1723
1723
1723
1723
1723
1723
1723
1723
1723
10.00000094
10
10
10
10
10
10
10
10.00000007
10.00000039
10.00000081
10.00000046
10.00000039
10.00000034
10.00000017
10
1723
1723
1723
1723
1723
1723
1723
1723
1723
1723
1723
1723
1723
1723
1723
1723
1723
1723
1723
1723
1723
1723
1723
1723
10.00000093
10
10
10
10
10
10
10
10.00000005
10.0000003
10.00000073
10.00000056
10.00000039
10.0000004
10.00000016
1723
1723
1723
1723
1723
1723
1723
1723
1723
1723
1723
1723
1723
1723
1723
1723
1723
1723
1723
1723
1723
1723
1723
1723
1723
10.00000092
10
10
10
10
10
10
10
10.00000005
10.00000024
10.00000062
10.00000065
10.00000043
10.00000039
10.00001224
1723
1723
1723
1723
1723
1723
1723
1723
1723
1723
1723
1723
1723
1723
1723
1723
1723
1723
1723
1723
1723
1723
1723
1723
1723
10.00000091
10
10
10
10
10
10
10
10.00000006
10.00000024
10.00000056
10.00000072
10.00000052
10.00000037
40.74308946
1723
1723
1723
1723
1723
1723
1723
1723
1723
1723
1723
1723
1723
1723
1723
1723
1723
1723
1723
1723
1723
1723
1723
1723
1723
10.00000091
10
10
10
10
10
10
10
10.0000001
10.00000032
10.00000062
10.00000082
10.00000065
10.00000037
1723
1723
1723
1723
1723
1723
1723
1723
1723
1723
1723
1723
1723
1723
1723
1723
1723
1723
1723
1723
1723
1723
1723
1723
1723
1723
10.0000009
10
10
10
10
10
10
10
10.00000019
10.0000005
10.00000081
10.00000098
10.0000008
10.00000041
1723
1723
1723
1723
1723
1723
1723
1723
1723
1723
1723
1723
1723
1723
1723
1723
1723
1723
1723
1723
1723
1723
1723
1723
1723
1723
10.00000089
10
10
10
10
10
10
10
10.00000041
10.00000082
10.00000107
10.00000111
10.00000091
10.00000048
1723
1723
1723
1723
1723
1723
1723
1723
1723
1723
1723
1723
1723
1723
1723
1723
1723
1723
1723
1723
1723
1723
1723
1723
1723
1723
10.00000088
10
10
10
10
10
10
10
10.00000087
10.00000113
10.00000123
10.00000111
10.00000086
10.00000047
28.64195496
1723
1723
1723
1723
1723
1723
1723
1723
1723
1723
1723
1723
1723
1723
1723
1723
1723
1723
1723
1723
1723
1723
1723
1723
1723
10.00000088
10
10
10
10
10
10
10
10.00000095
10.00000122
10.00000124
10.00000102
10.00000075
10.00000041
10.00000015
1723
1723
1723
1723
1723
1723
1723
1723
1723
1723
1723
1723
1723
1723
1723
1723
1723
1723
1723
1723
1723
1723
1723
1723
1723
10.00000087
10
10
10
10
10
10
10
10.00000064
10.00000114
10.00000122
10.00000101
10.00000075
10.00000049
10.00000031
18.17864188
1723
1723
1723
1723
1723
1723
1723
1723
1723
1723
1723
1723
1723
1723
1723
1723
1723
1723
1723
1723
1723
1723
1723
1723
10.00000087
10
10
10
10
10
10
10
10.00000021
10.00000082
10.00000115
10.00000107
10.00000088
10.00000061
10.00000035
53.59963213
1723
1723
1723
1723
1723
1723
1723
1723
1723
1723
1723
1723
1723
1723
1723
1723
1723
1723
1723
1723
1723
1723
1723
1723
10.00000086
10
10
10
10
10
10
10
10.00000006
10.00000049
10.00000101
10.00000105
10.00000083
10.0000005
10.00000024
1723
1723
1723
1723
1723
1723
1723
1723
1723
1723
1723
1723
1723
1723
1723
1723
1723
1723
1723
1723
1723
1723
1723
1723
1723
10.00000086
10
10
10
10
10
10
10
10.00000008
10.00000041
10.0000009
10.00000084
10.00000049
10.00000022
58.59071923
1723
1723
1723
1723
1723
1723
1723
1723
1723
1723
1723
1723
1723
1723
1723
1723
1723
1723
1723
1723
1723
1723
1723
1723
1723
10.00000086
10
10
10
10
10
10
10
10.00000023
10.0000005
10.00000081
10.00000068
10.00000027
59.21977555
1723
1723
1723
1723
1723
1723
1723
1723
1723
1723
1723
1723
1723
1723
1723
1723
1723
1723
1723
1723
1723
1723
1723
1723
1723
1723
10.00000085
10
10
10
10
10
10
10
10.00000041
10.00000055
10.00000062
10.00000046
10.00000018
1723
1723
1723
1723
1723
1723
1723
1723
1723
1723
1723
1723
1723
1723
1723
1723
1723
1723
1723
1723
1723
1723
1723
1723
1723
1723
1723
10.00000085
10
10
10
10
10
10
10
10.00000037
10.00000039
10.00000026
10
10.00000001
1723
1723
1723
1723
1723
1723
1723
1723
1723
1723
1723
1723
1723
1723
1723
1723
1723
1723
1723
1723
1723
1723
1723
1723
1723
1723
1723
10.00000085
10
10
10
10
10
10
10
10.00000014
56.85026624
1723
1723
1723
1723
1723
1723
1723
1723
1723
1723
1723
1723
1723
1723
1723
1723
1723
1723
1723
1723
1723
1723
1723
1723
1723
1723
1723
1723
1723
1723
10.00000085
10
10
10
10
10
10
10
1723
1723
1723
1723
1723
1723
1723
1723
1723
1723
1723
1723
1723
1723
1723
1723
1723
1723
1723
1723
1723
1723
1723
1723
1723
1723
1723
1723
1723
1723
1723
1723
10.00000085
10
10
10
10
10
10
10
1723
1723
1723
1723
1723
1723
1723
1723
1723
1723
1723
1723
1723
1723
1723
1723
1723
1723
1723
1723
1723
1723
1723
1723
1723
1723
1723
1723
1723
1723
1723
1723
10.00000084
10
10
10
10
10
10
10
)
;

boundaryField
{
    lowerWall
    {
        type            calculated;
        value           uniform 10;
    }
    atmosphere
    {
        type            calculated;
        value           nonuniform List<scalar> 
80
(
10
10
10
10
10
771.6450565
10.00000007
10.00000074
10.00000042
10.00000043
10.00000041
10
10
10
10
10
10
10
10
10
10
10
10
10
10
10
10
10
10
10
10
10
10
10
10
10
10
10
10
10
10
10
10.00000001
10
10
10
10
10
10
10
10
10
10
10
10
10
10
10
10
10
10
10
10
10
10
10
10
10
10
10.00000095
10.00000064
10.00000021
10
10
10
10.00000041
10.00000037
10.00000014
129.0609647
1676.545613
)
;
    }
    rightWall
    {
        type            empty;
    }
    leftWall
    {
        type            empty;
    }
    frontAndBack
    {
        type            calculated;
        value           nonuniform List<scalar> 
80
(
10
10
330.0011513
10.00000001
10.00000001
10
383.3416158
1723
1722.999395
1723
1723
1723
1723
1723
1723
1723
1723
1723
1723
1723
1723
1723
1723
1723
1723
1723
1723
1723
1723
1723
1723
1723
10.00000073
10
10
10
10
10
10
10
1676.545613
1722.999988
1276.999185
1267.873484
944.2467081
282.8252812
122.1227306
835.9700865
1722.931616
1723
1723
1723
1723
1723
1723
1723
1723
1723
1723
1723
1723
1723
1723
1723
1723
1723
1723
1723
1723
1723
1723
1723
10.00000084
10
10
10
10
10
10
10
)
;
    }
}


// ************************************************************************* //
