/*--------------------------------*- C++ -*----------------------------------*\
| =========                 |                                                 |
| \\      /  F ield         | OpenFOAM: The Open Source CFD Toolbox           |
|  \\    /   O peration     | Version:  2506                                  |
|   \\  /    A nd           | Website:  www.openfoam.com                      |
|    \\/     M anipulation  |                                                 |
\*---------------------------------------------------------------------------*/
FoamFile
{
    version     2.0;
    format      ascii;
    arch        "LSB;label=32;scalar=64";
    class       volScalarField;
    location    "0.009";
    object      TSolidus;
}
// * * * * * * * * * * * * * * * * * * * * * * * * * * * * * * * * * * * * * //

dimensions      [0 0 0 1 0 0 0];

internalField   nonuniform List<scalar> 
3200
(
1.000000001
1.000000001
1658
1.000000006
1.000000005
1.000000002
1658
1658
1658
1658
1658
1658
1658
1658
1658
1658
1658
1658
1658
1658
1658
1658
1658
1658
1658
1658
1658
1658
1658
1658
1658
1658
1.00000071
1
1
1
1
1
1
1
1
1.000000001
1.000000001
1.000000003
1.000000001
1
1658
1658
1658
1658
1658
1658
1658
1658
1658
1658
1658
1658
1658
1658
1658
1658
1658
1658
1658
1658
1658
1658
1658
1658
1658
1658
1.000000713
1
1
1
1
1
1
1
1.000000001
1.000000001
1.000000001
1.000000002
1
13.89630984
1658
1658
1658
1658
1658
1658
1658
1658
1658
1658
1658
1658
1658
1658
1658
1658
1658
1658
1658
1658
1658
1658
1658
1658
1658
1658
1.000000716
1
1
1
1
1
1
1
1.000000001
1.000000001
1.000000001
1.000000001
1.000000001
1658
1658
1658
1658
1658
1658
1658
1658
1658
1658
1658
1658
1658
1658
1658
1658
1658
1658
1658
1658
1658
1658
1658
1658
1658
1658
1658
1.000000721
1
1
1
1
1
1
1
1.000000001
1.000000001
33.95980793
68.10318722
19.91829356
1658
1658
1658
1658
1658
1658
1658
1658
1658
1658
1658
1658
1658
1658
1658
1658
1658
1658
1658
1658
1658
1658
1658
1658
1658
1658
1658
1.000000727
1
1
1
1
1
1
1
1658
1658
1658
1658
1658
1658
1658
1658
1658
1658
1658
1658
1658
1658
1658
1658
1658
1658
1658
1658
1658
1658
1658
1658
1658
1658
1658
1658
1658
1658
1658
1658
1.000000734
1
1
1
1
1
1
1
1.00000007
1.090597403
1658
1658
1658
1658
1658
1658
1658
1658
1658
1658
1658
1658
1658
1658
1658
1658
1658
1658
1658
1658
1658
1658
1658
1658
1658
1658
1658
1658
1658
1658
1.000000743
1
1
1
1
1
1
1
1.000000718
1.000001089
1.000002459
1.00000319
1658
1658
1658
1658
1658
1658
1658
1658
1658
1658
1658
1658
1658
1658
1658
1658
1658
1658
1658
1658
1658
1658
1658
1658
1658
1658
1658
1658
1.000000752
1
1
1
1
1
1
1
1.00000041
1.000000418
1.00000042
1.000000405
1.000000368
1.000000102
1658
1658
1658
1658
1658
1658
1658
1658
1658
1658
1658
1658
1658
1658
1658
1658
1658
1658
1658
1658
1658
1658
1658
1658
1658
1658
1.000000763
1
1
1
1
1
1
1
1.000000412
1.000000444
1.000000471
1.000000487
1.000000489
1.000000465
1658
1658
1658
1658
1658
1658
1658
1658
1658
1658
1658
1658
1658
1658
1658
1658
1658
1658
1658
1658
1658
1658
1658
1658
1658
1658
1.000000774
1
1
1
1
1
1
1
1.0000004
1.000000453
1.000000503
1.00000054
1.000000554
1.000000575
1.000000212
1658
1658
1658
1658
1658
1658
1658
1658
1658
1658
1658
1658
1658
1658
1658
1658
1658
1658
1658
1658
1658
1658
1658
1658
1658
1.000000786
1
1
1
1
1
1
1
1.00000032
1.000000423
1.000000502
1.000000571
1.000000592
1.000000544
1.000002262
1658
1658
1658
1658
1658
1658
1658
1658
1658
1658
1658
1658
1658
1658
1658
1658
1658
1658
1658
1658
1658
1658
1658
1658
1658
1.000000799
1
1
1
1
1
1
1
1.000000159
1.000000325
1.000000458
1.000000583
1.000000637
1.000000526
1.000000352
1658
1658
1658
1658
1658
1658
1658
1658
1658
1658
1658
1658
1658
1658
1658
1658
1658
1658
1658
1658
1658
1658
1658
1658
1658
1.000000813
1
1
1
1
1
1
1
1.000000085
1.000000228
1.00000038
1.000000564
1.000000698
1.000000588
1.000000293
1658
1658
1658
1658
1658
1658
1658
1658
1658
1658
1658
1658
1658
1658
1658
1658
1658
1658
1658
1658
1658
1658
1658
1658
1658
1.000000827
1
1
1
1
1
1
1
1.000000059
1.000000184
1.000000345
1.000000547
1.000000737
1.000000631
1.078475033
1658
1658
1658
1658
1658
1658
1658
1658
1658
1658
1658
1658
1658
1658
1658
1658
1658
1658
1658
1658
1658
1658
1658
1658
1658
1.000000841
1
1
1
1
1
1
1
1.00000005
1.000000171
1.000000346
1.000000564
1.000000772
1.000000661
1.040195177
1658
1658
1658
1658
1658
1658
1658
1658
1658
1658
1658
1658
1658
1658
1658
1658
1658
1658
1658
1658
1658
1658
1658
1658
1658
1.000000855
1
1
1
1
1
1
1
1.000000044
1.000000169
1.000000361
1.000000592
1.000000803
1.000000736
1.000000439
36.80635296
1658
1658
1658
1658
1658
1658
1658
1658
1658
1658
1658
1658
1658
1658
1658
1658
1658
1658
1658
1658
1658
1658
1658
1658
1.000000869
1
1
1
1
1
1
1
1.00000004
1.000000164
1.000000365
1.000000601
1.000000798
1.000000829
1.000000683
1.000000449
1.000000298
1658
1658
1658
1658
1658
1658
1658
1658
1658
1658
1658
1658
1658
1658
1658
1658
1658
1658
1658
1658
1658
1658
1658
1.000000883
1
1
1
1
1
1
1
1.000000032
1.000000143
1.000000334
1.00000056
1.000000736
1.000000804
1.000000737
1.000000456
1.00000045
1658
1658
1658
1658
1658
1658
1658
1658
1658
1658
1658
1658
1658
1658
1658
1658
1658
1658
1658
1658
1658
1658
1658
1.000000897
1
1
1
1
1
1
1
1.000000022
1.000000109
1.00000027
1.000000464
1.000000615
1.000000696
1.000000719
1.000000391
1.000000391
1658
1658
1658
1658
1658
1658
1658
1658
1658
1658
1658
1658
1658
1658
1658
1658
1658
1658
1658
1658
1658
1658
1658
1.00000091
1
1
1
1
1
1
1
1.000000014
1.000000072
1.000000188
1.000000333
1.000000454
1.000000556
1.000000625
1.000000289
1.000000285
1658
1658
1658
1658
1658
1658
1658
1658
1658
1658
1658
1658
1658
1658
1658
1658
1658
1658
1658
1658
1658
1658
1658
1.000000923
1
1
1
1
1
1
1
1.000000007
1.000000037
1.0000001
1.00000019
1.000000295
1.000000434
1.00000053
1.000000164
1.000000157
1658
1658
1658
1658
1658
1658
1658
1658
1658
1658
1658
1658
1658
1658
1658
1658
1658
1658
1658
1658
1658
1658
1658
1.000000936
1
1
1
1
1
1
1
1
1.000000005
1.000000027
1.000000085
1.000000192
1.000000371
1.000000417
1.000000084
1.000000054
1658
1658
1658
1658
1658
1658
1658
1658
1658
1658
1658
1658
1658
1658
1658
1658
1658
1658
1658
1658
1658
1658
1658
1.000000948
1
1
1
1
1
1
1
1
1.000000003
1.000000017
1.000000061
1.000000162
1.000000349
1.000000294
1.000000059
1.000000019
1658
1658
1658
1658
1658
1658
1658
1658
1658
1658
1658
1658
1658
1658
1658
1658
1658
1658
1658
1658
1658
1658
1658
1.00000096
1
1
1
1
1
1
1
1
1
1.000000006
1.000000037
1.000000128
1.000000309
1.000000276
1.000000083
1.000000032
1658
1658
1658
1658
1658
1658
1658
1658
1658
1658
1658
1658
1658
1658
1658
1658
1658
1658
1658
1658
1658
1658
1658
1.000000971
1
1
1
1
1
1
1
1
1
1.000000006
1.000000035
1.000000111
1.000000243
1.000000352
1.000000182
1.000000068
1658
1658
1658
1658
1658
1658
1658
1658
1658
1658
1658
1658
1658
1658
1658
1658
1658
1658
1658
1658
1658
1658
1658
1.000000982
1
1
1
1
1
1
1
1
1
1.000000003
1.000000016
1.000000048
1.000000089
1.000000191
1.000000173
1.000000089
1658
1658
1658
1658
1658
1658
1658
1658
1658
1658
1658
1658
1658
1658
1658
1658
1658
1658
1658
1658
1658
1658
1658
1.000000992
1
1
1
1
1
1
1
1
1
1.000000001
1.000000004
1.000000013
1.000000024
1.000000063
1.000000087
1.000000056
1658
1658
1658
1658
1658
1658
1658
1658
1658
1658
1658
1658
1658
1658
1658
1658
1658
1658
1658
1658
1658
1658
1658
1.000001001
1
1
1
1
1
1
1
1
1
1.000000001
1.000000002
1.000000006
1.000000012
1.000000043
1.000000072
1.000000034
1658
1658
1658
1658
1658
1658
1658
1658
1658
1658
1658
1658
1658
1658
1658
1658
1658
1658
1658
1658
1658
1658
1658
1.00000101
1
1
1
1
1
1
1
1
1
1.000000001
1.000000002
1.000000005
1.000000012
1.000000055
1.000000085
1.00000002
1658
1658
1658
1658
1658
1658
1658
1658
1658
1658
1658
1658
1658
1658
1658
1658
1658
1658
1658
1658
1658
1658
1658
1.000001018
1
1
1
1
1
1
1
1
1
1.000000001
1.000000002
1.000000006
1.000000016
1.000000073
1.000000087
20.66843956
1658
1658
1658
1658
1658
1658
1658
1658
1658
1658
1658
1658
1658
1658
1658
1658
1658
1658
1658
1658
1658
1658
1658
1.000001026
1
1
1
1
1
1
1
1
1
1.000000001
1.000000003
1.000000011
1.000000028
1.00000011
1.000000054
1658
1658
1658
1658
1658
1658
1658
1658
1658
1658
1658
1658
1658
1658
1658
1658
1658
1658
1658
1658
1658
1658
1658
1658
1.000001033
1
1
1
1
1
1
1
1
1
1.000000002
1.000000008
1.000000023
1.000000049
1.000000112
74.21652043
1658
1658
1658
1658
1658
1658
1658
1658
1658
1658
1658
1658
1658
1658
1658
1658
1658
1658
1658
1658
1658
1658
1658
1658
1.000001039
1
1
1
1
1
1
1
1
1.000000001
1.000000004
1.000000019
1.000000045
1.000000087
1.000000124
1658
1658
1658
1658
1658
1658
1658
1658
1658
1658
1658
1658
1658
1658
1658
1658
1658
1658
1658
1658
1658
1658
1658
1658
1658
1.000001045
1
1
1
1
1
1
1
1
1.000000002
1.00000001
1.000000035
1.000000073
1.000000105
1.000000098
1658
1658
1658
1658
1658
1658
1658
1658
1658
1658
1658
1658
1658
1658
1658
1658
1658
1658
1658
1658
1658
1658
1658
1658
1658
1.00000105
1
1
1
1
1
1
1
1
1.000000003
1.000000019
1.00000006
1.00000011
1.000000136
1.000000127
8.579400567
4.59011062
1.000000003
1.000000001
1658
1658
1658
1658
1658
1658
1658
1658
1658
1658
1658
1658
1658
1658
1658
1658
1658
1658
1658
1658
1658
1.000001055
1
1
1
1
1
1
1
1
1.000000005
1.000000028
1.00000009
1.000000164
1.000000184
1.000000156
1.000000075
1.000000045
1.000000038
1.000000047
1658
1658
1658
1658
1658
1658
1658
1658
1658
1658
1658
1658
1658
1658
1658
1658
1658
1658
1658
1658
1658
1.000001058
1
1
1
1
1
1
1
1
1.000000005
1.000000032
1.00000011
1.000000208
1.000000237
1.000000191
1.000000118
1.000000078
1.000000065
1.000000066
1658
1658
1658
1658
1658
1658
1658
1658
1658
1658
1658
1658
1658
1658
1658
1658
1658
1658
1658
1658
1658
1.000001061
1
1
1
1
1
1
1
1
1.000000004
1.000000028
1.000000105
1.000000191
1.000000251
1.000000223
1.000000153
1.000000104
1.000000092
1.00000008
14.52794852
1658
1658
1658
1658
1658
1658
1658
1658
1658
1658
1658
1658
1658
1658
1658
1658
1658
1658
1658
1658
1.000001063
1
1
1
1
1
1
1
1
1.000000003
1.000000022
1.000000084
1.000000138
1.000000179
1.000000208
1.000000173
1.000000128
1.000000115
1.000000068
1.000000017
1658
1658
1658
1658
1658
1658
1658
1658
1658
1658
1658
1658
1658
1658
1658
1658
1658
1658
1658
1658
1.000001063
1
1
1
1
1
1
1
1.000000001
1.000000006
1.000000029
1.000000075
1.000000094
1.000000099
1.000000151
1.000000158
1.000000134
1.000000097
1.000000013
1658
1658
1658
1658
1658
1658
1658
1658
1658
1658
1658
1658
1658
1658
1658
1658
1658
1658
1658
1658
1658
1.000001063
1
1
1
1
1
1
1
1.000000004
1.000000021
1.000000048
1.000000054
1.00000005
1.000000053
1.000000085
1.000000126
1.000000122
1.000000092
1.000000045
1658
1658
1658
1658
1658
1658
1658
1658
1658
1658
1658
1658
1658
1658
1658
1658
1658
1658
1658
1658
1658
1.000001062
1
1
1
1
1
1
1
1.000000012
1.000000027
1.000000035
1.000000042
1.000000052
1.000000063
1.000000073
1.00000008
1.000000058
8.175982176
1.000000054
1658
1658
1658
1658
1658
1658
1658
1658
1658
1658
1658
1658
1658
1658
1658
1658
1658
1658
1658
1658
1658
1.00000106
1
1
1
1
1
1
1
1.000000003
1.000000017
1.000000037
1.000000052
1.000000064
1.000000073
1.000000063
1.000000031
1658
1658
1658
1658
1658
1658
1658
1658
1658
1658
1658
1658
1658
1658
1658
1658
1658
1658
1658
1658
1658
1658
1658
1658
1.000001056
1
1
1
1
1
1
1
1
1.000000004
1.000000018
1.000000041
1.000000095
1.000000159
1.000000211
1.000000217
1.00000586
1658
1658
1658
1658
1658
1658
1658
1658
1658
1658
1658
1658
1658
1658
1658
1658
1658
1658
1658
1658
1658
1658
1658
1.000001052
1
1
1
1
1
1
1
1
1.000000001
1.000000006
1.00000002
1.000000042
1.00000009
1.000000227
1.00000017
1.000000114
42.05390669
1658
1658
1658
1658
1658
1658
1658
1658
1658
1658
1658
1658
1658
1658
1658
1658
1658
1658
1658
1658
1658
1658
1.000001047
1
1
1
1
1
1
1
1
1
1.000000002
1.000000008
1.000000022
1.000000042
1.000000085
1.00000015
1.000000166
1.000000099
1658
1658
1658
1658
1658
1658
1658
1658
1658
1658
1658
1658
1658
1658
1658
1658
1658
1658
1658
1658
1658
1658
1.000001041
1
1
1
1
1
1
1
1
1
1
1.000000003
1.00000001
1.000000022
1.000000048
1.000000071
1.000000085
1.000000042
1658
1658
1658
1658
1658
1658
1658
1658
1658
1658
1658
1658
1658
1658
1658
1658
1658
1658
1658
1658
1658
1658
1.000001033
1
1
1
1
1
1
1
1
1
1
1.000000001
1.000000004
1.000000011
1.000000025
1.000000043
1.000000056
1.000000021
1658
1658
1658
1658
1658
1658
1658
1658
1658
1658
1658
1658
1658
1658
1658
1658
1658
1658
1658
1658
1658
1658
1.000001026
1
1
1
1
1
1
1
1
1
1
1.000000001
1.000000002
1.000000005
1.000000013
1.000000027
1.000000045
1.000000011
1658
1658
1658
1658
1658
1658
1658
1658
1658
1658
1658
1658
1658
1658
1658
1658
1658
1658
1658
1658
1658
1658
1.000001017
1
1
1
1
1
1
1
1
1
1.000000001
1.000000003
1.000000004
1.000000007
1.000000011
1.000000019
1.000000037
1.000000009
1658
1658
1658
1658
1658
1658
1658
1658
1658
1658
1658
1658
1658
1658
1658
1658
1658
1658
1658
1658
1658
1658
1.000001008
1
1
1
1
1
1
1
1
1.000000003
1.000000011
1.000000025
1.000000042
1.000000054
1.00000005
1.000000042
1.00000004
1.000000007
1658
1658
1658
1658
1658
1658
1658
1658
1658
1658
1658
1658
1658
1658
1658
1658
1658
1658
1658
1658
1658
1658
1.000000999
1
1
1
1
1
1
1
1.000000002
1.000000012
1.00000004
1.000000091
1.000000147
1.000000153
1.000000129
1.000000093
1.000000062
1.000000007
1658
1658
1658
1658
1658
1658
1658
1658
1658
1658
1658
1658
1658
1658
1658
1658
1658
1658
1658
1658
1658
1658
1.000000989
1
1
1
1
1
1
1
1.000000005
1.000000031
1.000000093
1.000000185
1.000000257
1.000000164
1.000000112
1.000000093
1.000000074
24.32749095
1658
1658
1658
1658
1658
1658
1658
1658
1658
1658
1658
1658
1658
1658
1658
1658
1658
1658
1658
1658
1658
1658
1.000000979
1
1
1
1
1
1
1
1.000000012
1.000000066
1.000000172
1.000000305
1.000000295
1.000000034
1.000000018
1.000000035
2.199404143
1658
1658
1658
1658
1658
1658
1658
1658
1658
1658
1658
1658
1658
1658
1658
1658
1658
1658
1658
1658
1658
1658
1658
1.000000969
1
1
1
1
1
1
1
1.000000029
1.00000013
1.000000287
1.000000429
1.000000465
1.000000261
1.000000088
1658
1658
1658
1658
1658
1658
1658
1658
1658
1658
1658
1658
1658
1658
1658
1658
1658
1658
1658
1658
1658
1658
1658
1658
1658
1.000000959
1
1
1
1
1
1
1
1.00000006
1.000000233
1.000000446
1.000000581
1.000000588
1.000000389
1.000000138
1658
1658
1658
1658
1658
1658
1658
1658
1658
1658
1658
1658
1658
1658
1658
1658
1658
1658
1658
1658
1658
1658
1658
1658
1658
1.000000949
1
1
1
1
1
1
1
1.000000106
1.000000362
1.000000614
1.000000701
1.000000645
1.000000447
1.000000179
1658
1658
1658
1658
1658
1658
1658
1658
1658
1658
1658
1658
1658
1658
1658
1658
1658
1658
1658
1658
1658
1658
1658
1658
1658
1.000000939
1
1
1
1
1
1
1
1.000000139
1.000000459
1.000000728
1.00000069
1.000000552
1.000000392
1.000000189
1658
1658
1658
1658
1658
1658
1658
1658
1658
1658
1658
1658
1658
1658
1658
1658
1658
1658
1658
1658
1658
1658
1658
1658
1658
1.000000929
1
1
1
1
1
1
1
1.000000131
1.000000501
1.000000801
1.000000478
1.000000318
1.000000236
1.000000138
1.000000003
1658
1658
1658
1658
1658
1658
1658
1658
1658
1658
1658
1658
1658
1658
1658
1658
1658
1658
1658
1658
1658
1658
1658
1658
1.00000092
1
1
1
1
1
1
1
1.000000095
1.000000472
1.00000079
1.000000405
1.00000033
1.000000242
1.000000123
1.000000001
1658
1658
1658
1658
1658
1658
1658
1658
1658
1658
1658
1658
1658
1658
1658
1658
1658
1658
1658
1658
1658
1658
1658
1658
1.00000091
1
1
1
1
1
1
1
1.000000065
1.000000382
1.000000784
1.000000444
1.000000378
1.000000326
1.000000169
1
1658
1658
1658
1658
1658
1658
1658
1658
1658
1658
1658
1658
1658
1658
1658
1658
1658
1658
1658
1658
1658
1658
1658
1658
1.000000901
1
1
1
1
1
1
1
1.00000005
1.00000029
1.000000707
1.000000543
1.000000379
1.000000382
1.000000153
1658
1658
1658
1658
1658
1658
1658
1658
1658
1658
1658
1658
1658
1658
1658
1658
1658
1658
1658
1658
1658
1658
1658
1658
1658
1.000000892
1
1
1
1
1
1
1
1.000000049
1.000000235
1.000000597
1.000000628
1.000000419
1.000000373
1.000011837
1658
1658
1658
1658
1658
1658
1658
1658
1658
1658
1658
1658
1658
1658
1658
1658
1658
1658
1658
1658
1658
1658
1658
1658
1658
1.000000884
1
1
1
1
1
1
1
1.00000006
1.000000233
1.000000546
1.000000693
1.000000508
1.00000036
30.73806143
1658
1658
1658
1658
1658
1658
1658
1658
1658
1658
1658
1658
1658
1658
1658
1658
1658
1658
1658
1658
1658
1658
1658
1658
1658
1.000000876
1
1
1
1
1
1
1
1.000000098
1.000000308
1.000000604
1.000000794
1.000000632
1.000000356
1658
1658
1658
1658
1658
1658
1658
1658
1658
1658
1658
1658
1658
1658
1658
1658
1658
1658
1658
1658
1658
1658
1658
1658
1658
1658
1.000000869
1
1
1
1
1
1
1
1.000000183
1.000000484
1.000000782
1.000000946
1.000000778
1.000000397
1658
1658
1658
1658
1658
1658
1658
1658
1658
1658
1658
1658
1658
1658
1658
1658
1658
1658
1658
1658
1658
1658
1658
1658
1658
1658
1.000000862
1
1
1
1
1
1
1
1.000000399
1.000000795
1.000001034
1.000001077
1.000000881
1.000000468
1658
1658
1658
1658
1658
1658
1658
1658
1658
1658
1658
1658
1658
1658
1658
1658
1658
1658
1658
1658
1658
1658
1658
1658
1658
1658
1.000000855
1
1
1
1
1
1
1
1.000000839
1.00000109
1.000001189
1.000001072
1.000000837
1.000000454
19.03252736
1658
1658
1658
1658
1658
1658
1658
1658
1658
1658
1658
1658
1658
1658
1658
1658
1658
1658
1658
1658
1658
1658
1658
1658
1658
1.000000849
1
1
1
1
1
1
1
1.000000915
1.000001184
1.000001198
1.000000984
1.000000728
1.0000004
1.000000148
1658
1658
1658
1658
1658
1658
1658
1658
1658
1658
1658
1658
1658
1658
1658
1658
1658
1658
1658
1658
1658
1658
1658
1658
1658
1.000000844
1
1
1
1
1
1
1
1.000000623
1.000001104
1.000001177
1.000000978
1.000000729
1.00000047
1.000000299
8.911272386
1658
1658
1658
1658
1658
1658
1658
1658
1658
1658
1658
1658
1658
1658
1658
1658
1658
1658
1658
1658
1658
1658
1658
1658
1.000000839
1
1
1
1
1
1
1
1.000000204
1.000000792
1.000001109
1.000001037
1.00000085
1.000000592
1.000000343
43.17430849
1658
1658
1658
1658
1658
1658
1658
1658
1658
1658
1658
1658
1658
1658
1658
1658
1658
1658
1658
1658
1658
1658
1658
1658
1.000000835
1
1
1
1
1
1
1
1.000000061
1.000000478
1.00000098
1.000001016
1.000000798
1.000000487
1.000000233
1658
1658
1658
1658
1658
1658
1658
1658
1658
1658
1658
1658
1658
1658
1658
1658
1658
1658
1658
1658
1658
1658
1658
1658
1658
1.000000831
1
1
1
1
1
1
1
1.000000076
1.0000004
1.000000867
1.000000809
1.000000478
1.000000217
48.00223104
1658
1658
1658
1658
1658
1658
1658
1658
1658
1658
1658
1658
1658
1658
1658
1658
1658
1658
1658
1658
1658
1658
1658
1658
1658
1.000000828
1
1
1
1
1
1
1
1.000000219
1.000000485
1.000000781
1.000000654
1.000000263
48.61072276
1658
1658
1658
1658
1658
1658
1658
1658
1658
1658
1658
1658
1658
1658
1658
1658
1658
1658
1658
1658
1658
1658
1658
1658
1658
1658
1.000000825
1
1
1
1
1
1
1
1.000000394
1.000000531
1.000000604
1.000000445
1.000000179
1658
1658
1658
1658
1658
1658
1658
1658
1658
1658
1658
1658
1658
1658
1658
1658
1658
1658
1658
1658
1658
1658
1658
1658
1658
1658
1658
1.000000823
1
1
1
1
1
1
1
1.000000361
1.000000374
1.000000253
1
1.000000011
1658
1658
1658
1658
1658
1658
1658
1658
1658
1658
1658
1658
1658
1658
1658
1658
1658
1658
1658
1658
1658
1658
1658
1658
1658
1658
1658
1.000000821
1
1
1
1
1
1
1
1.000000137
46.31867552
1658
1658
1658
1658
1658
1658
1658
1658
1658
1658
1658
1658
1658
1658
1658
1658
1658
1658
1658
1658
1658
1658
1658
1658
1658
1658
1658
1658
1658
1658
1.000000819
1
1
1
1
1
1
1
1658
1658
1658
1658
1658
1658
1658
1658
1658
1658
1658
1658
1658
1658
1658
1658
1658
1658
1658
1658
1658
1658
1658
1658
1658
1658
1658
1658
1658
1658
1658
1658
1.000000819
1
1
1
1
1
1
1
1658
1658
1658
1658
1658
1658
1658
1658
1658
1658
1658
1658
1658
1658
1658
1658
1658
1658
1658
1658
1658
1658
1658
1658
1658
1658
1658
1658
1658
1658
1658
1658
1.000000817
1
1
1
1
1
1
1
)
;

boundaryField
{
    lowerWall
    {
        type            calculated;
        value           uniform 1;
    }
    atmosphere
    {
        type            calculated;
        value           nonuniform List<scalar> 
80
(
1
1
1.000000001
1.000000001
1.000000001
737.745977
1.00000007
1.000000718
1.00000041
1.000000412
1.0000004
1
1
1
1
1
1
1
1
1
1
1
1
1
1
1
1
1
1
1
1
1
1
1
1
1
1
1
1
1
1.000000001
1.000000004
1.000000012
1.000000003
1
1
1
1
1
1
1
1
1
1
1
1
1
1
1
1
1
1
1
1
1
1
1
1
1
1.000000915
1.000000623
1.000000204
1
1
1
1.000000394
1.000000361
1.000000137
116.1687207
1613.064262
)
;
    }
    rightWall
    {
        type            empty;
    }
    leftWall
    {
        type            empty;
    }
    frontAndBack
    {
        type            calculated;
        value           nonuniform List<scalar> 
80
(
1.000000001
1.000000001
310.5399345
1.000000006
1.000000005
1.000000002
362.1366359
1658
1657.999415
1658
1658
1658
1658
1658
1658
1658
1658
1658
1658
1658
1658
1658
1658
1658
1658
1658
1658
1658
1658
1658
1658
1658
1.00000071
1
1
1
1
1
1
1
1613.064262
1657.999989
1226.579481
1217.752109
904.7050761
264.9062994
109.4573057
799.9681456
1657.933851
1658
1658
1658
1658
1658
1658
1658
1658
1658
1658
1658
1658
1658
1658
1658
1658
1658
1658
1658
1658
1658
1658
1658
1.000000817
1
1
1
1
1
1
1
)
;
    }
}


// ************************************************************************* //
