/*--------------------------------*- C++ -*----------------------------------*\
| =========                 |                                                 |
| \\      /  F ield         | OpenFOAM: The Open Source CFD Toolbox           |
|  \\    /   O peration     | Version:  2506                                  |
|   \\  /    A nd           | Website:  www.openfoam.com                      |
|    \\/     M anipulation  |                                                 |
\*---------------------------------------------------------------------------*/
FoamFile
{
    version     2.0;
    format      ascii;
    arch        "LSB;label=32;scalar=64";
    class       volScalarField;
    location    "0.008";
    object      cp;
}
// * * * * * * * * * * * * * * * * * * * * * * * * * * * * * * * * * * * * * //

dimensions      [0 2 -2 -1 0 0 0];

internalField   nonuniform List<scalar> 
3200
(
520
520
553.5142527
520.1110871
520
520
559.2302924
699.9999999
699.9999364
700
700
700
700
700
700
700
700
700
700
700
700
700
700
700
700
700
700
700
700
700
700
700
520.0000001
520
520
520
520
520
520
520
520
520
520
520
520
520
563.6527407
699.9999999
699.9999096
700
700
700
700
700
700
700
700
700
700
700
700
700
700
700
700
700
700
700
700
700
700
700
520.0000001
520
520
520
520
520
520
520
520
520
520
520
520
520
608.8276218
674.9867395
699.9998742
700
700
700
700
700
700
700
700
700
700
700
700
700
700
700
700
700
700
700
700
700
700
700
520.0000001
520
520
520
520
520
520
520
520
520
520
520
520
520
593.9865519
584.0872263
699.9998589
700
700
700
700
700
700
700
700
700
700
700
700
700
700
700
700
700
700
700
700
700
700
700
520.0000001
520
520
520
520
520
520
520
520
520
520
520
520
520
662.4539452
659.0391778
699.9997309
700
700
700
700
700
700
700
700
700
700
700
700
700
700
700
700
700
700
700
700
700
700
700
520.0000001
520
520
520
520
520
520
520
520
520
520
520
520
520
590.2548511
608.8130934
699.9993224
700
700
700
700
700
700
700
700
700
700
700
700
700
700
700
700
700
700
700
700
700
700
700
520.0000001
520
520
520
520
520
520
520
520
520
520
520
520
520
520
573.0103592
699.9994994
700
700
700
700
700
700
700
700
700
700
700
700
700
700
700
700
700
700
700
700
700
700
700
520.0000001
520
520
520
520
520
520
520
520
520
520
520
520
520
530.4757253
699.8021716
699.9999986
700
700
700
700
700
700
700
700
700
700
700
700
700
700
700
700
700
700
700
700
700
700
700
520.0000001
520
520
520
520
520
520
520
520
520
520
520
520
520
549.6868276
679.7807188
667.1164319
699.9999998
700
700
700
700
700
700
700
700
700
700
700
700
700
700
700
700
700
700
700
700
700
700
520.0000001
520
520
520
520
520
520
520
520
520
520
520
520
520
520
555.3392553
634.0840075
692.9138734
700
700
700
700
700
700
700
700
700
700
700
700
700
700
700
700
700
700
700
700
700
700
520.0000001
520
520
520
520
520
520
520
520
520
520
520
520
520
520
561.0382599
549.6703218
565.1914393
699.9999995
700
700
700
700
700
700
700
700
700
700
700
700
700
700
700
700
700
700
700
700
700
520.0000001
520
520
520
520
520
520
520
520
520
520
522.2525457
582.95611
521.440214
520
611.259902
593.5006601
529.0842888
699.9999983
700
700
700
700
700
700
700
700
700
700
700
700
700
700
700
700
700
700
700
700
700
520.0000001
520
520
520
520
520
520
520
520
520
520
553.9210142
699.5012152
684.619092
652.7140111
675.5563585
646.9252126
571.5264713
699.9999997
700
700
700
700
700
700
700
700
700
700
700
700
700
700
700
700
700
700
700
700
700
520.0000001
520
520
520
520
520
520
520
520
520
520
520
629.666451
699.9999998
699.9999997
699.999999
699.9999998
620.1551737
700
700
700
700
700
700
700
700
700
700
700
700
700
700
700
700
700
700
700
700
700
700
520.0000001
520
520
520
520
520
520
520
520
520
520
520
532.7427986
614.1443334
652.978994
699.9999999
699.9999998
699.9766653
699.9999998
700
700
700
700
700
700
700
700
700
700
700
700
700
700
700
700
700
700
700
700
700
520.0000001
520
520
520
520
520
520
520
520
520
520
520
520
520
521.8903758
639.0470294
700
699.9999995
699.9999997
700
700
700
700
700
700
700
700
700
700
700
700
700
700
700
700
700
700
700
700
700
520.0000001
520
520
520
520
520
520
520
520
520
520
520
520
520
520
521.2795297
642.1894199
700
699.9999988
700
700
700
700
700
700
700
700
700
700
700
700
700
700
700
700
700
700
700
700
700
520.0000001
520
520
520
520
520
520
520
520
520
520
520
520
520
520
520
524.817016
679.5996182
699.9999959
700
700
700
700
700
700
700
700
700
700
700
700
700
700
700
700
700
700
700
700
700
520.0000001
520
520
520
520
520
520
520
520
520
520
520
520
520
520
520
520
581.8638245
699.9999914
700
700
700
700
700
700
700
700
700
700
700
700
700
700
700
700
700
700
700
700
700
520.0000001
520
520
520
520
520
520
520
520
520
520
520
520
520
520
520
520.0000001
535.8698072
699.9997195
700
700
700
700
700
700
700
700
700
700
700
700
700
700
700
700
700
700
700
700
700
520.0000001
520
520
520
520
520
520
520
520
520
520
520
520
520
520
520
520.0000001
543.4204818
699.9999917
700
700
700
700
700
700
700
700
700
700
700
700
700
700
700
700
700
700
700
700
700
520.0000001
520
520
520
520
520
520
520
520
520
520
520
520
520
520
520
520.0000001
544.059849
699.9999992
700
700
700
700
700
700
700
700
700
700
700
700
700
700
700
700
700
700
700
700
700
520.0000001
520
520
520
520
520
520
520
520
520
520
520
520
520
520
520.0000001
520.0000001
543.4884214
699.99998
700
700
700
700
700
700
700
700
700
700
700
700
700
700
700
700
700
700
700
700
700
520.0000001
520
520
520
520
520
520
520
520
520
520
520
520
520
520.0000001
520.0000003
520
543.5500091
699.9999973
700
700
700
700
700
700
700
700
700
700
700
700
700
700
700
700
700
700
700
700
700
520.0000001
520
520
520
520
520
520
520
520
520
520
520
520
520
520.0000002
520.0000004
520
542.8145003
699.9999991
700
700
700
700
700
700
700
700
700
700
700
700
700
700
700
700
700
700
700
700
700
520.0000001
520
520
520
520
520
520
520
520
520
520
520
520
520.0000001
520.0000002
520.0000002
520
541.453842
699.9999996
700
700
700
700
700
700
700
700
700
700
700
700
700
700
700
700
700
700
700
700
700
520.0000001
520
520
520
520
520
520
520
520
520
520
520
520.0000001
520.0000001
520.0000001
520.0000002
520
539.6227248
699.999999
700
700
700
700
700
700
700
700
700
700
700
700
700
700
700
700
700
700
700
700
700
520.0000001
520
520
520
520
520
520
520
520
520
520
536.7166593
563.414858
521.2542817
520
520.0000001
520
539.2283258
699.9999993
700
700
700
700
700
700
700
700
700
700
700
700
700
700
700
700
700
700
700
700
700
520.0000001
520
520
520
520
520
520
520
520
520
520
538.8238125
604.0051035
520.0202771
534.6971067
594.9676969
521.2017198
551.145253
699.9999996
700
700
700
700
700
700
700
700
700
700
700
700
700
700
700
700
700
700
700
700
700
520.0000001
520
520
520
520
520
520
520
520
520
520
520
520
520
520
552.8213325
525.6964436
596.3729945
699.9999991
700
700
700
700
700
700
700
700
700
700
700
700
700
700
700
700
700
700
700
700
700
520.0000001
520
520
520
520
520
520
520
520
520
520
520
520
520.0000001
520.0000001
520.1055665
526.1942909
665.0825268
699.9999994
700
700
700
700
700
700
700
700
700
700
700
700
700
700
700
700
700
700
700
700
700
520.0000001
520
520
520
520
520
520
520
520
520
520
520
520
520
520
520
534.7157827
698.9390142
699.9999994
700
700
700
700
700
700
700
700
700
700
700
700
700
700
700
700
700
700
700
700
700
520.0000001
520
520
520
520
520
520
520
520
520
520
520
520
520
520
520
592.4090857
699.9999997
699.9999995
700
700
700
700
700
700
700
700
700
700
700
700
700
700
700
700
700
700
700
700
700
520.0000001
520
520
520
520
520
520
520
520
520
520
520
520
520
520
539.822067
680.720825
699.9999994
700
700
700
700
700
700
700
700
700
700
700
700
700
700
700
700
700
700
700
700
700
700
520.0000001
520
520
520
520
520
520
520
520
520
520
520
520
520
520
551.1030823
693.9119761
699.3960944
699.9999993
699.9999989
700
700
700
700
700
700
700
700
700
700
700
700
700
700
700
700
700
700
700
700
520.0000001
520
520
520
520
520
520
520
520
520
520
520
520
520
520
522.7461095
530.776693
538.7641449
625.2704345
688.9527532
700
700
700
700
700
700
700
700
700
700
700
700
700
700
700
700
700
700
700
700
520.0000001
520
520
520
520
520
520
520
520
520
520
520
520
520
520
520
520
520
520
566.1515071
699.9999999
700
700
700
700
700
700
700
700
700
700
700
700
700
700
700
700
700
700
700
520.0000001
520
520
520
520
520
520
520
520
520
520
520
520
520
520
520
520
520
520
530.5173301
699.9999999
700
700
700
700
700
700
700
700
700
700
700
700
700
700
700
700
700
700
700
520.0000001
520
520
520
520
520
520
520
520
520
520
520
520
520
520
520
520
520
520
545.636285
699.9999998
700
700
700
700
700
700
700
700
700
700
700
700
700
700
700
700
700
700
700
520.0000001
520
520
520
520
520
520
520
520
520
520
520
520
520
520
520
520
520
520
548.506832
699.9999999
700
700
700
700
700
700
700
700
700
700
700
700
700
700
700
700
700
700
700
520.0000001
520
520
520
520
520
520
520
520
520
520
520
520
520
520
520
520
520
520
556.9760765
699.9999998
700
700
700
700
700
700
700
700
700
700
700
700
700
700
700
700
700
700
700
520.0000001
520
520
520
520
520
520
520
520
520
520
520
520
520
520
520
520
520
520
542.8660707
699.9992271
699.9999999
700
700
700
700
700
700
700
700
700
700
700
700
700
700
700
700
700
700
520.0000001
520
520
520
520
520
520
520
520
520
520
520
520
520
520
520
520
520
520
526.1997548
699.6333509
699.9999999
700
700
700
700
700
700
700
700
700
700
700
700
700
700
700
700
700
700
520.0000001
520
520
520
520
520
520
520
520
520
520
520
520
520
520
520
520
520
520
550.1223262
698.7824475
700
700
700
700
700
700
700
700
700
700
700
700
700
700
700
700
700
700
700
520.0000001
520
520
520
520
520
520
520
520
520
520
520
520
520
520
520
520
525.4247057
623.0318444
687.2228005
700
700
700
700
700
700
700
700
700
700
700
700
700
700
700
700
700
700
700
700
520.0000001
520
520
520
520
520
520
520
520
520
520
520
520
520
520
520
520
631.7102799
700
699.9999996
700
700
700
700
700
700
700
700
700
700
700
700
700
700
700
700
700
700
700
700
520.0000001
520
520
520
520
520
520
520
520
520
520
520
520
520
520
520
557.678154
699.999455
699.9999998
700
700
700
700
700
700
700
700
700
700
700
700
700
700
700
700
700
700
700
700
700
520.0000001
520
520
520
520
520
520
520
520
520
520
520
520
520
520
520
641.3314034
699.9999999
699.9999998
700
700
700
700
700
700
700
700
700
700
700
700
700
700
700
700
700
700
700
700
700
520.0000001
520
520
520
520
520
520
520
520
520
520
520
520
520
520
537.6429399
698.4678468
699.9999989
700
700
700
700
700
700
700
700
700
700
700
700
700
700
700
700
700
700
700
700
700
700
520.0000001
520
520
520
520
520
520
520
520
520
520
520
520
520
551.7197396
659.3884891
699.9999996
699.9999979
700
700
700
700
700
700
700
700
700
700
700
700
700
700
700
700
700
700
700
700
700
700
520.0000001
520
520
520
520
520
520
520
520
520
520
520
520
520
655.3101496
699.9999997
700
699.9999979
700
700
700
700
700
700
700
700
700
700
700
700
700
700
700
700
700
700
700
700
700
700
520.0000001
520
520
520
520
520
520
520
520.0000001
520
520
520
520
520
569.9383196
674.8808234
699.9999995
699.9999979
700
700
700
700
700
700
700
700
700
700
700
700
700
700
700
700
700
700
700
700
700
700
520.0000001
520
520
520
520
520
520
520
520.0000002
520.0000001
520.0000001
520
520
520
520
609.83701
699.9999995
699.9999963
700
700
700
700
700
700
700
700
700
700
700
700
700
700
700
700
700
700
700
700
700
700
520.0000001
520
520
520
520
520
520
520
520.0000002
520.0000001
520.0000002
520.0000002
520.0000003
520.000001
520
626.8929691
699.9999992
699.9999968
700
700
700
700
700
700
700
700
700
700
700
700
700
700
700
700
700
700
700
700
700
700
520.0000001
520
520
520
520
520
520
520
520.0000002
520.0000002
520.0000003
520.0000003
520.0000003
532.302331
551.4009142
650.782323
699.9999974
699.9999969
700
700
700
700
700
700
700
700
700
700
700
700
700
700
700
700
700
700
700
700
700
700
520.0000001
520
520
520
520
520
520
520
520.0000003
520.0000003
520.0000003
520.0000002
520.0000002
558.4141829
689.4308849
700
699.9999981
699.9999977
700
700
700
700
700
700
700
700
700
700
700
700
700
700
700
700
700
700
700
700
700
700
520.0000001
520
520
520
520
520
520
520
520.0000005
520.0000003
520.0000002
520.0000001
520.0000001
535.2474855
687.4205173
699.9999988
699.9999994
699.9999999
700
700
700
700
700
700
700
700
700
700
700
700
700
700
700
700
700
700
700
700
700
700
520.0000001
520
520
520
520
520
520
520
520.0000005
520.0000002
520.0000001
520.0000001
520.0000001
520
591.8053547
699.9999993
700
699.9999999
700
700
700
700
700
700
700
700
700
700
700
700
700
700
700
700
700
700
700
700
700
700
520.0000001
520
520
520
520
520
520
520
520.0000003
520.0000001
520.0000001
520.0000001
520.0000001
520
524.7927736
690.1959276
700
699.9999998
700
700
700
700
700
700
700
700
700
700
700
700
700
700
700
700
700
700
700
700
700
700
520.0000001
520
520
520
520
520
520
520
520.0000001
520
520.0000001
520.0000001
520.0000001
520
520
647.6856708
699.9999999
699.9999992
700
700
700
700
700
700
700
700
700
700
700
700
700
700
700
700
700
700
700
700
700
700
520.0000001
520
520
520
520
520
520
520
520
520
520.0000002
520.0000001
520.0000001
520.0000001
520
575.8476905
684.230625
699.9999981
700
700
700
700
700
700
700
700
700
700
700
700
700
700
700
700
700
700
700
700
700
700
520.0000001
520
520
520
520
520
520
520
520
520
520.0000002
520.0000002
520.0000001
520.0000001
520.0000001
520
578.5592451
699.9999997
700
700
700
700
700
700
700
700
700
700
700
700
700
700
700
700
700
700
700
700
700
700
520.0000001
520
520
520
520
520
520
520
520.4776294
524.6274551
520.0000002
520.0000002
520.0000002
520.0000001
520.0000001
520.0000001
532.6637221
699.9999981
700
700
700
700
700
700
700
700
700
700
700
700
700
700
700
700
700
700
700
700
700
700
520.0000001
520
520
520
520
520
520
520
520.0073162
520.2892441
520.0000002
520.0000002
520.0000002
520.0000002
520.0000001
520.0000001
534.2043741
699.9999885
700
700
700
700
700
700
700
700
700
700
700
700
700
700
700
700
700
700
700
700
700
700
520.0000001
520
520
520
520
520
520
520
520
520
520.0000002
520.0000002
520.0000002
520.0000001
520.0000001
520.0000001
535.5180031
699.9999995
700
700
700
700
700
700
700
700
700
700
700
700
700
700
700
700
700
700
700
700
700
700
520.0000001
520
520
520
520
520
520
520
520
520
520.0000001
520.0000002
520.0000002
520.0000001
520.0000001
520.0000001
526.541765
699.9999978
700
700
700
700
700
700
700
700
700
700
700
700
700
700
700
700
700
700
700
700
700
700
520.0000001
520
520
520
520
520
520
520
520
520.0000001
520.0000001
520.0000001
520.0000001
520.0000001
520
520
571.5954664
699.9999989
700
700
700
700
700
700
700
700
700
700
700
700
700
700
700
700
700
700
700
700
700
700
520.0000001
520
520
520
520
520
520
520
520
520
520.0000001
520.0000001
520
520
520
539.8079642
686.3335225
699.9999995
700
700
700
700
700
700
700
700
700
700
700
700
700
700
700
700
700
700
700
700
700
700
520.0000001
520
520
520
520
520
520
520
520
520
520
520
520
520
533.5005367
657.0426457
659.1880848
699.9999998
700
700
700
700
700
700
700
700
700
700
700
700
700
700
700
700
700
700
700
700
700
700
520.0000001
520
520
520
520
520
520
520
520
520
520
520
520
520
592.1592503
687.5908446
678.6303433
700
700
700
700
700
700
700
700
700
700
700
700
700
700
700
700
700
700
700
700
700
700
700
520.0000001
520
520
520
520
520
520
520
520
520
520
520
520
524.5045579
681.5224863
699.9999998
699.9999995
699.9999999
700
700
700
700
700
700
700
700
700
700
700
700
700
700
700
700
700
700
700
700
700
700
520.0000001
520
520
520
520
520
520
520
520
520
520
520
520
591.6897953
699.8098618
614.8109899
594.4064587
699.9999999
700
700
700
700
700
700
700
700
700
700
700
700
700
700
700
700
700
700
700
700
700
700
520.0000001
520
520
520
520
520
520
520
520
520
520
520
520
653.8195637
679.7927124
539.6272948
597.3123121
699.9999994
700
700
700
700
700
700
700
700
700
700
700
700
700
700
700
700
700
700
700
700
700
700
520.0000001
520
520
520
520
520
520
520
520
520
520
520
544.6565983
700
559.1964077
619.0936773
672.3279507
699.9999995
700
700
700
700
700
700
700
700
700
700
700
700
700
700
700
700
700
700
700
700
700
700
520.0000001
520
520
520
520
520
520
520
520
520
520.0000015
530.4361924
664.2245799
641.2844998
522.0495322
543.7639727
687.5248275
699.9999997
700
700
700
700
700
700
700
700
700
700
700
700
700
700
700
700
700
700
700
700
700
700
520.0000001
520
520
520
520
520
520
520
520
544.8752521
622.3025541
539.0921045
612.4006915
521.6891681
520
648.1862171
699.999999
699.9999998
700
700
700
700
700
700
700
700
700
700
700
700
700
700
700
700
700
700
700
700
700
700
520.0000001
520
520
520
520
520
520
520
589.8164647
697.1760809
631.329124
558.9876254
520
520
557.8076205
699.1067713
700
700
700
700
700
700
700
700
700
700
700
700
700
700
700
700
700
700
700
700
700
700
700
700
520.0000001
520
520
520
520
520
520
520
668.0651605
613.5018687
526.100474
520
520
520
529.3225589
595.8861273
699.9999998
700
700
700
700
700
700
700
700
700
700
700
700
700
700
700
700
700
700
700
700
700
700
700
520.0000001
520
520
520
520
520
520
520
520
520
520
520
520
520
521.6871893
686.7352797
699.9999999
699.9999998
700
700
700
700
700
700
700
700
700
700
700
700
700
700
700
700
700
700
700
700
700
700
520.0000001
520
520
520
520
520
520
520
520
520
520
520
520
520
535.3370818
606.791953
699.9928143
700
700
700
700
700
700
700
700
700
700
700
700
700
700
700
700
700
700
700
700
700
700
700
520.0000001
520
520
520
520
520
520
520
)
;

boundaryField
{
    lowerWall
    {
        type            calculated;
        value           uniform 0;
    }
    atmosphere
    {
        type            calculated;
        value           uniform 0;
    }
    rightWall
    {
        type            empty;
    }
    leftWall
    {
        type            empty;
    }
    frontAndBack
    {
        type            calculated;
        value           uniform 0;
    }
}


// ************************************************************************* //
