/*--------------------------------*- C++ -*----------------------------------*\
| =========                 |                                                 |
| \\      /  F ield         | OpenFOAM: The Open Source CFD Toolbox           |
|  \\    /   O peration     | Version:  2506                                  |
|   \\  /    A nd           | Website:  www.openfoam.com                      |
|    \\/     M anipulation  |                                                 |
\*---------------------------------------------------------------------------*/
FoamFile
{
    version     2.0;
    format      ascii;
    arch        "LSB;label=32;scalar=64";
    class       volScalarField;
    location    "0.008";
    object      kappa;
}
// * * * * * * * * * * * * * * * * * * * * * * * * * * * * * * * * * * * * * //

dimensions      [1 1 -3 -1 0 0 0];

internalField   nonuniform List<scalar> 
3200
(
0.4
0.4
4.980281209
0.4151819092
0.4000000004
0.4000000004
5.761473292
24.99999999
24.99999131
25
25
25
25
25
25
25
25
25
25
25
25
25
25
25
25
25
25
25
25
25
25
25
0.4000000098
0.4
0.4
0.4
0.4
0.4
0.4
0.4
0.4
0.4
0.4
0.4
0.4000000001
0.4000000001
6.365874566
24.99999999
24.99998765
25
25
25
25
25
25
25
25
25
25
25
25
25
25
25
25
25
25
25
25
25
25
25
0.4000000098
0.4
0.4
0.4
0.4
0.4
0.4
0.4
0.4
0.4
0.4
0.4
0.4
0.4000000001
12.53977499
21.58152107
24.99998281
25
25
25
25
25
25
25
25
25
25
25
25
25
25
25
25
25
25
25
25
25
25
25
0.4000000098
0.4
0.4
0.4
0.4
0.4
0.4
0.4
0.4
0.4
0.4
0.4
0.4
0.4
10.51149543
9.158587599
24.99998072
25
25
25
25
25
25
25
25
25
25
25
25
25
25
25
25
25
25
25
25
25
25
25
0.4000000099
0.4
0.4
0.4
0.4
0.4
0.4
0.4
0.4
0.4
0.4
0.4
0.4
0.4
19.86870584
19.40202097
24.99996322
25
25
25
25
25
25
25
25
25
25
25
25
25
25
25
25
25
25
25
25
25
25
25
0.40000001
0.4
0.4
0.4
0.4
0.4
0.4
0.4
0.4
0.4
0.4
0.4
0.4
0.4
10.00149631
12.53778943
24.99990739
25
25
25
25
25
25
25
25
25
25
25
25
25
25
25
25
25
25
25
25
25
25
25
0.4000000101
0.4
0.4
0.4
0.4
0.4
0.4
0.4
0.4000000001
0.4000000001
0.4000000001
0.4
0.4
0.4
0.4
7.644749091
24.99993158
25
25
25
25
25
25
25
25
25
25
25
25
25
25
25
25
25
25
25
25
25
25
25
0.4000000102
0.4
0.4
0.4
0.4
0.4
0.4
0.4
0.4000000003
0.4000000002
0.4000000002
0.4000000001
0.4000000001
0.4
1.83168246
24.97296345
24.99999981
25
25
25
25
25
25
25
25
25
25
25
25
25
25
25
25
25
25
25
25
25
25
25
0.4000000103
0.4
0.4
0.4
0.4
0.4
0.4
0.4
0.4000000006
0.4000000007
0.4000000006
0.4000000006
0.4000000005
0.4000000003
4.457199767
22.23669823
20.50591237
24.99999997
25
25
25
25
25
25
25
25
25
25
25
25
25
25
25
25
25
25
25
25
25
25
0.4000000104
0.4
0.4
0.4
0.4
0.4
0.4
0.4
0.4000000002
0.4000000007
0.4000000006
0.4000000005
0.4000000005
0.4000000011
0.4000000013
5.229698218
15.99148103
24.0315627
25
25
25
25
25
25
25
25
25
25
25
25
25
25
25
25
25
25
25
25
25
25
0.4000000106
0.4
0.4
0.4
0.4
0.4
0.4
0.4
0.4
0.4000000002
0.4000000003
0.4000000002
0.4000000001
0.4000000004
0.4000000016
6.008562193
4.454943986
6.576163371
24.99999993
25
25
25
25
25
25
25
25
25
25
25
25
25
25
25
25
25
25
25
25
25
0.4000000108
0.4
0.4
0.4
0.4
0.4
0.4
0.4
0.4
0.4000000001
0.4000000002
0.707847914
9.004001694
0.5968292417
0.4000000013
12.87218661
10.44509022
1.641519464
24.99999976
25
25
25
25
25
25
25
25
25
25
25
25
25
25
25
25
25
25
25
25
25
0.4000000109
0.4
0.4
0.4
0.4
0.4
0.4
0.4
0.4
0.4000000002
0.4000000002
5.035871941
24.93183275
22.89794258
18.53758152
21.65936899
17.74644572
7.441951082
24.99999995
25
25
25
25
25
25
25
25
25
25
25
25
25
25
25
25
25
25
25
25
25
0.4000000111
0.4
0.4
0.4
0.4
0.4
0.4
0.4
0.4000000002
0.4000000004
0.4000000004
0.4000000003
15.38774831
24.99999997
24.99999996
24.99999987
24.99999998
14.08787374
25
25
25
25
25
25
25
25
25
25
25
25
25
25
25
25
25
25
25
25
25
25
0.4000000113
0.4
0.4
0.4
0.4
0.4
0.4
0.4
0.4000000006
0.4000000006
0.4000000005
0.4000000005
2.141515811
13.26639223
18.57379584
24.99999998
24.99999997
24.99681093
24.99999998
25
25
25
25
25
25
25
25
25
25
25
25
25
25
25
25
25
25
25
25
25
0.4000000115
0.4
0.4
0.4
0.4
0.4
0.4
0.4
0.400000001
0.4000000008
0.4000000007
0.4000000011
0.4000000005
0.4000000002
0.6583513547
16.66976069
25
24.99999993
24.99999996
25
25
25
25
25
25
25
25
25
25
25
25
25
25
25
25
25
25
25
25
25
0.4000000116
0.4
0.4
0.4
0.4
0.4
0.4
0.4
0.4000000014
0.4000000012
0.4000000011
0.4000000007
0.4000000005
0.4000000014
0.4000000019
0.5748690643
17.09922073
25
24.99999983
25
25
25
25
25
25
25
25
25
25
25
25
25
25
25
25
25
25
25
25
25
0.4000000118
0.4
0.4
0.4
0.4
0.4
0.4
0.4
0.400000002
0.4000000022
0.4000000027
0.4000000027
0.4000000028
0.400000003
0.4000000029
0.400000002
1.058325526
22.21194782
24.99999945
25
25
25
25
25
25
25
25
25
25
25
25
25
25
25
25
25
25
25
25
25
0.400000012
0.4
0.4
0.4
0.4
0.4
0.4
0.4
0.4000000023
0.4000000025
0.4000000029
0.4000000035
0.4000000038
0.4000000036
0.4000000033
0.4000000031
0.4000000044
8.854722676
24.99999883
25
25
25
25
25
25
25
25
25
25
25
25
25
25
25
25
25
25
25
25
25
0.4000000122
0.4
0.4
0.4
0.4
0.4
0.4
0.4
0.4000000013
0.4000000019
0.4000000023
0.4000000025
0.4000000029
0.4000000033
0.4000000034
0.4000000034
0.4000000071
2.568873655
24.99996166
25
25
25
25
25
25
25
25
25
25
25
25
25
25
25
25
25
25
25
25
25
0.4000000123
0.4
0.4
0.4
0.4
0.4
0.4
0.4
0.4000000003
0.4000000007
0.4000000012
0.4000000016
0.4000000021
0.4000000027
0.4000000031
0.4000000038
0.4000000091
3.600799179
24.99999887
25
25
25
25
25
25
25
25
25
25
25
25
25
25
25
25
25
25
25
25
25
0.4000000125
0.4
0.4
0.4
0.4
0.4
0.4
0.4
0.4
0.4000000002
0.4000000006
0.4000000011
0.4000000018
0.4000000026
0.4000000031
0.4000000061
0.4000000105
3.688179363
24.99999989
25
25
25
25
25
25
25
25
25
25
25
25
25
25
25
25
25
25
25
25
25
0.4000000126
0.4
0.4
0.4
0.4
0.4
0.4
0.4
0.4
0.4000000002
0.4000000006
0.4000000013
0.4000000022
0.400000003
0.4000000036
0.4000000141
0.40000001
3.61008426
24.99999727
25
25
25
25
25
25
25
25
25
25
25
25
25
25
25
25
25
25
25
25
25
0.4000000128
0.4
0.4
0.4
0.4
0.4
0.4
0.4
0.4000000001
0.4000000005
0.4000000013
0.4000000022
0.4000000031
0.4000000034
0.4000000069
0.4000000357
0.4000000063
3.618501248
24.99999963
25
25
25
25
25
25
25
25
25
25
25
25
25
25
25
25
25
25
25
25
25
0.4000000129
0.4
0.4
0.4
0.4
0.4
0.4
0.4
0.4000000004
0.4000000017
0.4000000025
0.4000000029
0.4000000034
0.4000000055
0.4000000259
0.4000000522
0.4000000028
3.517981714
24.99999987
25
25
25
25
25
25
25
25
25
25
25
25
25
25
25
25
25
25
25
25
25
0.400000013
0.4
0.4
0.4
0.4
0.4
0.4
0.4
0.4000000019
0.4000000024
0.4000000027
0.400000003
0.4000000046
0.4000000098
0.4000000222
0.4000000262
0.4000000014
3.332025077
24.99999994
25
25
25
25
25
25
25
25
25
25
25
25
25
25
25
25
25
25
25
25
25
0.4000000131
0.4
0.4
0.4
0.4
0.4
0.4
0.4
0.4000000023
0.4000000025
0.4000000032
0.4000000051
0.4000000097
0.4000000147
0.4000000179
0.400000023
0.4000000014
3.081772387
24.99999987
25
25
25
25
25
25
25
25
25
25
25
25
25
25
25
25
25
25
25
25
25
0.4000000132
0.4
0.4
0.4
0.4
0.4
0.4
0.4
0.4000000021
0.4000000019
0.4000000013
2.684610106
6.333363924
0.5714184948
0.4000000061
0.400000018
0.4000000013
3.027871199
24.9999999
25
25
25
25
25
25
25
25
25
25
25
25
25
25
25
25
25
25
25
25
25
0.4000000133
0.4
0.4
0.4
0.4
0.4
0.4
0.4
0.4000000019
0.4000000015
0.4000000011
2.97258771
11.88069748
0.4027712022
2.408604584
10.64558524
0.5642350389
4.656517904
24.99999995
25
25
25
25
25
25
25
25
25
25
25
25
25
25
25
25
25
25
25
25
25
0.4000000133
0.4
0.4
0.4
0.4
0.4
0.4
0.4
0.4000000016
0.4000000012
0.4000000011
0.4000000002
0.4000000003
0.4000000047
0.4000000008
4.885582105
1.178513958
10.83764259
24.99999987
25
25
25
25
25
25
25
25
25
25
25
25
25
25
25
25
25
25
25
25
25
0.4000000134
0.4
0.4
0.4
0.4
0.4
0.4
0.4
0.4000000009
0.4000000009
0.400000001
0.4000000011
0.4000000012
0.4000000169
0.400000007
0.4144274167
1.246553096
20.22794532
24.99999992
25
25
25
25
25
25
25
25
25
25
25
25
25
25
25
25
25
25
25
25
25
0.4000000134
0.4
0.4
0.4
0.4
0.4
0.4
0.4
0.4000000003
0.4000000005
0.4000000009
0.4000000011
0.4000000014
0.4000000023
0.4000000027
0.4
2.411156975
24.8549986
24.99999992
25
25
25
25
25
25
25
25
25
25
25
25
25
25
25
25
25
25
25
25
25
0.4000000135
0.4
0.4
0.4
0.4
0.4
0.4
0.4
0.4000000001
0.4000000005
0.4000000009
0.4000000013
0.4000000018
0.4000000026
0.4000000028
0.4
10.29590838
24.99999996
24.99999994
25
25
25
25
25
25
25
25
25
25
25
25
25
25
25
25
25
25
25
25
25
0.4000000135
0.4
0.4
0.4
0.4
0.4
0.4
0.4
0.4000000003
0.4000000009
0.4000000016
0.400000002
0.4000000024
0.400000003
0.4000000034
3.109015827
22.36517942
24.99999992
25
25
25
25
25
25
25
25
25
25
25
25
25
25
25
25
25
25
25
25
25
25
0.4000000135
0.4
0.4
0.4
0.4
0.4
0.4
0.4
0.4000000005
0.4000000018
0.4000000029
0.4000000034
0.4000000036
0.4000000041
0.4000000039
4.650754586
24.16797007
24.91746624
24.99999991
24.99999985
25
25
25
25
25
25
25
25
25
25
25
25
25
25
25
25
25
25
25
25
0.4000000135
0.4
0.4
0.4
0.4
0.4
0.4
0.4
0.4000000008
0.4000000028
0.4000000046
0.400000005
0.4000000048
0.4000000048
0.4000000037
0.7753016335
1.872814708
2.964433142
14.78695939
23.49020961
24.99999999
25
25
25
25
25
25
25
25
25
25
25
25
25
25
25
25
25
25
25
0.4000000135
0.4
0.4
0.4
0.4
0.4
0.4
0.4
0.4000000007
0.4000000032
0.4000000058
0.4000000061
0.4000000057
0.4000000021
0.400000001
0.4000000003
0.4000000007
0.400000001
0.4000000009
6.707372644
24.99999999
25
25
25
25
25
25
25
25
25
25
25
25
25
25
25
25
25
25
25
0.4000000135
0.4
0.4
0.4
0.4
0.4
0.4
0.4
0.4000000001
0.4000000023
0.4000000057
0.4000000065
0.4000000054
0.4000000012
0.4000000005
0.4000000004
0.4000000008
0.4000000013
0.4000000016
1.837368444
24.99999998
25
25
25
25
25
25
25
25
25
25
25
25
25
25
25
25
25
25
25
0.4000000134
0.4
0.4
0.4
0.4
0.4
0.4
0.4
0.4
0.4000000011
0.4000000039
0.4000000061
0.4000000056
0.4000000016
0.4000000004
0.4000000004
0.4000000009
0.4000000013
0.4000000016
3.903625621
24.99999998
25
25
25
25
25
25
25
25
25
25
25
25
25
25
25
25
25
25
25
0.4000000134
0.4
0.4
0.4
0.4
0.4
0.4
0.4
0.4
0.4000000003
0.4000000019
0.4000000045
0.400000005
0.4000000026
0.4000000009
0.4000000007
0.4000000009
0.4000000014
0.4000000016
4.295933706
24.99999998
25
25
25
25
25
25
25
25
25
25
25
25
25
25
25
25
25
25
25
0.4000000133
0.4
0.4
0.4
0.4
0.4
0.4
0.4
0.4
0.4000000001
0.4000000007
0.4000000024
0.4000000035
0.4000000029
0.4000000017
0.4000000013
0.4000000014
0.4000000016
0.4000000016
5.45339712
24.99999998
25
25
25
25
25
25
25
25
25
25
25
25
25
25
25
25
25
25
25
0.4000000132
0.4
0.4
0.4
0.4
0.4
0.4
0.4
0.4
0.4
0.4000000002
0.400000001
0.4000000019
0.4000000022
0.4000000019
0.4000000017
0.4000000017
0.4000000017
0.4000000016
3.525029667
24.99989437
24.99999999
25
25
25
25
25
25
25
25
25
25
25
25
25
25
25
25
25
25
0.4000000132
0.4
0.4
0.4
0.4
0.4
0.4
0.4
0.4
0.4
0.4000000001
0.4000000003
0.4000000008
0.4000000012
0.4000000014
0.4000000014
0.4000000014
0.4000000014
0.4000000015
1.247299822
24.94989129
24.99999999
25
25
25
25
25
25
25
25
25
25
25
25
25
25
25
25
25
25
0.4000000131
0.4
0.4
0.4
0.4
0.4
0.4
0.4
0.4
0.4
0.4
0.4000000001
0.4000000003
0.4000000006
0.4000000008
0.400000001
0.4000000011
0.4000000013
0.4000000013
4.516717911
24.83360116
25
25
25
25
25
25
25
25
25
25
25
25
25
25
25
25
25
25
25
0.4000000129
0.4
0.4
0.4
0.4
0.4
0.4
0.4
0.4
0.4
0.4
0.4
0.4000000002
0.4000000004
0.4000000007
0.4000000011
0.4000000009
1.141376451
14.48101873
23.25378274
24.99999999
25
25
25
25
25
25
25
25
25
25
25
25
25
25
25
25
25
25
25
0.4000000128
0.4
0.4
0.4
0.4
0.4
0.4
0.4
0.4
0.4
0.4000000001
0.4000000004
0.4000000008
0.4000000012
0.4000000015
0.4000000016
0.4
15.66707159
25
24.99999995
25
25
25
25
25
25
25
25
25
25
25
25
25
25
25
25
25
25
25
25
0.4000000127
0.4
0.4
0.4
0.4
0.4
0.4
0.4
0.4
0.4000000001
0.4000000004
0.4000000013
0.400000002
0.4000000024
0.4000000025
0.4000000014
5.549347712
24.99992551
24.99999998
25
25
25
25
25
25
25
25
25
25
25
25
25
25
25
25
25
25
25
25
25
0.4000000125
0.4
0.4
0.4
0.4
0.4
0.4
0.4
0.4
0.4000000003
0.4000000012
0.4000000027
0.4000000027
0.4000000026
0.4000000025
0.4000000008
16.98195846
24.99999998
24.99999998
25
25
25
25
25
25
25
25
25
25
25
25
25
25
25
25
25
25
25
25
25
0.4000000124
0.4
0.4
0.4
0.4
0.4
0.4
0.4
0.4
0.4000000006
0.4000000027
0.4000000034
0.4000000016
0.4000000017
0.4000000013
2.81120179
24.79060573
24.99999985
25
25
25
25
25
25
25
25
25
25
25
25
25
25
25
25
25
25
25
25
25
25
0.4000000122
0.4
0.4
0.4
0.4
0.4
0.4
0.4
0.4000000001
0.4000000009
0.4000000037
0.4000000026
0.400000001
0.4000000008
4.735031077
19.44976017
24.99999995
24.99999971
25
25
25
25
25
25
25
25
25
25
25
25
25
25
25
25
25
25
25
25
25
25
0.4000000121
0.4
0.4
0.4
0.4
0.4
0.4
0.4
0.4000000002
0.4000000014
0.400000004
0.400000003
0.4000000012
0.4000000006
18.89238711
24.99999996
25
24.99999971
25
25
25
25
25
25
25
25
25
25
25
25
25
25
25
25
25
25
25
25
25
25
0.4000000119
0.4
0.4
0.4
0.4
0.4
0.4
0.4
0.400000016
0.4000000057
0.4000000034
0.4000000029
0.4000000014
0.4000000007
7.224903685
21.56704587
24.99999993
24.99999972
25
25
25
25
25
25
25
25
25
25
25
25
25
25
25
25
25
25
25
25
25
25
0.4000000118
0.4
0.4
0.4
0.4
0.4
0.4
0.4
0.4000000221
0.40000001
0.4000000086
0.400000002
0.4000000009
0.4000000005
0.4000000002
12.6777247
24.99999993
24.99999949
25
25
25
25
25
25
25
25
25
25
25
25
25
25
25
25
25
25
25
25
25
25
0.4000000116
0.4
0.4
0.4
0.4
0.4
0.4
0.4
0.4000000328
0.400000019
0.400000025
0.4000000246
0.4000000452
0.4000001415
0.4000000001
15.00870578
24.99999989
24.99999956
25
25
25
25
25
25
25
25
25
25
25
25
25
25
25
25
25
25
25
25
25
25
0.4000000114
0.4
0.4
0.4
0.4
0.4
0.4
0.4
0.4000000329
0.4000000275
0.400000035
0.4000000358
0.4000000357
2.081318567
4.691458271
18.27358414
24.99999964
24.99999957
25
25
25
25
25
25
25
25
25
25
25
25
25
25
25
25
25
25
25
25
25
25
0.4000000113
0.4
0.4
0.4
0.4
0.4
0.4
0.4
0.4000000472
0.4000000352
0.4000000344
0.4000000301
0.4000000218
5.64993833
23.55555427
24.99999999
24.99999974
24.99999968
25
25
25
25
25
25
25
25
25
25
25
25
25
25
25
25
25
25
25
25
25
25
0.4000000111
0.4
0.4
0.4
0.4
0.4
0.4
0.4
0.4000000687
0.4000000355
0.400000025
0.4000000193
0.4000000126
2.48382302
23.28080403
24.99999983
24.99999992
24.99999999
25
25
25
25
25
25
25
25
25
25
25
25
25
25
25
25
25
25
25
25
25
25
0.400000011
0.4
0.4
0.4
0.4
0.4
0.4
0.4
0.4000000715
0.4000000253
0.4000000174
0.4000000161
0.4000000128
0.4000000058
10.21339848
24.99999991
24.99999999
24.99999999
25
25
25
25
25
25
25
25
25
25
25
25
25
25
25
25
25
25
25
25
25
25
0.4000000109
0.4
0.4
0.4
0.4
0.4
0.4
0.4
0.4000000456
0.4000000124
0.4000000168
0.4000000171
0.4000000126
0.4000000062
1.055012385
23.6601101
25
24.99999998
25
25
25
25
25
25
25
25
25
25
25
25
25
25
25
25
25
25
25
25
25
25
0.4000000108
0.4
0.4
0.4
0.4
0.4
0.4
0.4
0.4000000172
0.4000000037
0.4000000201
0.4000000172
0.4000000115
0.4000000057
0.4000000021
17.85037501
24.99999999
24.99999989
25
25
25
25
25
25
25
25
25
25
25
25
25
25
25
25
25
25
25
25
25
25
0.4000000106
0.4
0.4
0.4
0.4
0.4
0.4
0.4
0.4000000035
0.4000000006
0.4000000232
0.4000000197
0.4000000147
0.4000000097
0.4000000055
8.032517707
22.84485208
24.99999974
25
25
25
25
25
25
25
25
25
25
25
25
25
25
25
25
25
25
25
25
25
25
0.4000000105
0.4
0.4
0.4
0.4
0.4
0.4
0.4
0.4000000001
0.4
0.4000000254
0.400000023
0.4000000196
0.4000000159
0.4000000105
0.4000000034
8.403096832
24.99999996
25
25
25
25
25
25
25
25
25
25
25
25
25
25
25
25
25
25
25
25
25
25
0.4000000105
0.4
0.4
0.4
0.4
0.4
0.4
0.4
0.4652760227
1.032418868
0.4000000264
0.400000026
0.4000000228
0.4000000202
0.4000000167
0.4000000121
2.130708682
24.99999974
25
25
25
25
25
25
25
25
25
25
25
25
25
25
25
25
25
25
25
25
25
25
0.4000000104
0.4
0.4
0.4
0.4
0.4
0.4
0.4
0.4009998857
0.4395300312
0.4000000251
0.4000000281
0.4000000245
0.4000000208
0.4000000161
0.4000000173
2.341264466
24.99999843
25
25
25
25
25
25
25
25
25
25
25
25
25
25
25
25
25
25
25
25
25
25
0.4000000103
0.4
0.4
0.4
0.4
0.4
0.4
0.4
0.4000000017
0.400000006
0.4000000217
0.4000000283
0.4000000242
0.4000000194
0.4000000123
0.400000015
2.520793761
24.99999992
25
25
25
25
25
25
25
25
25
25
25
25
25
25
25
25
25
25
25
25
25
25
0.4000000102
0.4
0.4
0.4
0.4
0.4
0.4
0.4
0.4000000026
0.4000000064
0.4000000183
0.4000000255
0.4000000206
0.4000000156
0.4000000094
0.4000000105
1.294041211
24.9999997
25
25
25
25
25
25
25
25
25
25
25
25
25
25
25
25
25
25
25
25
25
25
0.4000000102
0.4
0.4
0.4
0.4
0.4
0.4
0.4
0.4000000044
0.4000000073
0.4000000149
0.4000000194
0.4000000143
0.4000000106
0.4000000067
0.4000000065
7.451380404
24.99999985
25
25
25
25
25
25
25
25
25
25
25
25
25
25
25
25
25
25
25
25
25
25
0.4000000101
0.4
0.4
0.4
0.4
0.4
0.4
0.4
0.4000000052
0.4000000068
0.4000000102
0.4000000099
0.4000000051
0.4000000033
0.4000000023
3.107088443
23.13224808
24.99999993
25
25
25
25
25
25
25
25
25
25
25
25
25
25
25
25
25
25
25
25
25
25
0.4000000101
0.4
0.4
0.4
0.4
0.4
0.4
0.4
0.4000000047
0.4000000051
0.4000000054
0.4000000046
0.4000000025
0.4000000012
2.245073353
19.12916158
19.42237159
24.99999997
25
25
25
25
25
25
25
25
25
25
25
25
25
25
25
25
25
25
25
25
25
25
0.4000000101
0.4
0.4
0.4
0.4
0.4
0.4
0.4
0.4000000036
0.4000000034
0.4000000022
0.4000000021
0.4000000016
0.4000000007
10.2617642
23.3040821
22.07948025
25
25
25
25
25
25
25
25
25
25
25
25
25
25
25
25
25
25
25
25
25
25
25
0.4000000101
0.4
0.4
0.4
0.4
0.4
0.4
0.4
0.4000000024
0.4000000023
0.4000000008
0.400000001
0.4000000009
1.015622908
22.47473979
24.99999997
24.99999993
24.99999998
25
25
25
25
25
25
25
25
25
25
25
25
25
25
25
25
25
25
25
25
25
25
0.4000000101
0.4
0.4
0.4
0.4
0.4
0.4
0.4
0.4000000012
0.4000000016
0.4000000003
0.4000000004
0.4000000004
10.19760536
24.97401444
13.35750196
10.56888269
24.99999999
25
25
25
25
25
25
25
25
25
25
25
25
25
25
25
25
25
25
25
25
25
25
0.4000000101
0.4
0.4
0.4
0.4
0.4
0.4
0.4
0.4000000007
0.4000000011
0.4000000002
0.4000000002
0.4000000001
18.6886737
22.23833736
3.082396963
10.96601599
24.99999992
25
25
25
25
25
25
25
25
25
25
25
25
25
25
25
25
25
25
25
25
25
25
0.40000001
0.4
0.4
0.4
0.4
0.4
0.4
0.4
0.4000000006
0.4000000008
0.4000000001
0.4000000001
3.769735106
25
5.756842385
13.94280257
21.21815326
24.99999993
25
25
25
25
25
25
25
25
25
25
25
25
25
25
25
25
25
25
25
25
25
25
0.40000001
0.4
0.4
0.4
0.4
0.4
0.4
0.4
0.4000000006
0.4000000033
0.4000002022
1.826279624
20.11069258
16.97554831
0.6801027306
3.64774293
23.29505976
24.99999995
25
25
25
25
25
25
25
25
25
25
25
25
25
25
25
25
25
25
25
25
25
25
0.40000001
0.4
0.4
0.4
0.4
0.4
0.4
0.4
0.4000000001
3.799617783
14.38134906
3.00925428
13.0280945
0.6308529804
0.4000000002
17.91878301
24.99999986
24.99999997
25
25
25
25
25
25
25
25
25
25
25
25
25
25
25
25
25
25
25
25
25
25
0.4000000101
0.4
0.4
0.4
0.4
0.4
0.4
0.4
9.941583512
24.61406439
15.61498028
5.728308809
0.4000000001
0.4000000001
5.567041475
24.87792542
25
25
25
25
25
25
25
25
25
25
25
25
25
25
25
25
25
25
25
25
25
25
25
25
0.4000000101
0.4
0.4
0.4
0.4
0.4
0.4
0.4
20.63557194
13.17858872
1.233731442
0.4000000002
0.4000000002
0.4000000003
1.674083045
10.77110406
24.99999997
25
25
25
25
25
25
25
25
25
25
25
25
25
25
25
25
25
25
25
25
25
25
25
0.4000000101
0.4
0.4
0.4
0.4
0.4
0.4
0.4
0.4000000002
0.4000000002
0.4000000003
0.4000000003
0.4000000003
0.4000000002
0.6305825356
23.1871549
24.99999998
24.99999997
25
25
25
25
25
25
25
25
25
25
25
25
25
25
25
25
25
25
25
25
25
25
0.4000000101
0.4
0.4
0.4
0.4
0.4
0.4
0.4
0.4000000005
0.4000000005
0.4000000005
0.4000000005
0.4000000004
0.4000000001
2.496067845
12.26156691
24.99901795
25
25
25
25
25
25
25
25
25
25
25
25
25
25
25
25
25
25
25
25
25
25
25
0.40000001
0.4
0.4
0.4
0.4
0.4
0.4
0.4
)
;

boundaryField
{
    lowerWall
    {
        type            calculated;
        value           uniform 0;
    }
    atmosphere
    {
        type            calculated;
        value           uniform 0;
    }
    rightWall
    {
        type            empty;
    }
    leftWall
    {
        type            empty;
    }
    frontAndBack
    {
        type            calculated;
        value           uniform 0;
    }
}


// ************************************************************************* //
