/*--------------------------------*- C++ -*----------------------------------*\
| =========                 |                                                 |
| \\      /  F ield         | OpenFOAM: The Open Source CFD Toolbox           |
|  \\    /   O peration     | Version:  2506                                  |
|   \\  /    A nd           | Website:  www.openfoam.com                      |
|    \\/     M anipulation  |                                                 |
\*---------------------------------------------------------------------------*/
FoamFile
{
    version     2.0;
    format      ascii;
    arch        "LSB;label=32;scalar=64";
    class       volScalarField;
    location    "0.008";
    object      p;
}
// * * * * * * * * * * * * * * * * * * * * * * * * * * * * * * * * * * * * * //

dimensions      [1 -1 -2 0 0 0 0];

internalField   nonuniform List<scalar> 
3200
(
-2.954140315
0.2237186932
1164.721512
-7.096211164
-5.869475935
-6.727199096
533.7565862
9974.122841
9264.443742
8760.177679
8403.098595
8116.489341
7852.706566
7587.405013
7309.307717
7013.511887
6698.012136
6362.11767
6005.806101
5629.4799
5233.869425
4819.977504
4389.031568
3942.437333
3481.736063
3008.567673
2524.64055
2031.708034
1531.551114
1025.966644
516.7599467
5.74039615
-0.07000253917
-0.07215916065
-0.07431578104
-0.07647240141
-0.07862902177
-0.08078564212
-0.08294226247
-0.08509888281
-2.478301879
-0.5269969456
-2.883345629
-7.128842496
-5.724327074
-6.253073354
615.3521343
10052.22525
9059.039683
8612.981486
8332.622021
8093.653753
7854.21416
7600.186794
7326.989754
7033.198685
6718.388946
6382.514936
6025.798909
5648.741471
5252.128335
4837.009332
4404.657666
3956.52217
3494.181834
3019.307195
2533.629833
2038.919628
1536.968786
1029.581483
518.5677666
5.74039615
-0.07000253916
-0.07215916065
-0.07431578104
-0.07647240141
-0.07862902177
-0.08078564213
-0.08294226247
-0.08509888282
-2.096443843
-2.070384979
-1.806484741
-4.354496139
-4.863514941
-4.07219552
2563.226793
7276.635554
8306.503585
8300.076784
8220.737751
8071.268511
7870.285177
7632.110767
7365.234845
7073.870013
6759.792995
6423.715176
6066.093286
5687.518874
5288.85342
4871.234479
4436.029262
3984.775764
3519.129484
3040.821674
2551.629184
2053.353889
1547.809502
1036.813869
522.1851468
5.74039615
-0.07000253916
-0.07215916065
-0.07431578104
-0.07647240141
-0.07862902177
-0.08078564213
-0.08294226247
-0.08509888282
-2.010149883
-2.560257738
-3.121133031
-5.016108448
-6.25889963
-5.546068979
2192.395886
4546.389193
7455.922765
8060.074453
8178.970347
8100.380381
7923.52746
7692.711584
7427.940168
7137.222952
6823.166187
6486.426743
6127.306354
5746.352807
5344.497553
4923.012285
4483.416835
4027.391518
3556.710263
3073.195401
2578.689599
2075.039711
1564.088423
1047.67089
527.614493
5.74039615
-0.07000253915
-0.07215916065
-0.07431578104
-0.07647240141
-0.07862902177
-0.08078564213
-0.08294226248
-0.08509888282
-1.284135636
-4.077523707
-6.18217909
-8.091311588
-10.54093082
-15.58545488
11958.89302
7537.484511
8328.418387
8305.31775
8334.676264
8227.738988
8030.714705
7787.245907
7516.565898
7223.887629
6909.192039
6571.487274
6210.319179
5826.0544
5419.737867
4992.867354
4547.202563
4084.632839
3607.096036
3116.534053
2614.871683
2104.008911
1585.820358
1062.158322
534.8574901
5.740396151
-0.07000253914
-0.07215916066
-0.07431578104
-0.07647240141
-0.07862902178
-0.08078564213
-0.08294226248
-0.08509888282
0.01854512984
-6.004069764
-10.73758838
-14.25269114
-32.73720786
-58.84704841
1790.586183
3955.839002
7419.235301
8498.091821
8626.665402
8445.169888
8184.328709
7908.969151
7627.164295
7332.541284
7018.196126
6679.978179
6316.394644
5927.773366
5515.498092
5081.48348
4627.861133
4156.810434
3670.47792
3170.946659
2660.231462
2140.285768
1613.012623
1080.276239
543.9128144
5.740396151
-0.07000253913
-0.07215916066
-0.07431578104
-0.07647240142
-0.07862902178
-0.08078564213
-0.08294226248
-0.08509888282
-1.640834644
-7.451381558
-13.06633273
-18.42051268
-15.46767616
3.211213834
148.4580072
109.1797334
8945.529655
9641.137076
9228.70611
8741.927919
8352.440659
8037.114297
7750.554401
7460.88737
7151.040395
6813.800246
6447.472889
6053.111479
5632.963228
5189.673685
4725.91547
4244.238604
3747.029198
3236.516673
2714.799127
2183.872208
1645.655298
1102.013178
554.7733959
5.740396152
-0.07000253913
-0.07215916066
-0.07431578105
-0.07647240142
-0.07862902178
-0.08078564214
-0.08294226248
-0.08509888283
-1.663479264
-1.981934909
-0.3965523971
1.918851089
-3.786284512
0.7198161691
208.0164749
22106.84711
15946.29442
11892.45853
9905.081316
8941.379223
8446.371204
8136.468821
7877.024397
7609.382635
7311.243774
6976.673555
6606.549087
6204.200893
5773.534765
5318.298474
4841.855444
4347.167742
3836.854097
3313.265257
2778.553819
2234.731155
1683.710761
1127.340081
567.4236583
5.740396152
-0.07000253912
-0.07215916067
-0.07431578105
-0.07647240143
-0.07862902179
-0.08078564214
-0.08294226249
-0.08509888283
-2.383278386
-2.25460531
0.03031737975
6.76959593
11.2746416
12.74156331
568.7049649
18684.41273
16974.39502
12077.31878
9557.769277
8672.119455
8355.175068
8185.341074
8011.6641
7788.343685
7507.843262
7175.063378
6797.811127
6383.571236
5938.640454
5468.095058
4976.006419
4465.69079
3939.924459
3401.109971
2851.39755
2292.770606
1727.10435
1156.205218
581.8372913
5.740396153
-0.07000253911
-0.07215916067
-0.07431578106
-0.07647240143
-0.07862902179
-0.08078564215
-0.08294226249
-0.08509888284
-1.468976045
-0.4508961945
-0.7194209452
2.893031871
3.859025431
3.203292873
4.310270824
702.7559441
6834.53502
8286.120759
7576.544175
7834.138231
8116.848059
8238.032484
8195.919576
8024.45304
7756.685755
7417.885814
7026.020511
6593.593113
6129.322752
5639.398365
5128.34952
4599.631645
4056.012661
3499.825797
2933.133419
2357.832027
1775.71855
1188.531507
597.9762317
5.740396154
-0.0700025391
-0.07215916068
-0.07431578106
-0.07647240144
-0.0786290218
-0.08078564215
-0.0829422625
-0.08509888284
0.0319335677
2.423819
3.89351964
9.583191069
1.585862317
6.777817731
5.433586761
490.6058722
1512.369319
549.9250723
4620.272995
6971.024874
8040.025492
8453.996593
8509.500329
8356.831044
8076.523566
7713.732469
7294.749775
6835.416428
6345.619001
5831.787842
5298.325358
4748.439585
4184.637543
3609.019593
3023.455285
2429.687587
1829.393456
1224.217814
615.7915719
5.740396155
-0.07000253909
-0.07215916069
-0.07431578107
-0.07647240144
-0.07862902181
-0.08078564216
-0.08294226251
-0.08509888285
0.4802364605
5.002956671
12.99617005
17.62873864
2899.397427
3.383017144
4.64984943
4859.424034
3518.032575
2956.119832
4393.235759
7389.650117
8618.211523
9028.402684
9031.225148
8816.815172
8478.80753
8065.729323
7603.786868
7107.66125
6585.907644
6043.769103
5484.68705
4911.128763
4325.04622
3728.131322
3121.9566
2508.050641
1887.935989
1263.14556
635.2269754
5.740396155
-0.07000253908
-0.07215916069
-0.07431578108
-0.07647240145
-0.07862902181
-0.08078564217
-0.08294226251
-0.08509888286
0.1887454115
4.636561372
5.440052391
812.0556482
28476.463
18271.29706
8930.995506
14867.89694
9686.641368
8452.177001
8235.95328
9576.112448
10014.74745
10010.15172
9770.152749
9400.364344
8956.124184
8466.548587
7946.963647
7405.49065
6846.538994
6272.653483
5685.486751
5086.306433
4476.254412
3856.473631
3228.164234
2592.602308
1951.139208
1305.191212
656.2248091
5.740396156
-0.07000253906
-0.0721591607
-0.07431578109
-0.07647240146
-0.07862902182
-0.08078564217
-0.08294226252
-0.08509888286
-0.6275937507
0.7972066379
-1.212637185
-8.910437671
9137.74074
25588.69136
23857.59796
24155.19668
19936.06922
19995.0278
14300.15819
12664.08304
11854.49415
11227.27663
10638.83826
10058.3294
9478.73606
8897.334082
8311.984119
7720.754487
7122.061216
6514.778009
5898.261201
5272.319477
4637.157952
3993.314635
3341.598602
2683.034004
2018.811109
1350.244089
678.7346584
5.740396157
-0.07000253905
-0.07215916071
-0.07431578109
-0.07647240147
-0.07862902183
-0.08078564218
-0.08294226253
-0.08509888287
-1.064015892
1.200905281
1.818567135
-1.387178475
116.6615716
5673.04811
10785.18296
22392.55686
19853.56189
18165.26
16694.81998
14925.54532
13511.84826
12405.59291
11499.56292
10715.34293
10003.11586
9332.023832
8682.839154
8043.436899
7406.129535
6766.094235
6120.420952
5467.515286
4806.709209
4137.997728
3461.854917
2779.101937
2090.810065
1398.227628
702.7232962
5.740396158
-0.07000253904
-0.07215916072
-0.0743157811
-0.07647240147
-0.07862902184
-0.08078564219
-0.08294226254
-0.08509888288
-0.9294478884
1.315741673
1.090262938
-1.146479859
1.425685416
1.08646953
11.85567425
9382.053125
20152.64623
22192.17897
19386.26829
16831.41873
14861.7434
13383.65793
12238.44574
11300.326
10486.31854
9744.761251
9043.865371
8363.978032
7692.880633
7023.005228
6349.772181
5670.573265
4984.130707
4290.080522
3588.69383
2880.685845
2167.081912
1449.121124
728.1847012
5.740396159
-0.07000253903
-0.07215916073
-0.07431578111
-0.07647240148
-0.07862902184
-0.0807856422
-0.08294226254
-0.08509888289
-0.1169692783
1.902076428
2.657824539
0.9591029694
0.1946809201
1.240266819
5.18972365
10.00008113
9826.011261
25098.41492
21702.25525
18152.11076
15720.0273
14028.82234
12770.20279
11761.15763
10897.02734
10116.79056
9383.834833
8675.680967
7978.362697
7283.228729
6585.046427
5880.834753
5169.122938
4449.466666
3722.125174
2987.841817
2247.692438
1502.97834
755.1484869
5.740396159
-0.07000253902
-0.07215916074
-0.07431578112
-0.07647240149
-0.07862902185
-0.08078564221
-0.08294226255
-0.0850988829
0.3252056804
0.01228754188
-0.5517100165
-0.06703434385
0.1334644387
1.356829746
5.120434525
7.476939322
21.71298749
20381.27737
23516.14779
18354.68646
15837.42076
14241.37413
13052.35124
12077.03404
11223.79749
10441.49039
9698.952241
8976.497923
8261.611194
7546.453081
6826.304691
6098.553704
5362.020313
4616.502735
3862.46777
3100.838711
2332.848927
1559.939387
783.6851362
5.74039616
-0.07000253901
-0.07215916075
-0.07431578113
-0.0764724015
-0.07862902186
-0.08078564222
-0.08294226256
-0.0850988829
0.7392033548
-0.3830821069
-1.068834089
-1.399856489
0.6203237385
2.204475881
6.117081954
8.77199686
10.46870798
2602.206565
15841.98255
15912.43962
15033.57712
14046.87469
13120.75944
12270.78903
11479.59239
10726.37177
9993.934122
9269.695099
8545.079781
7814.617923
7075.117551
6325.009467
5563.85963
4792.018207
4010.371638
3220.169675
2422.9056
1620.232969
813.9067466
5.740396161
-0.070002539
-0.07215916076
-0.07431578114
-0.07647240151
-0.07862902187
-0.08078564222
-0.08294226257
-0.08509888291
1.182550695
0.9605371069
1.263952737
1.735575477
3.414886273
5.425601959
8.374394976
10.52475675
12.52491818
173.3016485
13026.45142
14417.12669
14337.55263
13791.76069
13112.9886
12405.73014
11697.3661
10990.42099
10280.66548
9563.21569
8834.342569
8091.770051
7334.488098
6562.458765
5776.345298
4977.297875
4166.795501
3346.53419
2518.350099
1684.167353
845.9625268
5.740396161
-0.07000253899
-0.07215916077
-0.07431578115
-0.07647240152
-0.07862902188
-0.08078564223
-0.08294226258
-0.08509888292
0.9920914439
2.180940139
3.481819978
4.92039088
6.921804759
9.185817732
11.55953065
12.79605263
14.20110326
379.4679859
14590.16041
14391.10531
14107.72737
13669.60018
13133.67087
12541.73827
11913.67755
11257.23329
10575.0406
9868.107554
9137.252857
8383.58047
7608.555425
6813.942489
6001.717395
5173.988834
4332.940269
3480.790758
2619.770986
1752.109994
880.0289963
5.740396161
-0.07000253899
-0.07215916078
-0.07431578116
-0.07647240153
-0.07862902189
-0.08078564224
-0.08294226259
-0.08509888293
0.8646901907
2.916006231
4.956140259
7.136567852
9.787366906
12.41957238
14.89408806
15.59152883
16.91056535
412.7737594
15189.2887
14450.45386
14032.6334
13645.21576
13210.32366
12713.83719
12158.33106
11549.74876
10894.10746
10196.87032
9462.930042
8696.693556
7902.160918
7082.988745
6242.544463
5383.954313
4510.145712
3623.884686
2727.809016
1824.457438
916.2956009
5.740396162
-0.07000253898
-0.07215916079
-0.07431578117
-0.07647240154
-0.0786290219
-0.08078564225
-0.0829422626
-0.08509888294
0.9508079513
3.597726017
6.228935439
9.073400927
12.52784566
15.58849845
18.03426731
18.68299433
19.88582707
390.3094225
14572.36739
14189.92845
13927.11896
13668.2793
13348.53669
12944.91757
12456.01894
11889.27815
11254.7217
10562.28521
9820.852445
9038.053325
8220.357377
7373.258595
6501.469316
5609.092191
4699.761933
3776.75856
2843.097041
1901.598374
954.9471196
5.740396162
-0.07000253898
-0.0721591608
-0.07431578118
-0.07647240155
-0.07862902191
-0.08078564226
-0.08294226261
-0.08509888295
1.106955301
4.029988853
7.211685704
10.87234229
14.72235055
18.41865595
21.28098771
22.30349912
23.0876095
388.7099998
13813.51786
13810.77949
13817.6161
13752.21729
13570.58819
13261.2351
12831.5037
12296.57601
11673.16582
10976.64287
10220.08748
9414.258629
8567.907744
7688.171175
6780.934917
5851.137617
4903.009235
3940.254754
2966.194769
1983.873644
996.1446608
5.740396162
-0.07000253897
-0.07215916081
-0.07431578119
-0.07647240156
-0.07862902192
-0.08078564227
-0.08294226262
-0.08509888296
1.080318235
4.708695015
8.281234372
13.16502089
18.07939843
22.4268354
25.58720812
25.81275219
26.88852886
362.0220892
12950.20119
13422.96006
13780.32513
13952.35381
13920.32381
13697.88515
13312.13511
12792.30633
12164.6705
11450.9764
10668.53797
9830.930539
8948.792167
8030.534793
7082.914849
6111.469243
5120.840871
4115.020163
3097.525134
2071.537311
1040.007209
5.740396162
-0.07000253897
-0.07215916082
-0.0743157812
-0.07647240157
-0.07862902193
-0.08078564228
-0.08294226263
-0.08509888297
0.6370042442
3.850813748
7.366166048
11.74690749
17.96314505
26.46572309
30.55191236
29.29435769
30.56480923
320.546389
12111.67716
13151.47379
13928.34589
14356.51372
14460.42788
14297.79843
13926.79303
13395.79329
12742.18243
11993.99762
11172.09695
10292.07382
9365.739987
8402.20985
7408.672934
6390.938978
5353.823461
4301.423556
3237.319201
2164.722964
1086.595646
5.740396163
-0.07000253897
-0.07215916083
-0.07431578121
-0.07647240158
-0.07862902194
-0.08078564229
-0.08294226264
-0.08509888298
0.3355770163
2.259765007
6.586951887
14.07437749
18.83269299
33.78006146
37.42656193
35.24191892
32.92351655
267.4367784
11235.41165
13143.93979
14425.04912
15084.89489
15267.0411
15106.04132
14701.39219
14121.84162
13414.22031
12610.68156
11733.7195
10799.46726
9819.826091
8803.838368
7758.579485
6689.74558
5602.049452
4499.495312
3385.575907
2263.418995
1135.900989
5.740396163
-0.07000253897
-0.07215916084
-0.07431578122
-0.07647240159
-0.07862902195
-0.0807856423
-0.08294226265
-0.08509888299
-0.1261485727
-2.742150758
-5.759635486
395.3831373
2576.677364
70.04550098
49.15741439
43.17370445
36.87058982
249.759426
10300.10134
13763.90443
15542.99718
16290.9502
16416.7677
16157.88496
15650.83484
14975.90977
14182.1302
13300.74056
12352.57814
11352.19175
10310.20132
9234.684385
8132.012266
7007.370009
5865.093092
4708.896816
3542.041149
2367.455454
1187.838015
5.740396163
-0.07000253897
-0.07215916085
-0.07431578123
-0.0764724016
-0.07862902196
-0.08078564231
-0.08294226266
-0.085098883
-1.495557614
-9.101800075
-21.39349813
434.2537413
11988.89133
194.4483052
331.6348649
9216.802795
51.50438065
3446.751227
11826.62578
16065.23925
17692.06223
18119.11769
17951.16389
17457.85134
16768.08755
15948.7723
15037.5982
14057.52132
13023.6064
11946.46289
10834.04582
9692.631867
8527.366448
7342.585085
6142.016401
4928.922913
3706.208004
2476.503362
1242.244665
5.740396163
-0.07000253897
-0.07215916086
-0.07431578124
-0.07647240161
-0.07862902197
-0.08078564232
-0.08294226266
-0.08509888301
-2.167121299
-13.12399653
-28.71283814
-52.17775966
-70.76472598
-1.051386201
-0.6469405337
1415.579917
-62.82496882
6250.421306
19215.50378
20974.71101
21040.90414
20542.27559
19810.88572
18954.22384
18014.82102
17013.42034
15961.90316
14868.07957
13737.80349
12575.94723
11386.82827
10174.3761
8942.187317
7693.543378
6431.425113
5158.536144
3877.336708
2590.08548
1298.886682
5.740396163
-0.07000253897
-0.07215916087
-0.07431578125
-0.07647240162
-0.07862902198
-0.08078564233
-0.08294226267
-0.08509888301
-2.228341008
-11.23846459
-20.67914886
-32.92120811
-32.95670573
-11.87392893
-6.931419176
-12.6722961
-39.46300459
21613.39572
31989.24533
27577.1997
24954.54747
23198.16524
21795.87116
20533.30769
19323.50499
18128.12876
16928.45449
15715.02923
14483.5187
13232.63181
11962.88357
10675.80125
9373.413334
8057.931388
6731.564933
5396.425641
4054.489551
2707.595586
1357.466128
5.740396163
-0.07000253898
-0.07215916088
-0.07431578126
-0.07647240162
-0.07862902198
-0.08078564233
-0.08294226268
-0.08509888302
-2.721255074
-8.516705912
-14.01272385
-19.57976718
-18.43070423
-6.362426216
-6.687471933
1.893811158
202.5977679
31014.41404
43116.96125
32391.25464
28001.91088
25499.91134
23641.16305
22059.62912
20617.72908
19247.08818
17908.70324
16580.00634
15248.54909
13908.1154
12556.2126
11192.47625
9817.683049
8433.158785
7040.437513
5641.077413
4236.572428
2828.321471
1417.631588
5.740396162
-0.07000253898
-0.07215916089
-0.07431578126
-0.07647240163
-0.07862902199
-0.08078564234
-0.08294226269
-0.08509888303
-3.006026176
-6.409311354
-9.389785638
-11.31404032
-10.28648172
-5.744904867
-4.356838413
1.989382735
4748.327017
27103.13423
34442.36389
30868.84065
29161.89674
27158.26781
25209.1644
23446.26956
21840.65199
20333.74371
18879.21083
17447.68616
16022.49481
14595.00617
13161.31561
11720.15294
10271.63361
8816.537704
7355.908252
5890.838907
4422.372816
2951.465979
1478.987533
5.740396163
-0.07000253899
-0.07215916089
-0.07431578127
-0.07647240164
-0.078629022
-0.08078564235
-0.08294226269
-0.08509888303
-2.790728396
-4.817170432
-6.537164052
-7.25120967
-5.836193307
-1.913848101
0.7205108454
347.7801157
17402.33247
22809.76268
27467.77931
27479.77753
30618.35616
28762.07619
26590.91951
24675.58445
22964.81698
21367.97329
19826.65626
18308.974
16798.6759
15288.03697
13773.83181
12255.13178
10732.11067
9205.404382
7675.77759
6143.961154
4610.58452
3076.160789
1541.100504
5.740396163
-0.07000253899
-0.0721591609
-0.07431578128
-0.07647240164
-0.078629022
-0.08078564235
-0.0829422627
-0.08509888304
-2.259068707
-3.618569775
-4.738183799
-4.840219057
-3.105890077
0.3789423807
1.188476747
815.4756499
21639.13474
20880.28677
13326.23939
57129.15357
37069.61776
30680.72423
27716.81853
25700.29685
23975.01611
22346.62823
20750.41354
19162.81829
17575.13527
15984.57225
14390.78449
12794.37762
11196.22296
9597.145547
7997.794777
6398.60681
4799.812818
3201.469666
1603.500725
5.740396163
-0.070002539
-0.0721591609
-0.07431578128
-0.07647240165
-0.07862902201
-0.08078564236
-0.0829422627
-0.08509888304
-1.617267544
-2.770516506
-3.801593175
-4.20328521
-3.730223557
-2.027078543
-3.982572486
12.53099744
117.7550064
254.876
10047.84562
40636.87993
29846.77158
29174.30166
27895.30518
26433.73308
24888.28052
23293.063
21665.49855
20016.69107
18354.41288
16684.27162
15010.29882
13335.31764
11661.2082
9989.114036
8319.607202
6652.821235
4988.55894
3326.380845
1665.679084
5.740396163
-0.070002539
-0.07215916091
-0.07431578129
-0.07647240165
-0.07862902201
-0.08078564236
-0.08294226271
-0.08509888305
-1.064962934
-2.076662177
-2.946930768
-3.407681329
-3.276826724
-2.926760727
-5.695983152
-6.048805324
-8.836228532
-12.43684256
-8.232607834
2799.723398
25470.23043
28273.71205
28256.36863
27251.01628
25851.26881
24271.79928
22601.77479
20883.97653
19141.49366
17387.74356
15630.765
13875.33251
12124.12832
10378.44927
8638.656998
6904.474775
5175.189246
3449.79176
1727.080966
5.740396163
-0.07000253901
-0.07215916091
-0.07431578129
-0.07647240166
-0.07862902201
-0.08078564236
-0.08294226271
-0.08509888305
-0.7320611748
-1.501630979
-2.147232576
-2.58653458
-2.843981086
-3.225699137
-5.323812127
-10.54672786
-13.54145468
-17.26003939
-5.747008999
170.2732376
29934.09671
30187.84805
29605.41894
28462.66384
26993.9387
25341.04553
23585.77226
21775.88888
19939.78283
18094.38575
16249.62856
14411.0651
12581.47288
10761.85173
8952.055354
7151.194933
5357.900319
3570.492401
1787.099751
5.740396163
-0.07000253902
-0.07215916092
-0.07431578129
-0.07647240166
-0.07862902202
-0.08078564237
-0.08294226271
-0.08509888305
-0.5496817387
-1.047910842
-1.470170951
-1.779444712
-2.145446753
-2.482719108
-3.822808156
-10.73282039
-15.10683063
-14.3582672
-6.386120811
1280.945057
34906.73673
32940.18462
31514.77462
30000.25078
28320.73434
26512.62498
24624.32596
22693.96673
20747.30492
18800.32985
16862.24077
14937.77082
13028.79456
11135.38272
9256.476548
7390.313355
5534.694552
3687.155358
1845.073539
5.740396163
-0.07000253902
-0.07215916092
-0.07431578129
-0.07647240166
-0.07862902202
-0.08078564237
-0.08294226271
-0.08509888306
-0.4867674315
-0.7736798302
-1.004709007
-1.155229592
-1.442991279
-1.664631935
-2.806493601
-6.786498699
-9.998832162
-8.058873578
-3.303090884
1561.819454
35950.65
35155.25664
33513.22263
31702.7971
29776.08451
27764.34942
25704.88704
23628.29142
21555.08285
19497.3291
17461.17437
15448.92474
13460.49765
11494.35988
9548.113132
7618.852047
5703.380373
3798.340253
1900.288503
5.740396163
-0.07000253903
-0.07215916092
-0.0743157813
-0.07647240166
-0.07862902202
-0.08078564237
-0.08294226271
-0.08509888306
-0.5238774845
-0.6580701048
-0.7575822263
-0.7971171248
-0.9309292003
-1.026072317
-1.547868537
-3.005663445
-3.82264708
-1.39616688
1.012339379
2361.457965
38231.89203
38218.73567
35680.05764
33521.60111
31316.41905
29063.757
26802.53076
24559.17501
22347.34897
20172.66956
18036.14122
15936.19506
13869.85426
11833.39544
9822.72112
7833.565998
5861.60702
3902.517931
1951.991211
5.740396163
-0.07000253904
-0.07215916092
-0.0743157813
-0.07647240166
-0.07862902202
-0.08078564237
-0.08294226272
-0.08509888306
-0.6342415732
-0.6629819942
-0.6755155226
-0.6444828359
-0.6263614424
-0.5539796477
-0.5508717849
-0.8522803679
-0.990009781
1.686330885
2.940230658
942.8246905
40380.61962
37723.29022
37466.63864
35387.10311
32904.19781
30371.68495
27882.25556
25458.47648
23102.41205
20809.79863
18574.46262
16389.79635
14249.26864
12146.5929
10075.7648
8031.047648
6006.936759
3998.115843
1999.410506
5.740396163
-0.07000253905
-0.07215916092
-0.07431578129
-0.07647240166
-0.07862902202
-0.08078564237
-0.08294226271
-0.08509888306
-0.7930065081
-0.7593578721
-0.7178560964
-0.633782883
-0.5064288579
-0.307389453
-0.08337161826
-0.005189463999
-0.1933529583
-0.0001436493502
1.020617984
80.05198768
45628.27531
45202.02684
41076.03878
37655.95206
34541.54965
31636.48795
28896.28408
26290.01274
23793.96905
21389.59064
19062.05072
16799.19406
14590.76838
12427.88621
10302.64977
8207.885312
6136.94932
4083.581466
2041.787481
5.740396163
-0.07000253906
-0.07215916092
-0.07431578129
-0.07647240166
-0.07862902202
-0.08078564237
-0.08294226271
-0.08509888306
-0.9800896015
-0.9258696244
-0.8570041174
-0.7207069329
-0.4760228794
-0.1195431642
0.2233975319
0.3090480116
-0.3952623084
-0.2109630278
-0.5163715472
2172.328972
49790.22727
49698.5225
43979.4624
39619.09105
35969.5257
32736.39335
29776.33589
27011.27277
24393.80796
21892.4867
19484.89357
17154.09625
14886.66103
12671.47517
10499.01254
8360.854922
6249.365696
4157.456372
2078.410172
5.740396163
-0.07000253907
-0.07215916091
-0.07431578129
-0.07647240166
-0.07862902202
-0.08078564237
-0.08294226271
-0.08509888305
-1.18536357
-1.172702031
-1.148853815
-1.015835718
-0.6360977682
0.1118984689
1.197331417
1.969580387
-2.263490375
65.36374809
24968.7914
58426.0442
60093.29915
51515.6213
45524.21542
40871.39325
36981.03038
33563.18173
30461.34758
27584.886
24877.45209
22301.59955
19830.88119
17445.57366
15130.2413
12872.28149
10661.01847
8487.114915
6342.172981
4218.45055
2108.648304
5.740396162
-0.07000253908
-0.07215916091
-0.07431578129
-0.07647240166
-0.07862902201
-0.08078564236
-0.08294226271
-0.08509888305
-1.365834393
-1.479100166
-1.619650089
-1.650822951
-1.288922417
-0.2985554492
1.450761522
4.139754525
1.148470736
26764.51822
59529.31846
60055.32111
56161.60196
50736.81317
45730.34938
41361.19586
37519.97596
34073.90653
30920.93508
27989.41954
25229.46244
22605.52375
20091.40018
17667.01509
15316.38722
13026.33181
10785.61243
8584.370993
6413.730495
4265.505914
2131.983074
5.740396162
-0.07000253909
-0.07215916091
-0.07431578128
-0.07647240165
-0.07862902201
-0.08078564236
-0.08294226271
-0.08509888305
-1.503703101
-1.802508606
-2.169769079
-2.465963751
-2.102739052
-0.1799567706
7.608988595
4.811015656
2760.056564
64570.17653
58583.26477
57116.43198
53748.7696
49539.67134
45299.14011
41323.02086
37663.72048
34291.47665
31159.00801
28222.33772
25445.39908
22799.5771
20262.1229
17814.63924
15441.89979
13130.98741
10870.67592
8650.983324
6462.840987
4297.839901
2148.027888
5.740396161
-0.0700025391
-0.0721591609
-0.07431578128
-0.07647240165
-0.07862902201
-0.08078564236
-0.0829422627
-0.08509888305
-1.544404085
-2.40301456
-3.627930937
-5.256291985
-6.944766264
-8.10832593
-0.8464558159
-3.792733576
32432.85393
65493.48139
60849.27773
56017.60218
52177.37294
48373.94242
44603.48719
40967.9884
37520.35907
34269.21196
31201.22012
28295.46424
25530.16152
22885.2053
20342.81635
17887.45887
15505.52473
13184.98394
10915.06829
8686.002499
6488.778571
4314.964355
2156.53784
5.74039616
-0.07000253911
-0.0721591609
-0.07431578128
-0.07647240164
-0.078629022
-0.08078564235
-0.0829422627
-0.08509888304
-1.379585914
-2.609226076
-4.546249472
-7.583173877
-10.87383565
-12.4261346
-6.002103839
570.4973307
59512.05604
60462.22224
57319.35756
53927.194
50569.18004
47175.21477
43772.84278
40425.04559
37180.46227
34063.72829
31081.1311
28228.07622
25494.51889
22868.2077
20336.41846
17886.79423
15507.69576
13188.29763
10918.55912
8689.137126
6491.274506
4316.680069
2157.408032
5.74039616
-0.07000253912
-0.07215916089
-0.07431578127
-0.07647240164
-0.078629022
-0.08078564235
-0.08294226269
-0.08509888304
-0.9513285928
-1.898163966
-3.347600628
-6.7269176
-12.87207314
-15.40091952
1861.452648
34326.71276
57436.2239
53657.15938
54001.13081
51802.60622
48996.90016
45984.86027
42887.58659
39778.84394
36712.65612
33724.03818
30831.43117
28041.12751
25351.57013
22756.62807
20247.79417
17815.54193
15450.10578
13141.89452
10881.68247
8660.670151
6470.47028
4303.052013
2150.662949
5.740396159
-0.07000253913
-0.07215916089
-0.07431578126
-0.07647240163
-0.07862902199
-0.08078564234
-0.08294226269
-0.08509888303
-0.5247880743
-1.147972755
-1.887515695
-3.611230564
-9.487022643
-5.940563478
34641.59008
57269.15841
56740.24576
58465.96905
53225.36201
50285.20035
47630.93658
44879.71889
42013.76657
39090.03785
36167.21273
33288.26244
30479.35693
27753.36788
25113.94427
22558.87789
20082.52472
17677.41031
15335.2299
13047.43555
10805.55596
8601.349079
6426.852617
4274.373254
2136.440408
5.740396158
-0.07000253914
-0.07215916088
-0.07431578126
-0.07647240163
-0.07862902199
-0.08078564234
-0.08294226268
-0.08509888303
-0.05531682462
-0.3232060945
-1.033999693
-1.864218186
-15.29879717
-15.75102657
4437.228776
39650.45149
54979.79344
51381.84527
50148.994
48481.85684
46361.91421
43889.30412
41197.69825
38400.28065
35577.82836
32782.36986
30044.29808
27378.97935
24791.8985
22282.34998
19845.95074
17476.27994
15165.90653
12907.00559
10691.70732
8512.276535
6361.186254
4231.126479
2114.974082
5.740396157
-0.07000253915
-0.07215916087
-0.07431578125
-0.07647240162
-0.07862902198
-0.08078564233
-0.08294226268
-0.08509888302
0.6897655967
0.9997990723
1.598011995
3.448133848
5.986687551
14.51630055
45.26137307
12301.58812
51903.19864
45131.86017
47506.8922
47131.28875
45445.56609
43117.88831
40487.4172
37735.5061
34961.38286
32219.0218
29536.42236
26926.29198
24392.25777
21932.60681
19542.58082
17215.78626
14945.04894
12722.91705
10541.94244
8394.822939
6274.458024
4173.950895
2086.578132
5.740396157
-0.07000253916
-0.07215916087
-0.07431578124
-0.07647240161
-0.07862902197
-0.08078564233
-0.08294226267
-0.08509888301
1.151552789
1.837833909
2.748108298
4.71963116
5.145672598
11.63084595
35.0480707
16631.43957
50600.89767
45180.20057
47615.51808
47090.78788
45171.15534
42649.24274
39898.52934
37092.87579
34313.10097
31595.84335
28956.01612
26397.44912
23918.17125
21513.17179
19175.91088
16899.16874
14675.52408
12497.6157
10358.27416
8250.574607
6167.840859
4103.619607
2051.63631
5.740396156
-0.07000253917
-0.07215916086
-0.07431578124
-0.07647240161
-0.07862902197
-0.08078564232
-0.08294226267
-0.08509888301
0.6412597142
1.271546307
1.517196267
0.4644129266
0.2636193083
284.4329407
1575.590537
28466.67027
51945.98941
50459.56344
50684.26196
48445.13879
45499.01284
42409.37155
39364.52537
36424.29041
33602.22366
30895.16518
28294.28861
25789.2577
23369.74302
21025.93038
18748.65286
16529.38683
14360.20118
12233.69225
10142.91598
8081.320598
6042.680228
4021.029146
2010.596343
5.740396155
-0.07000253918
-0.07215916085
-0.07431578123
-0.0764724016
-0.07862902196
-0.08078564231
-0.08294226266
-0.085098883
-0.425545008
0.4830577581
0.9113086298
-0.2320845813
-0.3865944521
2730.015505
53496.66351
59914.86114
58184.05452
64180.73354
56216.94926
50506.4775
45970.39763
42124.68778
38725.85263
35637.45787
32776.25928
30088.23638
27536.65466
25095.49004
22745.54844
20472.08516
18263.3136
16109.45757
14002.13993
11933.98115
9898.329246
7889.071906
5900.4995
3927.199329
1963.968868
5.740396155
-0.07000253919
-0.07215916084
-0.07431578122
-0.07647240159
-0.07862902195
-0.08078564231
-0.08294226265
-0.085098883
-1.271425598
0.5315753584
1.058112569
0.5822092002
1.057943044
426.0500087
54062.44664
64471.11072
61222.7215
72977.64407
59496.23997
51393.39953
45751.41569
41393.10726
37776.67905
34623.35074
31777.04292
29144.79998
26668.5437
24310.43897
22044.81047
19853.47897
17722.98894
15642.92312
13604.85849
11601.70844
9627.30048
7676.098798
5743.01592
3823.278916
1912.328893
5.740396155
-0.07000253919
-0.07215916084
-0.07431578122
-0.07647240159
-0.07862902195
-0.0807856423
-0.08294226265
-0.08509888299
-1.727819539
0.9964000166
0.6775175542
-0.1136998675
-0.8253593862
-3.010789776
9068.831342
60901.6228
59273.04524
68132.52625
57396.93774
49819.47521
44248.76273
39919.61561
36364.33946
33302.14443
30563.68789
28045.31267
25682.22199
23432.85091
21269.70975
19173.96175
17132.17035
15134.32106
13172.60155
11240.63927
9333.01825
7444.967681
5572.156139
3710.550911
1856.317063
5.740396154
-0.0700025392
-0.07215916083
-0.07431578121
-0.07647240158
-0.07862902194
-0.08078564229
-0.08294226264
-0.08509888298
-1.701843998
1.685884978
0.4333861479
-2.383497788
-6.513148291
-9.633289536
31.01174888
49572.04771
54419.94562
58987.82509
52139.58399
46238.83126
41504.55112
37672.21394
34458.85022
31657.124
29130.1823
26790.47964
24582.12239
22468.97173
20427.14956
18440.41822
16497.34025
14589.5234
12710.52707
10855.17496
9019.118861
7198.558786
5390.060161
3590.431298
1796.637965
5.740396154
-0.07000253921
-0.07215916082
-0.0743157812
-0.07647240157
-0.07862902193
-0.08078564229
-0.08294226263
-0.08509888298
-1.296814843
2.930910541
1.553151299
-1.791923712
-9.264286582
-12.64454867
-16.52971027
25945.80645
48652.10896
51041.41206
45934.78411
41491.7339
37858.39103
34805.79128
32141.65524
29737.2488
27509.37398
25404.2432
23386.75859
21433.70227
19529.4316
17663.1516
15827.1802
14015.84019
12224.7489
10450.36155
8689.677462
6940.050383
5199.065176
3464.456439
1734.05332
5.740396154
-0.07000253921
-0.07215916081
-0.0743157812
-0.07647240157
-0.07862902193
-0.08078564228
-0.08294226263
-0.08509888297
-0.9238257803
4.130731482
3.684069436
0.5337459041
-6.343692363
-16.82112762
-25.31583192
4785.77883
35962.85304
45925.99531
39066.41584
35934.92991
33631.46372
31550.85188
29564.66616
27640.77874
25765.76359
23930.3051
22126.90892
20349.58447
18593.65542
16855.50683
15132.32066
13421.84432
11722.20838
10031.79283
8349.134069
6672.862997
5001.665315
3334.256885
1669.369064
5.740396154
-0.07000253922
-0.07215916081
-0.07431578119
-0.07647240156
-0.07862902192
-0.08078564227
-0.08294226262
-0.08509888296
0.06794454116
5.746189055
7.593145118
5.6409785
3.151974774
2.107472724
6.69265234
44.91825406
4177.22709
23158.28606
28469.53383
29550.0919
29181.64735
28201.43419
26925.32132
25495.38079
23982.54342
22424.25071
20840.92927
19244.00749
17640.03084
16032.83056
14424.6843
12816.94541
11210.39044
9605.416603
8002.159251
6400.566284
4800.448809
3201.518399
1603.416652
5.740396154
-0.07000253922
-0.0721591608
-0.07431578118
-0.07647240155
-0.07862902192
-0.08078564227
-0.08294226262
-0.08509888296
-6.530433174
70.12770622
13.33383685
9.324546988
8.269901506
10.18225118
17.61743213
28.49525628
173.0930654
15870.52498
22098.71581
24614.23225
25343.56124
25147.86883
24439.75437
23432.83056
22244.72882
20943.17145
19568.49068
18145.42074
16689.56199
15211.0322
13716.57506
12210.80156
10696.93591
9177.274685
7653.477785
6126.759494
4598.018983
3067.933749
1537.030194
5.740396154
-0.07000253922
-0.07215916079
-0.07431578118
-0.07647240155
-0.07862902191
-0.08078564226
-0.08294226261
-0.08509888295
-17.20743401
-5.927193221
18.22066942
9.486422624
9.614693498
11.24063717
16.94595812
25.25064512
202.5556395
16498.77473
19435.63696
21464.53619
22430.46154
22606.68494
22252.95352
21551.41353
20620.32153
19535.16146
18344.38095
17079.55785
15761.69707
14405.09465
13019.71854
11612.6907
10189.22329
8753.220934
7307.677064
5854.941804
4396.908838
2935.150781
1471.021872
5.740396154
-0.07000253923
-0.07215916079
-0.07431578117
-0.07647240154
-0.0786290219
-0.08078564226
-0.0829422626
-0.08509888295
-2.845382035
-1.453234387
7.825364117
7.454570837
9.021497649
10.34838647
13.79449744
20.56612608
230.00359
15527.94689
17681.71279
19377.79199
20307.0341
20595.42101
20413.92187
19899.50547
19149.93372
18232.71665
17194.2529
16066.6682
14872.50819
13627.8663
12344.45226
11030.96232
9693.993848
8338.662997
6969.028778
5588.390217
4199.499974
2804.722881
1406.158441
5.740396154
-0.07000253923
-0.07215916078
-0.07431578116
-0.07647240154
-0.0786290219
-0.08078564225
-0.0829422626
-0.08509888294
-0.1771597748
1.257774634
5.142684145
6.336447566
8.514046595
9.496200571
12.57358915
17.44364616
51.47801231
12659.90261
16387.07739
18057.86546
18824.43587
19054.01133
18907.76915
18482.70935
17847.14146
17051.46237
16133.18503
15120.29071
14033.73766
12889.348
11699.2027
10472.6575
9217.076976
7938.364573
6641.347593
5330.060211
4007.955344
2678.06736
1343.141335
5.740396154
-0.07000253923
-0.07215916078
-0.07431578116
-0.07647240153
-0.07862902189
-0.08078564225
-0.08294226259
-0.08509888294
-0.1293305889
1.665074371
4.095543393
5.576156115
7.117973933
7.019972922
9.850816176
16.85015953
2146.057158
16054.40077
17148.2125
17642.13925
17878.80871
17888.38906
17680.39625
17276.37676
16704.40916
15992.74967
15166.67422
14247.51071
13252.74263
12196.5257
11090.29618
9943.335136
8763.244126
7556.328699
6327.901246
5082.519025
3824.172334
2556.435652
1282.59221
5.740396154
-0.07000253923
-0.07215916077
-0.07431578116
-0.07647240153
-0.07862902189
-0.08078564224
-0.08294226259
-0.08509888293
-0.06357035552
1.606616163
3.377865474
4.9537472
6.286724001
5.016230967
2.88441823
283.7292448
24003.0238
22419.05843
18507.14937
17483.65316
17160.24812
16940.30857
16649.01216
16237.94764
15701.31753
15048.39707
14293.19329
13450.27638
12533.13783
11553.65872
10522.06654
9447.091899
8336.189748
7195.764603
6031.375692
4847.914975
3649.758814
2440.897121
1225.044814
5.740396155
-0.07000253923
-0.07215916077
-0.07431578115
-0.07647240152
-0.07862902189
-0.08078564224
-0.08294226259
-0.08509888293
0.1887646317
1.367955225
2.538467205
3.610420026
4.558879637
4.39238592
131.2800111
12170.06318
13615.2066
17105.6209
16976.87933
16625.06763
16338.20122
16063.55402
15737.35814
15325.03938
14814.46561
14206.27344
13507.36954
12727.20717
11875.81736
10962.84977
9997.166747
8986.727298
7938.61426
6859.125715
5753.889433
4627.980211
3486.031181
2332.336152
1170.943107
5.740396155
-0.07000253923
-0.07215916076
-0.07431578115
-0.07647240152
-0.07862902188
-0.08078564223
-0.08294226258
-0.08509888292
0.2977045202
0.8820980068
1.52575168
2.2042445
3.027636118
4.018839854
3489.062008
19954.19945
5061.376759
14492.77454
15668.72797
15701.51552
15503.90872
15238.31599
14911.78905
14510.34188
14025.18265
13454.80915
12802.75054
12075.31115
11280.0205
10424.70318
9516.972735
8563.989289
7572.371941
6548.197568
5497.044903
4424.060096
3334.030591
2231.460553
1120.644803
5.740396155
-0.07000253923
-0.07215916076
-0.07431578114
-0.07647240152
-0.07862902188
-0.08078564223
-0.08294226258
-0.08509888292
0.285237163
0.4665476709
0.7490717195
1.289773967
3.124009611
18.22577812
16600.53306
24014.77164
25168.00744
17234.12763
15503.74897
15008.34005
14737.57614
14473.9808
14161.10304
13779.31314
13321.06614
12784.97965
12173.46069
11491.21405
10744.198
9938.918507
9081.982935
8179.839999
7238.645962
6264.212126
5262.002412
4237.160314
3194.552096
2138.818297
1074.428987
5.740396156
-0.07000253923
-0.07215916075
-0.07431578114
-0.07647240151
-0.07862902187
-0.08078564223
-0.08294226257
-0.08509888292
0.3138909289
0.154311312
-0.1811354141
-0.8852209536
2.820471249
3341.560309
26704.40156
7409.531943
14656.54879
13772.25752
14103.78855
14090.49836
13964.04864
13758.89737
13479.29267
13124.69926
12694.74293
12190.53416
11614.84866
10971.8357
10266.58828
9504.740478
8692.153526
7834.698359
6938.12061
6007.968186
5049.563087
4068.002871
3068.181083
2054.819352
1032.506319
5.740396156
-0.07000253922
-0.07215916075
-0.07431578114
-0.07647240151
-0.07862902187
-0.08078564222
-0.08294226257
-0.08509888291
0.09916810904
-0.5537481468
-0.8846635119
-4.086924044
1.313816001
11220.6205
17489.6627
4631.654194
9653.446065
12191.84806
13048.6306
13285.79403
13269.19726
13118.23725
12872.4349
12545.40701
12142.62746
11667.51852
11123.51574
10514.64263
9845.529903
9121.253929
8347.147139
7528.63747
6671.132094
5779.94353
4860.250316
3917.083601
2955.332104
1979.759572
995.0304073
5.740396156
-0.07000253922
-0.07215916075
-0.07431578113
-0.07647240151
-0.07862902187
-0.08078564222
-0.08294226257
-0.08509888291
-2.251407645
-2.917587529
-5.029579467
-7.671921135
390.3883828
28869.71994
-434.3368516
5271.564176
10410.05414
12313.64938
12613.07228
12734.82904
12708.68493
12572.3896
12346.76687
12041.82607
11662.79803
11213.35125
10697.00613
10117.64145
9479.587416
8787.552294
8046.50014
7261.531913
6437.790037
5580.390883
4694.382918
3784.725921
2856.28631
1913.844278
962.1091751
5.740396157
-0.07000253922
-0.07215916075
-0.07431578113
-0.07647240151
-0.07862902187
-0.08078564222
-0.08294226257
-0.08509888291
-6.385779674
-0.9874883548
-5.795330162
62.79645621
20633.89217
8005.147897
-36.96857591
3211.428314
11653.60263
12395.2137
12355.16259
12331.74489
12258.29935
12115.83898
11900.38132
11612.29299
11253.34522
10826.03809
10333.47045
9779.283465
9167.580361
8502.823529
7789.727285
7033.160876
6238.069403
5409.414927
4552.136676
3671.127734
2771.225067
1857.209855
933.815411
5.740396157
-0.07000253922
-0.07215916075
-0.07431578113
-0.0764724015
-0.07862902187
-0.08078564222
-0.08294226257
-0.08509888291
-16.29649815
447.0328849
8223.928782
-383.806514
5235.855146
122.1190234
45.77189335
6541.987512
12650.44623
12268.82591
12080.60415
11978.66907
11876.90343
11732.25494
11526.59139
11253.58103
10912.21087
10503.94249
10031.50989
9498.39704
8908.583096
8266.391633
7576.384029
6843.276774
6071.876551
5267.030963
4433.593367
3576.400143
2700.258438
1809.942402
910.1959746
5.740396157
-0.07000253922
-0.07215916074
-0.07431578113
-0.0764724015
-0.07862902186
-0.08078564222
-0.08294226256
-0.08509888291
2792.652846
35392.59835
9760.399167
1121.453678
109.7750165
119.3402648
478.6978097
15157.55237
12688.66734
11948.61238
11719.74418
11625.40349
11538.36441
11409.65532
11220.11404
10963.19168
10637.93507
10245.9695
9790.186816
9274.168776
8701.921019
8077.734748
7406.100958
6691.648264
5939.094286
5153.207425
4338.77798
3500.59788
2643.448156
1772.093041
891.2794324
5.740396158
-0.07000253922
-0.07215916074
-0.07431578113
-0.0764724015
-0.07862902186
-0.08078564222
-0.08294226256
-0.08509888291
23491.56088
6508.062697
91.31425279
48.84555958
73.56490584
76.4801426
113.446787
2604.298179
10837.98093
11117.20124
11224.34084
11264.81488
11241.46911
11147.85779
10980.98454
10741.10051
10430.32971
10051.7733
9609.057797
9106.128779
8547.156495
7936.485383
7278.598146
6578.084195
5839.610425
5067.895035
4267.685591
3443.742094
2600.825284
1743.689881
877.0820811
5.740396158
-0.07000253922
-0.07215916074
-0.07431578113
-0.0764724015
-0.07862902186
-0.08078564222
-0.08294226256
-0.08509888291
9.58634766
36.74192226
56.41383466
54.68802518
81.01155282
78.52942262
87.39607723
8115.476982
9914.79355
10457.86037
10795.58639
10968.02426
11014.81345
10959.2929
10814.83351
10589.86097
10290.47246
9921.697013
9488.102244
8994.091807
8444.050881
7842.412944
7193.68396
6502.443463
5773.333926
5011.045405
4220.299703
3405.836563
2572.403106
1724.746898
867.612439
5.740396158
-0.07000253922
-0.07215916074
-0.07431578113
-0.0764724015
-0.07862902186
-0.08078564222
-0.08294226256
-0.08509888291
14.08553636
37.63936572
53.72685497
58.65136212
83.44436237
73.42700323
157.4242939
3310.362373
9021.339298
10003.85116
10532.10308
10796.86076
10890.44226
10859.63831
10729.16399
10513.00294
10219.96546
9856.401777
9427.523234
8938.045919
8392.503027
7795.392836
7151.243539
6464.635532
5740.202365
4982.621858
4196.603897
3386.878486
2558.185955
1715.270098
862.8743115
5.740396158
-0.07000253922
-0.07215916074
-0.07431578113
-0.0764724015
-0.07862902186
-0.08078564222
-0.08294226256
-0.08509888291
)
;

boundaryField
{
    lowerWall
    {
        type            calculated;
        value           nonuniform List<scalar> 
80
(
-0.08617719299
-0.08617719299
-0.08617719299
-0.08617719299
-0.08617719299
-0.086177193
-0.086177193
-0.086177193
-0.08617719301
-0.08617719301
-0.08617719302
-0.08617719303
-0.08617719303
-0.08617719304
-0.08617719305
-0.08617719306
-0.08617719307
-0.08617719308
-0.08617719308
-0.08617719309
-0.0861771931
-0.08617719311
-0.08617719312
-0.08617719313
-0.08617719314
-0.08617719315
-0.08617719316
-0.08617719317
-0.08617719318
-0.08617719318
-0.08617719319
-0.0861771932
-0.0861771932
-0.08617719321
-0.08617719321
-0.08617719322
-0.08617719322
-0.08617719322
-0.08617719323
-0.08617719323
-0.08617719323
-0.08617719323
-0.08617719323
-0.08617719323
-0.08617719322
-0.08617719322
-0.08617719322
-0.08617719321
-0.08617719321
-0.0861771932
-0.0861771932
-0.08617719319
-0.08617719319
-0.08617719318
-0.08617719317
-0.08617719317
-0.08617719316
-0.08617719315
-0.08617719315
-0.08617719314
-0.08617719314
-0.08617719313
-0.08617719312
-0.08617719312
-0.08617719311
-0.08617719311
-0.0861771931
-0.0861771931
-0.0861771931
-0.08617719309
-0.08617719309
-0.08617719309
-0.08617719308
-0.08617719308
-0.08617719308
-0.08617719308
-0.08617719308
-0.08617719308
-0.08617719308
-0.08617719308
)
;
    }
    atmosphere
    {
        type            calculated;
        value           nonuniform List<scalar> 
80
(
-1.003758466
-1.500495333
-2.224812336
-2.451522217
-2.533644853
0
0
0
0
-0.2833950099
-0.4301573416
-0.1786335682
-0.07333779504
-0.4999093326
-0.3241321059
0
0
0
0
-0.01016650547
-0.2701908215
-0.442870776
-0.424761601
-0.3364180265
-0.1527197595
0
0
0
0
-0.002324840038
-0.3731151295
-1.212382821
-1.896698177
-2.075564891
-1.748875099
-1.078171059
-0.4721985163
-0.2312208553
-0.2194530799
-0.2999948712
-0.4370908417
-0.6149471943
-0.8138268388
-1.015575111
-1.206069062
-1.325145692
-1.388557576
-1.239251637
-1.019830196
-0.8004117396
-0.4923356488
-0.2467526172
-0.1289639433
-0.2079868825
-0.4980596827
-0.6351136244
-0.4574138234
-0.1699062982
-0.002261276594
0
0
0
0
0
-0.001454215952
-0.01619796267
-0.0004708908234
0
0
0
0
0
-0.1825746294
-1.476161416
-0.8614230034
0
0
0
0
0
)
;
    }
    rightWall
    {
        type            empty;
    }
    leftWall
    {
        type            empty;
    }
    frontAndBack
    {
        type            calculated;
        value           nonuniform List<scalar> 
80
(
-2.954140315
0.2237186932
1164.721512
-7.096211164
-5.869475935
-6.727199096
533.7565862
9974.122841
9264.443742
8760.177679
8403.098595
8116.489341
7852.706566
7587.405013
7309.307717
7013.511887
6698.012136
6362.11767
6005.806101
5629.4799
5233.869425
4819.977504
4389.031568
3942.437333
3481.736063
3008.567673
2524.64055
2031.708034
1531.551114
1025.966644
516.7599467
5.74039615
-0.07000253917
-0.07215916065
-0.07431578104
-0.07647240141
-0.07862902177
-0.08078564212
-0.08294226247
-0.08509888281
14.08553636
37.63936572
53.72685497
58.65136212
83.44436237
73.42700323
157.4242939
3310.362373
9021.339298
10003.85116
10532.10308
10796.86076
10890.44226
10859.63831
10729.16399
10513.00294
10219.96546
9856.401777
9427.523234
8938.045919
8392.503027
7795.392836
7151.243539
6464.635532
5740.202365
4982.621858
4196.603897
3386.878486
2558.185955
1715.270098
862.8743115
5.740396158
-0.07000253922
-0.07215916074
-0.07431578113
-0.0764724015
-0.07862902186
-0.08078564222
-0.08294226256
-0.08509888291
)
;
    }
}


// ************************************************************************* //
