/*--------------------------------*- C++ -*----------------------------------*\
| =========                 |                                                 |
| \\      /  F ield         | OpenFOAM: The Open Source CFD Toolbox           |
|  \\    /   O peration     | Version:  2506                                  |
|   \\  /    A nd           | Website:  www.openfoam.com                      |
|    \\/     M anipulation  |                                                 |
\*---------------------------------------------------------------------------*/
FoamFile
{
    version     2.0;
    format      ascii;
    arch        "LSB;label=32;scalar=64";
    class       volScalarField;
    location    "0.008";
    object      p_rgh;
}
// * * * * * * * * * * * * * * * * * * * * * * * * * * * * * * * * * * * * * //

dimensions      [1 -1 -2 0 0 0 0];

internalField   nonuniform List<scalar> 
3200
(
-2.953127546
0.2267535495
1169.058221
-7.069456107
-5.860282345
-6.715882629
547.6650128
10047.69784
9347.828712
8853.372679
8506.103595
8229.304341
7975.331566
7719.840013
7451.552717
7165.566887
6859.877136
6533.79267
6187.291101
5820.7749
5434.974425
5030.892504
4609.756568
4172.972333
3722.081063
3258.722673
2784.60555
2301.483034
1811.136114
1315.361644
815.9649467
314.7553961
8.774910518e-05
8.76225997e-05
8.762208377e-05
8.762163791e-05
8.762126936e-05
8.762098429e-05
8.762078858e-05
8.762068815e-05
-2.477287992
-0.5239568947
-2.878284054
-7.121730043
-5.71512322
-6.241734142
630.8268647
10125.80025
9142.424641
8706.176486
8435.627021
8206.468753
7976.83916
7732.621794
7469.234754
7185.253685
6880.253946
6554.189936
6207.283909
5840.036471
5453.233335
5047.924332
4625.382666
4187.05717
3734.526834
3269.462195
2793.594833
2308.694628
1816.553786
1318.976483
817.7727666
314.7553961
8.774961848e-05
8.762259968e-05
8.762208335e-05
8.762163749e-05
8.762126892e-05
8.762098385e-05
8.762078815e-05
8.762068756e-05
-2.095428347
-2.067338772
-1.80140724
-4.347370125
-4.854307178
-4.060852482
2594.701164
7339.988659
8389.888526
8393.271784
8323.742751
8184.083511
7992.910177
7764.545767
7507.479845
7225.925013
6921.657995
6595.390176
6247.578286
5878.813874
5489.95842
5082.149479
4656.754262
4215.310764
3759.474484
3290.976674
2811.594184
2323.128889
1827.394502
1326.208869
821.3901468
314.7553961
8.775015301e-05
8.762259913e-05
8.762208246e-05
8.76216365e-05
8.762126784e-05
8.762098272e-05
8.762078695e-05
8.762068624e-05
-2.00913273
-2.557206112
-3.116045245
-5.008973873
-6.249695492
-5.534757706
2218.613978
4572.595388
7539.3077
8153.269453
8281.975347
8213.195381
8046.15246
7825.146584
7570.185168
7289.277952
6985.031187
6658.101743
6308.791354
5937.647807
5545.602553
5133.927285
4704.141835
4257.926518
3797.055263
3323.350401
2838.654599
2344.814711
1843.673423
1337.06589
826.819493
314.7553961
8.775099451e-05
8.762259775e-05
8.762208091e-05
8.762163485e-05
8.76212661e-05
8.762098092e-05
8.762078509e-05
8.762068429e-05
-1.283116978
-4.074467417
-6.177083663
-8.084170664
-10.53173277
-15.57420409
12009.36029
7594.3205
8411.803262
8398.51275
8437.681264
8340.553988
8153.339705
7919.680907
7658.810898
7375.942629
7071.057039
6743.162274
6391.804179
6017.3494
5620.842867
5203.782354
4767.927563
4315.167839
3847.441036
3366.689053
2874.836683
2373.783911
1865.405358
1351.553322
834.0624901
314.7553961
8.775199966e-05
8.762259543e-05
8.762207856e-05
8.762163245e-05
8.762126365e-05
8.762097845e-05
8.76207826e-05
8.76206818e-05
0.01956496269
-6.001009643
-10.73248616
-14.24554154
-32.72799708
-58.83572719
1815.482614
3992.149647
7502.619987
8591.286821
8729.670402
8557.984888
8306.953709
8041.404151
7769.409295
7484.596284
7180.061126
6851.653179
6497.879644
6119.068366
5716.603092
5292.39848
4848.586133
4387.345434
3910.82292
3421.101659
2920.196462
2410.060768
1892.597623
1369.671239
843.1178144
314.7553961
8.775321147e-05
8.762259219e-05
8.762207539e-05
8.762162929e-05
8.762126051e-05
8.762097532e-05
8.762077949e-05
8.762067873e-05
-1.639814134
-7.448319076
-13.06122548
-18.41335443
-15.45845292
3.222534238
148.4714554
130.8592671
9028.914423
9734.332076
9331.71111
8854.742919
8475.065659
8169.549297
7892.799401
7612.94237
7312.905395
6985.475246
6628.957889
6244.406479
5834.068228
5400.588685
4946.64047
4474.773604
3987.374198
3486.671673
2974.764127
2453.647208
1925.240298
1391.408178
853.9783959
314.7553961
8.775463346e-05
8.762258812e-05
8.762207144e-05
8.76216254e-05
8.762125667e-05
8.762097153e-05
8.762077574e-05
8.762067503e-05
-1.662458931
-1.978873304
-0.3914476724
1.926002725
-3.777079154
0.7310842622
211.7408626
22180.34127
16029.67942
11985.65353
10008.08632
9054.194223
8568.996204
8268.903821
8019.269397
7761.437635
7473.108774
7148.348555
6788.034087
6395.495893
5974.639765
5529.213474
5062.580444
4577.702742
4077.199097
3563.420257
3038.518819
2504.506155
1963.295761
1416.735081
866.6286583
314.7553961
8.775625057e-05
8.762258332e-05
8.762206677e-05
8.762162083e-05
8.762125217e-05
8.762096709e-05
8.762077135e-05
8.762067069e-05
-2.382258943
-2.251547641
0.03541165939
6.776724953
11.28380458
12.75275418
578.7345543
18749.58553
17042.55009
12170.51378
9660.774277
8784.934455
8477.800068
8317.776074
8153.9091
7940.398685
7669.708262
7346.738378
6979.296127
6574.866236
6139.745454
5679.010058
5196.731419
4696.22579
4180.269459
3651.264971
3111.36255
2562.545606
2006.68935
1445.600218
881.0422913
314.7553961
8.775804194e-05
8.762257784e-05
8.762206145e-05
8.762161561e-05
8.762124704e-05
8.762096202e-05
8.762076633e-05
8.762066571e-05
-1.467957421
-0.4478417012
-0.7143347155
2.900144073
3.868161749
3.214462967
4.323478868
716.5665445
6887.39123
8375.647734
7679.549175
7946.953231
8239.473059
8370.467484
8338.164576
8176.50804
7918.550755
7589.560814
7207.505511
6784.888113
6330.427752
5850.313365
5349.07452
4830.166645
4296.357661
3749.980797
3193.098419
2627.607027
2055.30355
1477.926507
897.1812317
314.7553961
8.775998536e-05
8.762257173e-05
8.76220555e-05
8.762160978e-05
8.76212413e-05
8.762095635e-05
8.762076072e-05
8.762066012e-05
0.03295129742
2.426870434
3.898598854
9.590287907
1.594970403
6.788961976
5.446762103
506.6347593
1525.440009
573.3384698
4723.277995
7083.839874
8162.650492
8586.431593
8651.745329
8508.886044
8238.388566
7885.407469
7476.234775
7026.711428
6546.724001
6042.702842
5519.050358
4978.974585
4424.982543
3859.174593
3283.420285
2699.462587
2108.978456
1513.612814
914.9965719
314.7553961
8.776205595e-05
8.762256504e-05
8.762204897e-05
8.762160338e-05
8.762123499e-05
8.762095011e-05
8.762075453e-05
8.762065396e-05
0.4812532028
5.006004529
13.00124041
18.03465463
2914.307145
3.794603616
4.663018539
4895.960137
3551.208603
2960.842911
4496.240758
7502.465117
8740.836523
9160.837684
9173.470148
8968.870172
8640.67253
8237.404323
7785.271868
7298.95625
6787.012644
6254.684103
5705.41205
5141.663763
4565.39122
3978.286322
3381.9216
2777.825641
2167.520989
1552.54056
934.4319754
314.7553961
8.776422762e-05
8.76225578e-05
8.76220419e-05
8.762159643e-05
8.762122814e-05
8.762094334e-05
8.762074781e-05
8.762064726e-05
0.1897611725
4.639605601
5.445113562
818.2036943
28520.4454
18320.51812
8977.621196
14931.28067
9745.233678
8478.869632
8338.95828
9688.927448
10137.37245
10142.58672
9912.397749
9552.419344
9117.989184
8638.223587
8128.448647
7596.78565
7047.643994
6483.568483
5906.211751
5316.841433
4716.599412
4106.628631
3488.129234
2862.377308
2230.724208
1594.586212
955.4298091
314.7553961
8.776647544e-05
8.762255003e-05
8.762203432e-05
8.762158898e-05
8.762122079e-05
8.762093607e-05
8.762074059e-05
8.762064007e-05
-0.6265787542
0.8002494089
-1.207573646
-8.903358385
9164.225238
25642.59764
23921.30762
24228.71507
20019.4462
20046.89234
14403.16319
12776.89804
11977.11915
11359.71163
10781.08326
10210.3844
9640.60106
9069.009082
8493.469119
7912.049487
7323.166216
6725.693009
6118.986201
5502.854477
4877.502952
4243.469635
3601.563602
2952.809004
2298.396109
1639.639089
977.9396584
314.7553961
8.776877229e-05
8.762254177e-05
8.762202626e-05
8.762158107e-05
8.762121298e-05
8.762092834e-05
8.762073292e-05
8.762063243e-05
-1.063001586
1.203946366
1.823629806
-1.380099932
119.5925442
5700.673739
10831.88085
22466.06553
19936.88461
18258.44292
16797.82498
15038.36032
13634.47326
12538.02791
11641.80792
10867.39793
10164.98086
9503.698832
8864.324154
8234.731899
7607.234535
6977.009235
6341.145952
5698.050286
5047.054209
4388.152728
3721.819917
3048.876937
2370.395065
1687.622628
1001.928296
314.7553961
8.777109177e-05
8.762253306e-05
8.762201776e-05
8.762157272e-05
8.762120474e-05
8.762092019e-05
8.762072483e-05
8.762062437e-05
-0.9284342367
1.318781143
1.095324241
-1.13940095
1.434781898
1.097586919
12.4897405
9430.102856
20235.9703
22285.37397
19489.27329
16944.23373
14984.3684
13516.09293
12380.69074
11452.381
10648.18354
9916.436251
9225.350371
8555.273032
7893.985633
7233.920228
6570.497181
5901.108265
5224.475707
4540.235522
3848.65883
3150.460845
2446.666912
1738.516124
1027.389701
314.7553961
8.777340974e-05
8.762252392e-05
8.762200886e-05
8.762156397e-05
8.762119612e-05
8.762091166e-05
8.762071637e-05
8.762061594e-05
-0.1159562547
1.905114024
2.662883053
0.9661786878
0.2037718761
1.251372029
5.202845554
10.49973704
9881.948751
25191.58879
21805.26025
18264.92576
15842.6523
14161.25734
12912.44779
11913.21263
11058.89234
10288.46556
9565.319833
8866.975967
8179.467697
7494.143729
6805.771427
6111.369753
5409.467938
4699.621666
3982.090174
3257.616817
2527.277438
1792.37334
1054.353487
314.7553961
8.777570216e-05
8.762251439e-05
8.762199959e-05
8.762155489e-05
8.762118716e-05
8.76209028e-05
8.762070758e-05
8.76206072e-05
0.3262182164
0.01532373805
-0.5466535654
-0.05996122221
0.1425506772
1.367924978
5.13353435
7.492035384
23.79032686
20463.51243
23619.15279
18467.50146
15960.04576
14373.80913
13194.59624
12229.08904
11385.66249
10613.16539
9880.437241
9167.792923
8462.716194
7757.368081
7047.029691
6329.088704
5602.365313
4866.657735
4122.43277
3370.613711
2612.433927
1849.334387
1082.890136
314.7553961
8.777794698e-05
8.762250454e-05
8.762199001e-05
8.76215455e-05
8.762117791e-05
8.762089366e-05
8.762069851e-05
8.762059817e-05
0.740215513
-0.3800467148
-1.063778371
-1.392784297
0.6294078719
2.215567195
6.13017683
8.787094086
10.48580462
2633.000747
15944.98755
16025.25462
15156.20212
14179.30969
13263.00444
12422.84403
11641.45739
10898.04677
10175.41912
9460.990099
8746.184781
8025.532923
7295.842551
6555.544467
5804.20463
5042.173207
4270.336638
3489.944675
2702.4906
1909.627969
1113.111747
314.7553961
8.778012269e-05
8.76224944e-05
8.762198017e-05
8.762153586e-05
8.762116843e-05
8.762088429e-05
8.762068922e-05
8.762058893e-05
1.183562347
0.9635712627
1.269007074
1.742646468
3.423969377
5.43669249
8.387491085
10.53986534
12.54206361
181.0145482
13129.45626
14529.94169
14460.17763
13924.19569
13255.2336
12557.78514
11859.2311
11162.09599
10462.15048
9754.51069
9035.447569
8302.685051
7555.213098
6792.993765
6016.690298
5227.452875
4426.760501
3616.30919
2797.935099
1973.562353
1145.167527
314.7553961
8.778221187e-05
8.762248402e-05
8.762197011e-05
8.762152603e-05
8.762115876e-05
8.762087474e-05
8.762067976e-05
8.762057951e-05
0.9931023503
2.183972235
3.486871325
4.927458336
6.930884245
9.196905192
11.57262555
12.81116432
14.21825642
390.8998529
14693.1654
14503.92031
14230.35237
13802.03518
13275.91587
12693.79327
12075.54255
11428.90829
10756.5256
10059.40255
9338.357857
8594.49547
7829.280425
7044.477489
6242.062395
5424.143834
4592.905269
3750.565758
2899.355986
2041.504994
1179.233996
314.7553961
8.778419798e-05
8.762247347e-05
8.76219599e-05
8.762151605e-05
8.762114896e-05
8.762086508e-05
8.762067018e-05
8.762056999e-05
0.8657000811
2.91903533
4.961186824
7.14362914
9.796439379
12.430653
14.90717814
15.60663963
16.92771995
424.5215218
15292.2937
14563.26886
14155.2584
13777.65076
13352.56866
12865.89219
12320.19606
11721.42376
11075.59246
10388.16532
9664.035042
8907.608556
8122.885918
7313.523745
6482.889463
5634.109313
4770.110712
3893.659686
3007.394016
2113.852438
1215.500601
314.7553961
8.778606661e-05
8.76224628e-05
8.762194959e-05
8.7621506e-05
8.762113909e-05
8.762085535e-05
8.762066055e-05
8.762056041e-05
0.9518165523
3.600751228
6.233975589
9.080453396
12.53690743
15.59956814
18.04734969
18.69810418
19.90299074
401.7809798
14675.37238
14302.74345
14049.74396
13800.7143
13490.78169
13096.97257
12617.88394
12060.95315
11436.2067
10753.58021
10021.95744
9248.968325
8441.082377
7603.793595
6741.814316
5859.247191
4959.726933
4046.53356
3122.682041
2190.993374
1254.15212
314.7553961
8.778780705e-05
8.762245209e-05
8.762193926e-05
8.762149594e-05
8.762112922e-05
8.762084562e-05
8.762065093e-05
8.762055083e-05
1.107962329
4.033009222
7.216717299
10.87938204
14.73139611
18.42970877
21.2940585
22.31860737
23.10478599
400.2214391
13916.52286
13923.59449
13940.2411
13884.65229
13712.83319
13413.2901
12993.3687
12468.25101
11854.65082
11167.93787
10421.19248
9625.173629
8788.632744
7918.706175
7021.279917
6101.292617
5162.974235
4210.029754
3245.779769
2273.268644
1295.349661
314.7553961
8.778940919e-05
8.762244138e-05
8.762192897e-05
8.762148592e-05
8.76211194e-05
8.762083596e-05
8.762064137e-05
8.762054133e-05
1.081323316
4.711708938
8.286253422
13.17203988
18.08841445
22.4378587
25.60025646
25.82784999
26.90571838
373.1805191
13053.20619
13535.77506
13902.95013
14084.78881
14062.56881
13849.94015
13474.00011
12963.98133
12346.1555
11642.2714
10869.64297
10041.84554
9169.517167
8261.069793
7323.259849
6361.624243
5380.805871
4384.795163
3377.110134
2360.932311
1339.212209
314.7553961
8.779086816e-05
8.762243076e-05
8.762191878e-05
8.762147602e-05
8.762110971e-05
8.762082643e-05
8.762063194e-05
8.762053196e-05
0.6380068505
3.853818646
7.37116428
11.75388387
17.97209726
26.47668447
30.56490336
29.30941621
30.58200414
331.0432455
12214.68216
13264.28879
14050.97089
14488.94872
14602.67288
14449.85343
14088.65803
13567.46829
12923.66743
12185.29262
11373.20195
10502.98882
9586.464987
8632.74485
7649.017934
6641.093978
5613.788461
4571.198556
3516.904201
2454.117964
1385.800646
314.7553961
8.779217879e-05
8.762242031e-05
8.762190877e-05
8.762146631e-05
8.762110022e-05
8.762081709e-05
8.762062271e-05
8.762052279e-05
0.3365763804
2.262756198
6.591910311
14.08125237
18.8414869
33.79088753
37.43942106
35.25687449
32.94069066
277.0392981
11338.41665
13256.75479
14547.67412
15217.32989
15409.2861
15258.09632
14863.25719
14293.51662
13595.70531
12801.97656
11934.8245
11010.38226
10040.55109
9034.373368
7998.924485
6939.90058
5862.014452
4769.270312
3665.160907
2552.813995
1435.105989
314.7553961
8.77933391e-05
8.76224101e-05
8.762189902e-05
8.762145686e-05
8.762109098e-05
8.762080802e-05
8.762061375e-05
8.762051388e-05
-0.1251529397
-2.739176221
-5.75473081
398.2754755
2586.545595
70.39111613
49.1700824
43.18844242
36.88766758
259.1708712
10403.10634
13876.71943
15665.62218
16423.3852
16559.0127
16309.93996
15812.69984
15147.58477
14363.6152
13492.03556
12553.68314
11563.10675
10530.92632
9465.219385
8372.357266
7257.525009
6125.058092
4978.671816
3821.626149
2656.850454
1487.043015
314.7553961
8.779434869e-05
8.762240021e-05
8.762188959e-05
8.762144775e-05
8.762108208e-05
8.762079927e-05
8.762060511e-05
8.76205053e-05
-1.494564877
-9.098833831
-21.38860659
437.5158828
12008.5397
194.4643939
336.3365639
9245.991893
52.02312597
3462.027207
11929.63078
16178.05425
17814.68723
18251.55269
18093.40889
17609.90634
16929.95255
16120.4473
15219.0832
14248.81632
13224.7114
12157.37789
11054.77082
9923.166867
8767.711448
7592.740085
6401.981401
5198.697913
3985.793004
2765.898362
1541.449665
314.7553961
8.779520793e-05
8.762239073e-05
8.762188058e-05
8.762143903e-05
8.762107357e-05
8.762079091e-05
8.762059685e-05
8.76204971e-05
-2.166130731
-13.12103324
-28.70792887
-52.17093437
-70.75597547
-1.040696359
-0.634330546
1427.90001
-60.44142949
6288.617593
19318.50878
21087.52601
21163.52914
20674.71059
19953.13072
19106.27884
18176.68602
17185.09534
16143.38816
15059.37457
13938.90849
12786.86223
11607.55327
10404.9111
9182.532317
7943.698378
6691.390113
5428.311144
4156.921708
2879.48048
1598.091682
314.7553961
8.779591822e-05
8.762238174e-05
8.762187203e-05
8.762143077e-05
8.762106551e-05
8.762078301e-05
8.762058905e-05
8.762048935e-05
-2.227352318
-11.23550399
-20.67423247
-32.91435338
-32.94791754
-11.86319813
-6.91874413
-12.61932396
-36.86294333
21687.76841
32092.25033
27690.0147
25077.17247
23330.60024
21938.11616
20685.36269
19485.36999
18299.80376
17109.93949
15906.32423
14684.6237
13443.54681
12183.60857
10906.33625
9613.758334
8308.086388
6991.529933
5666.200641
4334.074551
2996.990586
1656.671128
314.7553961
8.779648121e-05
8.76223733e-05
8.762186404e-05
8.762142305e-05
8.762105798e-05
8.762077561e-05
8.762058175e-05
8.76204821e-05
-2.720268027
-8.513748046
-14.00780475
-19.57289737
-18.42188783
-6.351649656
-6.674702794
1.908574602
208.8556052
31106.77572
43219.96625
32504.06964
28124.53588
25632.34634
23783.40805
22211.68412
20779.59408
19418.76318
18090.18824
16771.30134
15449.65409
14119.0304
12776.9376
11423.01125
10058.02805
8683.313785
7300.402513
5910.852413
4516.157428
3117.716471
1716.836588
314.7553961
8.779689819e-05
8.762236549e-05
8.762185665e-05
8.762141592e-05
8.762105102e-05
8.762076878e-05
8.762057501e-05
8.76204754e-05
-3.005040711
-6.406356769
-9.384867201
-11.30716382
-10.27764614
-5.734088469
-4.343976645
2.004323865
4780.541522
27196.08287
34545.36889
30981.65565
29284.52174
27290.70281
25351.4094
23598.32456
22002.51699
20505.41871
19060.69583
17638.98116
16223.59981
14805.92117
13382.04061
11950.68794
10511.97861
9066.692704
7615.873252
6160.613907
4701.957816
3240.860979
1778.192533
314.7553961
8.77971696e-05
8.762235839e-05
8.762184994e-05
8.762140944e-05
8.762104468e-05
8.762076256e-05
8.762056886e-05
8.762046929e-05
-2.789744629
-4.814220021
-6.532249362
-7.244332574
-5.827347885
-1.903000986
0.7334740742
355.3643282
17476.39776
22902.75957
27570.7843
27592.59253
30740.98116
28894.51119
26733.16451
24827.63945
23126.68198
21539.64829
20008.14126
18500.269
16999.7809
15498.95197
13994.55681
12485.66678
10972.45567
9455.559382
7935.74259
6413.736154
4890.16952
3365.555789
1840.305504
314.7553961
8.779729602e-05
8.762235205e-05
8.762184396e-05
8.762140365e-05
8.762103902e-05
8.762075699e-05
8.762056336e-05
8.762046383e-05
-2.258086883
-3.615624597
-4.733275708
-4.833346991
-3.097045083
0.389798171
1.201472141
827.4760702
21719.52533
20973.07272
13429.24417
57241.96857
37192.24276
30813.15923
27859.06353
25852.35185
24136.88111
22518.30323
20931.89854
19354.11329
17776.24027
16195.48725
14611.50949
13024.91262
11436.56796
9847.300547
8257.759777
6668.38181
5079.397818
3490.864666
1902.705725
314.7553961
8.779727634e-05
8.762234653e-05
8.762183875e-05
8.76213986e-05
8.762103407e-05
8.762075212e-05
8.762055854e-05
8.762045903e-05
-1.616287973
-2.767577664
-3.796694223
-4.196423363
-3.721390307
-2.016250134
-3.969697701
13.57063837
122.4186909
263.9807766
10106.88784
40742.24905
29969.39658
29306.73666
28037.55018
26585.78808
25050.14552
23464.738
21846.98355
20207.98607
18555.51788
16895.18662
15231.02382
13565.85264
11901.5532
10239.26904
8579.572202
6922.596235
5268.14394
3615.775845
1964.884084
314.7553961
8.779710935e-05
8.762234186e-05
8.762183435e-05
8.762139433e-05
8.762102987e-05
8.762074797e-05
8.762055443e-05
8.762045494e-05
-1.063986021
-2.073730966
-2.942043591
-3.400834408
-3.26801257
-2.915961697
-5.683163659
-6.033938597
-8.819275216
-12.41801831
-8.212039244
2825.864732
25592.85543
28406.14705
28398.61363
27403.07128
26013.13381
24443.47428
22783.25979
21075.27153
19342.59866
17598.65856
15851.49
14105.86751
12364.47332
10628.60427
8898.621998
7174.249775
5454.774246
3739.18676
2026.285966
314.7553961
8.779679242e-05
8.762233807e-05
8.762183078e-05
8.762139085e-05
8.762102643e-05
8.762074456e-05
8.762055104e-05
8.762045157e-05
-0.7310874157
-1.498708996
-2.142360193
-2.579707883
-2.835195253
-3.214944567
-5.311077814
-10.53203648
-13.52493232
-17.24194647
-5.727534437
175.8813485
30056.72171
30320.28305
29747.66394
28614.71884
27155.8037
25512.72053
23767.25726
21967.18388
20140.88783
18305.30075
16470.35356
14641.6001
12821.81788
11012.00673
9212.020354
7420.969933
5637.485319
3859.887401
2086.304751
314.7553961
8.779632221e-05
8.762233517e-05
8.762182806e-05
8.762138818e-05
8.762102377e-05
8.762074191e-05
8.762054841e-05
8.762044894e-05
-0.5487116995
-1.044999898
-1.465316722
-1.77264384
-2.136697621
-2.472020544
-3.810168437
-10.71829726
-15.09059381
-14.34048768
-6.36699366
1294.737567
35029.36173
33072.61962
31657.01962
30152.30578
28482.59934
26684.29998
24805.81096
22885.26173
20948.40992
19011.24485
17082.96577
15168.30582
13269.13956
11385.53772
9516.441548
7660.088355
5814.279552
3976.550358
2144.278539
314.7553961
8.779569422e-05
8.762233318e-05
8.762182619e-05
8.762138632e-05
8.76210219e-05
8.762074004e-05
8.762054652e-05
8.762044706e-05
-0.4858017087
-0.770781757
-0.9998763678
-1.148459948
-1.434285694
-1.653996152
-2.793949118
-6.772116229
-9.982747131
-8.041195986
-3.283867941
1577.331499
36073.275
35287.69164
33655.46763
31854.8521
29937.94951
27936.02442
25886.37204
23819.58642
21756.18785
19708.2441
17681.89937
15679.45974
13700.84265
11744.51488
9808.078132
7888.627047
5982.965373
4087.735253
2199.493503
314.7553961
8.779490524e-05
8.762233207e-05
8.762182516e-05
8.762138528e-05
8.762102082e-05
8.762073893e-05
8.76205454e-05
8.762044592e-05
-0.5229166152
-0.6551866425
-0.7527743524
-0.7903836301
-0.9222735475
-1.015505964
-1.53542163
-2.991407025
-3.806685022
-1.378541213
1.031892357
2382.251555
38354.51697
38351.17067
35822.30264
33673.65611
31478.28405
29235.432
26984.01576
24750.47001
22548.45397
20383.58456
18256.86622
16166.73006
14110.19926
12083.55044
10082.68612
8103.340998
6141.19202
4191.912931
2251.196211
314.7553961
8.77939523e-05
8.762233186e-05
8.762182498e-05
8.762138505e-05
8.762102052e-05
8.762073858e-05
8.762054502e-05
8.762044553e-05
-0.6332859961
-0.6601145381
-0.6707349126
-0.6377893035
-0.6177609521
-0.5434889653
-0.5385284498
-0.8381580913
-0.9742090942
1.703770024
2.959573057
955.4482908
40503.19888
37855.72522
37608.88364
35539.15811
33066.06281
30543.35995
28063.74056
25649.77148
23303.51705
21020.71363
18795.18762
16620.33135
14489.61364
12396.7479
10335.7298
8300.822648
6286.521759
4287.510843
2298.615506
314.7553961
8.779283324e-05
8.762233251e-05
8.762182562e-05
8.762138561e-05
8.762102099e-05
8.762073898e-05
8.762054538e-05
8.762044587e-05
-0.7920564759
-0.7565072175
-0.7131041158
-0.6271311786
-0.4978859474
-0.296977515
-0.07113708241
0.008783480935
-0.1777626076
0.01694621486
1.039120266
83.20891056
45750.5356
45334.46184
41218.28378
37808.00706
34703.41465
31808.16295
29077.76908
26481.30774
23995.07405
21600.50564
19282.77572
17029.72906
14831.11338
12678.04121
10562.61477
8477.660312
6416.53432
4372.976466
2340.992481
314.7553961
8.779154974e-05
8.762233402e-05
8.762182706e-05
8.762138693e-05
8.76210222e-05
8.762074011e-05
8.762054645e-05
8.762044692e-05
-0.9791451282
-0.9230358025
-0.8522806919
-0.7140964581
-0.4675359053
-0.109206763
0.2355269522
0.322869619
-0.3798997654
-0.1942234772
-0.4984522326
2187.115629
49912.02148
49830.9575
44121.7074
39771.14605
36131.3907
32908.06835
29957.82089
27202.56777
24594.91296
22103.4017
19705.61857
17384.63125
15127.00603
12921.63017
10758.97754
8630.629922
6528.950696
4446.851372
2377.615172
314.7553961
8.779010694e-05
8.762233634e-05
8.762182926e-05
8.762138898e-05
8.762102412e-05
8.762074193e-05
8.762054822e-05
8.762044865e-05
-1.184424418
-1.169884272
-1.14415736
-1.009263354
-0.6276607752
0.1221702954
1.209373781
1.983274869
-2.248346284
67.64308284
25022.8417
58529.11292
60215.92415
51648.0563
45666.46042
41023.44825
37142.89538
33734.85673
30642.83258
27776.181
25078.55709
22512.51455
20051.60619
17676.10866
15370.5863
13122.43649
10920.98347
8756.889915
6621.757981
4507.84555
2407.853304
314.7553961
8.778851508e-05
8.762233942e-05
8.762183218e-05
8.762139173e-05
8.762102672e-05
8.762074443e-05
8.762055064e-05
8.762045103e-05
-1.364900093
-1.476296989
-1.614977727
-1.644283561
-1.280526239
-0.2883307223
1.462754628
4.153422571
1.163701544
26818.54723
59632.10618
60168.13611
56284.22696
50869.24817
45872.59438
41513.25086
37681.84096
34245.58153
31102.42008
28180.71454
25430.56744
22816.43875
20312.12518
17897.55009
15556.73222
13276.48681
11045.57743
8854.145993
6693.315495
4554.900914
2431.188074
314.7553961
8.77867863e-05
8.762234323e-05
8.762183578e-05
8.762139513e-05
8.762102996e-05
8.762074754e-05
8.762055367e-05
8.762045403e-05
-1.502772992
-1.799717955
-2.165116896
-2.459450788
-2.094373527
-0.1697645158
7.620951727
4.824706256
2775.422741
64662.26062
58686.26977
57229.24698
53871.3946
49672.10634
45441.38511
41475.07586
37825.58548
34463.15165
31340.49301
28413.63272
25646.50408
23010.4921
20482.8479
18045.17424
15682.24479
13381.14241
11130.64092
8920.758324
6742.425987
4587.234901
2447.232888
314.7553961
8.778493887e-05
8.762234772e-05
8.762184001e-05
8.762139914e-05
8.762103379e-05
8.762075124e-05
8.762055729e-05
8.76204576e-05
-1.543477347
-2.400233696
-3.623293857
-5.249797647
-6.936420637
-8.098156562
-0.8345534932
-3.779467023
32485.48488
65586.55467
60952.28273
56130.41718
52299.99794
48506.37742
44745.73219
41120.0434
37682.22407
34440.88696
31382.70512
28486.75924
25731.26652
23096.1203
20563.54135
18117.99387
15745.86973
13435.13894
11175.03329
8955.777499
6768.363571
4604.359355
2455.74284
314.7553961
8.778299363e-05
8.762235283e-05
8.762184482e-05
8.762140371e-05
8.762103817e-05
8.762075548e-05
8.762056143e-05
8.76204617e-05
-1.378661749
-2.606452267
-4.541621974
-7.57668873
-10.86549482
-12.41595302
-5.990097289
576.72668
59593.70067
60555.41724
57422.36256
54040.009
50691.80504
47307.64977
43915.08778
40577.10059
37342.32727
34235.40329
31262.6161
28419.37122
25695.62389
23079.1227
20557.14346
18117.32923
15748.04076
13438.45263
11178.52412
8958.912126
6770.859506
4606.075069
2456.613032
314.7553961
8.778097484e-05
8.76223585e-05
8.762185016e-05
8.762140878e-05
8.762104304e-05
8.76207602e-05
8.762056605e-05
8.762046627e-05
-0.9504063676
-1.895395177
-3.342978808
-6.720435322
-12.86372855
-15.39071683
1871.384316
34381.75646
57519.05958
53750.35438
54104.13581
51915.42122
49119.52516
46117.29527
43029.83159
39930.89894
36874.52112
33895.71318
31012.91617
28232.42251
25552.67513
22967.54307
20468.51917
18046.07693
15690.45078
13392.04952
11141.64747
8930.445151
6750.05528
4592.447013
2449.867949
314.7553961
8.777890759e-05
8.762236466e-05
8.762185595e-05
8.76214143e-05
8.762104835e-05
8.762076536e-05
8.76205711e-05
8.762047127e-05
-0.5238673637
-1.145207774
-1.882898042
-3.604751161
-9.478675983
-5.930349172
34687.8976
57341.96943
56823.23901
58559.16404
53328.36701
50398.01535
47753.56158
45012.15389
42156.01157
39242.09285
36329.07773
33459.93744
30660.84193
27944.66288
25315.04927
22769.79289
20303.24972
17907.94531
15575.5749
13297.59055
11065.52096
8871.124079
6706.437617
4563.768254
2435.645408
314.7553961
8.777681766e-05
8.762237124e-05
8.762186213e-05
8.76214202e-05
8.762105404e-05
8.762077088e-05
8.762057652e-05
8.762047663e-05
-0.05439734481
-0.3204442297
-1.029386522
-1.857743586
-15.29045226
-15.74080338
4453.18856
39712.38285
55062.79917
51475.04027
50251.999
48594.67184
46484.53921
44021.73912
41339.94325
38552.33565
35739.69336
32954.04486
30225.78308
27570.27435
24993.0035
22493.26498
20066.67574
17706.81494
15406.25153
13157.16059
10951.67232
8782.051535
6640.771254
4520.521479
2414.179082
314.7553961
8.777473008e-05
8.762237818e-05
8.762186865e-05
8.762142642e-05
8.762106004e-05
8.762077673e-05
8.762058226e-05
8.762048232e-05
0.6906839884
1.002557993
1.602620647
3.454603712
5.995031978
14.52653802
45.27354681
12336.14554
51986.18519
45225.05517
47609.8972
47244.10375
45568.19109
43250.32331
40629.6622
37887.5611
35123.24786
32390.6968
29717.90736
27117.58698
24593.36277
22143.52181
19763.30582
17446.32126
15185.39394
12973.07205
10801.90744
8664.597939
6554.043024
4463.345895
2385.783132
314.7553961
8.777266868e-05
8.76223854e-05
8.762187543e-05
8.76214329e-05
8.762106631e-05
8.762078283e-05
8.762058826e-05
8.762048826e-05
1.152470178
1.840589835
2.752712134
4.726094744
5.154008613
11.64106708
35.06028964
16673.1495
50683.84818
45273.39557
47718.52308
47203.60288
45293.78034
42781.67774
40040.77434
37244.93079
34474.96597
31767.51835
29137.50112
26588.74412
24119.27625
21724.08679
19396.63588
17129.70374
14915.86908
12747.7707
10618.23916
8520.349607
6447.425859
4393.014607
2350.84131
314.7553961
8.777065508e-05
8.762239281e-05
8.762188239e-05
8.762143957e-05
8.762107277e-05
8.762078913e-05
8.762059445e-05
8.76204944e-05
0.6421762188
1.274299556
1.521795595
0.4708705393
0.2719468007
287.6198461
1585.42409
28518.39796
52028.87612
50552.75844
50787.26696
48557.95379
45621.63784
42541.80655
39506.77037
36576.34541
33764.08866
31066.84018
28475.77361
25980.5527
23570.84802
21236.84538
18969.37786
16759.92183
14600.54618
12483.84725
10402.88098
8351.095598
6322.265228
4310.424146
2309.801343
314.7553961
8.776870821e-05
8.762240035e-05
8.762188949e-05
8.762144638e-05
8.762107936e-05
8.762079558e-05
8.762060079e-05
8.762050069e-05
-0.4246292103
0.4858091196
0.9159057231
-0.2256278658
-0.3782612403
2740.256385
53555.77051
59987.75181
58266.87522
64273.92854
56319.95426
50619.2925
46093.02263
42257.12278
38868.09763
35789.51287
32938.12428
30259.91138
27718.13966
25286.78504
22946.65344
20683.00016
18484.0386
16339.99257
14242.48493
12184.13615
10158.29425
8158.846906
6180.0845
4216.594329
2263.173868
314.7553961
8.776684517e-05
8.762240796e-05
8.762189665e-05
8.762145325e-05
8.762108604e-05
8.76208021e-05
8.762060722e-05
8.762050706e-05
-1.270510319
0.5343257361
1.062709963
0.5886688503
1.066278852
430.0160665
54120.80703
64543.99869
61305.52608
73070.83907
59599.24497
51506.21453
45874.04069
41525.54226
37918.92405
34775.40574
31938.90792
29316.47498
26850.0287
24501.73397
22245.91547
20064.39397
17943.71394
15873.45812
13845.20349
11851.86344
9887.26548
7945.873798
6022.60092
4112.673916
2211.533893
314.7553961
8.776507989e-05
8.762241556e-05
8.762190381e-05
8.762146014e-05
8.762109274e-05
8.762080866e-05
8.762061368e-05
8.762051348e-05
-1.726904624
0.9991502954
0.682118281
-0.1072308488
-0.8170101368
-3.000555525
9092.289409
60974.52589
59355.86908
68225.72125
57499.94274
49932.29021
44371.38773
40052.05061
36506.58446
33454.19943
30725.55289
28216.98767
25863.70699
23624.14591
21470.81475
19384.87675
17352.89535
15364.85606
13412.94655
11490.79427
9592.98325
7714.742681
5851.741139
3999.945911
2155.522063
314.7553961
8.776342273e-05
8.762242309e-05
8.762191092e-05
8.762146699e-05
8.762109941e-05
8.76208152e-05
8.762062013e-05
8.762051988e-05
-1.700929368
1.688635835
0.437994274
-2.377007929
-6.504766902
-9.623023102
32.48324848
49640.73683
54502.81005
59081.02009
52242.58899
46351.64626
41627.17612
37804.64894
34601.09522
31809.179
29292.0473
26962.15464
24763.60739
22660.26673
20628.25456
18651.33322
16718.06525
14820.0584
12950.87207
11105.32996
9279.083861
7468.333786
5669.645161
3879.826298
2095.842965
314.7553961
8.776188305e-05
8.76224305e-05
8.762191792e-05
8.762147375e-05
8.762110601e-05
8.762082167e-05
8.762062652e-05
8.762052622e-05
-1.295900572
2.933661741
1.557770379
-1.785401789
-9.255852414
-12.63420756
-16.51742436
25996.30444
48735.02089
51134.60706
46037.78911
41604.5489
37981.01603
34938.22628
32283.90024
29889.3038
27671.23898
25575.9182
23568.24359
21624.99727
19730.5366
17874.0666
16047.9052
14246.37519
12465.0939
10700.51655
8949.642462
7209.825383
5478.650176
3753.851439
2033.25832
314.7553961
8.776046655e-05
8.762243775e-05
8.762192477e-05
8.762148036e-05
8.762111248e-05
8.762082803e-05
8.762063279e-05
8.762053246e-05
-0.9229121022
4.133480497
3.688700214
0.5403029925
-6.335200295
-16.81071044
-25.30349396
4806.783491
36038.20456
46019.19031
39169.42084
36047.74491
33754.08872
31683.28688
29706.91116
27792.83374
25927.62859
24101.9801
22308.39392
20540.87947
18794.76042
17066.42183
15353.04566
13652.37932
11962.55338
10281.94783
8609.099069
6942.637997
5281.250315
3623.651885
1968.574064
314.7553961
8.775917735e-05
8.762244476e-05
8.762193141e-05
8.76214868e-05
8.762111877e-05
8.762083422e-05
8.762063892e-05
8.762053855e-05
0.06885752974
5.748929446
7.597782961
5.647565608
3.16052399
2.117985443
6.705134615
44.93272144
4202.791242
23251.48106
28572.53883
29662.9069
29304.27235
28333.86919
27067.56632
25647.43579
24144.40842
22595.92571
21022.41427
19435.30249
17841.13584
16243.74556
14645.4093
13047.48041
11450.73544
9855.571603
8262.124251
6670.341284
5080.033809
3490.913399
1902.621652
314.7553961
8.775801819e-05
8.762245149e-05
8.762193781e-05
8.762149301e-05
8.762112487e-05
8.762084023e-05
8.762064486e-05
8.762054446e-05
-6.51861412
70.44838059
13.33848229
9.331159883
8.278492053
10.19283792
17.6300476
28.50999423
178.511182
15963.71998
22201.72081
24727.04725
25466.18624
25280.30383
24581.99937
23584.88556
22406.59382
21114.84645
19749.97568
18336.71574
16890.66699
15421.9472
13937.30006
12441.33656
10937.28091
9427.429685
7913.442785
6396.534494
4877.603983
3357.328749
1836.235194
314.7553961
8.775698922e-05
8.762245791e-05
8.762194392e-05
8.762149896e-05
8.762113072e-05
8.7620846e-05
8.762065058e-05
8.762055016e-05
-17.20633435
-5.904561365
18.22536203
9.493066184
9.623313236
11.25126717
16.95864569
25.26548477
208.6468445
16591.96973
19538.64196
21577.35119
22553.08654
22739.11994
22395.19852
21703.46853
20782.18653
19706.83646
18525.86595
17270.85285
15962.80207
14616.00965
13240.44354
11843.2257
10429.56829
9003.375934
7567.642064
6124.716804
4676.493838
3224.545781
1770.226872
314.7553961
8.77560893e-05
8.7622464e-05
8.762194973e-05
8.762150463e-05
8.76211363e-05
8.762085152e-05
8.762065605e-05
8.76205556e-05
-2.844439719
-1.450409582
7.83009703
7.461244927
9.030147678
10.35905444
13.80723935
20.58102355
236.6796828
15621.14189
17784.71779
19490.60699
20429.6591
20727.85601
20556.16687
20051.56047
19311.79872
18404.39165
17375.7379
16257.9632
15073.61319
13838.7813
12565.17726
11261.49732
9934.338848
8588.817997
7228.993778
5858.165217
4479.084974
3094.117881
1705.363441
314.7553961
8.775531576e-05
8.762246972e-05
8.762195521e-05
8.762150999e-05
8.762114159e-05
8.762085675e-05
8.762066125e-05
8.762056078e-05
-0.1762113069
1.260622427
5.14744685
6.343156057
8.522740269
9.506922476
12.58639227
17.45858889
54.29399135
12753.09761
16490.08239
18170.68046
18947.06087
19186.44633
19050.01415
18634.76435
18009.00646
17223.13737
16314.67003
15311.58571
14234.84266
13100.263
11919.9277
10703.1925
9457.421976
8188.519573
6901.312593
5599.835211
4287.540344
2967.46236
1642.346335
314.7553961
8.77546643e-05
8.762247507e-05
8.762196034e-05
8.762151502e-05
8.762114657e-05
8.762086168e-05
8.762066615e-05
8.762056567e-05
-0.1283770594
1.667939051
4.100335607
5.582909049
7.12673233
7.030780654
9.863718202
16.8651716
2168.777071
16147.59577
17251.2175
17754.95425
18001.43371
18020.82406
17822.64125
17428.43176
16866.27416
16164.42467
15348.15922
14438.80571
13453.84763
12407.4407
11311.02118
10173.87014
9003.589126
7806.483699
6587.866246
5352.294025
4103.757334
2845.830652
1581.79721
314.7553961
8.775412881e-05
8.762248003e-05
8.762196512e-05
8.762151971e-05
8.762115121e-05
8.76208663e-05
8.762067074e-05
8.762057024e-05
-0.06261148584
1.609498529
3.382692098
4.96055867
6.295578469
5.027181196
2.897512492
291.3524646
24079.85398
22512.25343
18610.15437
17596.46816
17282.87312
17072.74357
16791.25716
16390.00264
15863.18253
15220.07207
14474.67829
13641.57138
12734.24283
11764.57372
10742.79154
9677.626899
8576.534748
7445.919603
6291.340692
5117.689975
3929.343814
2730.292121
1524.249814
314.7553961
8.775370223e-05
8.76224846e-05
8.762196952e-05
8.762152405e-05
8.762115552e-05
8.762087057e-05
8.762067499e-05
8.762057448e-05
0.1897293334
1.370856509
2.54332944
3.617286398
4.56781129
4.403446792
135.7691465
12225.66201
13679.68634
17198.8159
17079.88433
16737.88263
16460.82622
16195.98902
15879.60314
15477.09438
14976.33061
14377.94844
13688.85454
12918.50217
12076.92236
11173.76477
10217.89175
9217.262298
8178.95926
7109.280715
6013.854433
4897.755211
3765.616181
2621.731152
1470.148107
314.7553961
8.775337525e-05
8.762248878e-05
8.762197356e-05
8.762152803e-05
8.762115947e-05
8.76208745e-05
8.762067891e-05
8.762057839e-05
0.2986755324
0.885019148
1.530649066
2.21115766
3.036616952
4.029939363
3513.837538
20022.54669
5134.864468
14585.96954
15771.73297
15814.33052
15626.53372
15370.75099
15054.03405
14662.39688
14187.04765
13626.48415
12984.23554
12266.60615
11481.1255
10635.61818
9737.697735
8794.524289
7812.716941
6798.352568
5757.009903
4693.835096
3613.615591
2520.855553
1419.849803
314.7553961
8.775313826e-05
8.762249256e-05
8.762197721e-05
8.762153164e-05
8.762116306e-05
8.762087808e-05
8.762068247e-05
8.762058194e-05
0.2862148985
0.4694891829
0.7540036267
1.296733622
3.133046678
19.49153519
16657.57873
24088.32655
25251.39244
17327.32263
15606.75397
15121.15505
14860.20114
14606.4158
14303.34804
13931.36814
13482.93114
12956.65465
12354.94569
11682.50905
10945.303
10149.83351
9302.707935
8410.374999
7478.990962
6514.367126
5521.967412
4506.935314
3474.137096
2428.213297
1373.633987
314.7553961
8.775297921e-05
8.762249594e-05
8.762198049e-05
8.762153487e-05
8.762116628e-05
8.762088129e-05
8.762068567e-05
8.762058513e-05
0.3148756374
0.1572731079
-0.1761713003
-0.8782186701
2.8295654
3362.405881
26768.05338
7448.293683
14691.02847
13865.45252
14206.79355
14203.31336
14086.67364
13891.33237
13621.53767
13276.75426
12856.60793
12362.20916
11796.33366
11163.1307
10467.69328
9715.655478
8912.878526
8065.233359
7178.46561
6258.123186
5309.528087
4337.777871
3347.766083
2344.214352
1331.711319
314.7553961
8.775288615e-05
8.762249893e-05
8.762198338e-05
8.762153774e-05
8.762116913e-05
8.762088413e-05
8.76206885e-05
8.762058795e-05
0.1001598349
-0.5507662457
-0.87966986
-4.079889624
1.322922972
11260.41127
17546.11963
4639.691436
9689.271578
12285.04306
13151.6356
13398.60903
13391.82226
13250.67225
13014.6799
12697.46201
12304.49246
11839.19352
11305.00074
10705.93763
10046.6349
9332.168929
8567.872139
7759.17247
6911.477094
6030.09853
5120.215316
4186.858601
3234.917104
2269.154572
1294.235407
314.7553961
8.775284616e-05
8.762250152e-05
8.762198588e-05
8.762154021e-05
8.762117161e-05
8.762088659e-05
8.762069095e-05
8.76205904e-05
-2.250409364
-2.914586179
-5.024558527
-7.664853998
396.1033135
28923.63347
-421.0675293
5312.076075
10480.62291
12406.84438
12716.07728
12847.64404
12831.30993
12704.8246
12489.01187
12193.88107
11824.66303
11385.02625
10878.49113
10308.93645
9680.692416
8998.467294
8267.22514
7492.066913
6678.135037
5830.545883
4954.347918
4054.500921
3135.87131
2203.239278
1261.314175
314.7553961
8.775284619e-05
8.762250369e-05
8.762198798e-05
8.76215423e-05
8.762117369e-05
8.762088868e-05
8.762069303e-05
8.762059246e-05
-6.384775881
-0.9844679597
-5.790286663
64.66056863
20669.05001
8041.092236
-36.28055343
3221.156047
11731.20979
12488.4087
12458.16759
12444.55989
12380.92435
12248.27398
12042.62632
11764.34799
11415.21022
10997.71309
10514.95545
9970.578465
9368.685361
8713.738529
8010.452285
7263.695876
6478.414403
5659.569927
4812.101676
3940.902734
3050.810067
2146.604855
1233.020411
314.7553961
8.775287463e-05
8.762250541e-05
8.762198966e-05
8.762154398e-05
8.762117539e-05
8.762089038e-05
8.762069473e-05
8.762059414e-05
-16.2954905
448.9496263
8237.603978
-380.3808556
5258.028032
122.6003365
45.78518185
6594.38834
12733.83123
12362.02091
12183.60915
12091.48407
11999.52843
11864.68994
11668.83639
11405.63603
11074.07587
10675.61749
10212.99489
9689.69204
9109.688096
8477.306633
7797.109029
7073.811774
6312.221551
5517.185963
4693.558367
3846.175143
2979.843438
2099.337402
1209.400975
314.7553961
8.775291877e-05
8.762250665e-05
8.762199089e-05
8.762154525e-05
8.76211767e-05
8.762089172e-05
8.762069607e-05
8.762059546e-05
2794.492026
35407.06047
9775.328731
1128.53359
109.7841208
119.3514923
492.102367
15230.76234
12772.05234
12041.80738
11822.74918
11738.21849
11660.98941
11542.09032
11362.35904
11115.24668
10799.80007
10417.6445
9971.671816
9465.463776
8903.026019
8288.649748
7626.825958
6922.183264
6179.439286
5403.362425
4598.74298
3770.37288
2923.033156
2061.488041
1190.484432
314.7553961
8.775296076e-05
8.762250738e-05
8.762199167e-05
8.762154611e-05
8.762117762e-05
8.762089269e-05
8.762069708e-05
8.762059648e-05
23495.57078
6515.53328
92.09112362
48.85263805
73.57405209
76.49141249
116.7627564
2635.326102
10921.36593
11210.39624
11327.34584
11377.62988
11364.09411
11280.29279
11123.22954
10893.15551
10592.19471
10223.4483
9790.542797
9297.423779
8748.261495
8147.400383
7499.323146
6808.619195
6079.955425
5318.050035
4527.650591
3713.517094
2880.410284
2033.084881
1176.287081
314.7553961
8.775297923e-05
8.762250759e-05
8.762199202e-05
8.762154658e-05
8.762117819e-05
8.762089331e-05
8.762069775e-05
8.762059722e-05
9.587355507
36.7449482
56.41889614
54.69514033
81.02074218
78.54073918
87.97649863
8183.631234
9998.17855
10551.05537
10898.59139
11080.83926
11137.43845
11091.7279
10957.07851
10741.91597
10452.33746
10093.37201
9669.587244
9185.386807
8645.155881
8053.327944
7414.40896
6732.978463
6013.678926
5261.200405
4480.264703
3675.611563
2851.988106
2014.141898
1166.817439
314.7553961
8.775301002e-05
8.762250742e-05
8.762199212e-05
8.762154676e-05
8.762117845e-05
8.762089361e-05
8.762069808e-05
8.762059763e-05
14.08654737
37.64240308
53.73193279
58.65849915
83.45358342
73.43836617
162.870434
3345.847061
9104.720969
10097.04616
10635.10808
10909.67576
11013.06726
10992.07331
10871.40899
10665.05794
10381.83046
10028.07678
9609.008234
9129.340919
8593.608027
8006.307836
7371.968539
6695.170532
5980.547365
5232.776858
4456.568897
3656.653486
2837.770955
2004.665098
1162.079311
314.7553961
8.775282268e-05
8.762250707e-05
8.762199228e-05
8.762154683e-05
8.762117852e-05
8.762089367e-05
8.762069811e-05
8.762059773e-05
)
;

boundaryField
{
    lowerWall
    {
        type            fixedFluxPressure;
        gradient        uniform 0;
        value           nonuniform List<scalar> 
80
(
8.762068815e-05
8.762068756e-05
8.762068624e-05
8.762068429e-05
8.76206818e-05
8.762067873e-05
8.762067503e-05
8.762067069e-05
8.762066571e-05
8.762066012e-05
8.762065396e-05
8.762064726e-05
8.762064007e-05
8.762063243e-05
8.762062437e-05
8.762061594e-05
8.76206072e-05
8.762059817e-05
8.762058893e-05
8.762057951e-05
8.762056999e-05
8.762056041e-05
8.762055083e-05
8.762054133e-05
8.762053196e-05
8.762052279e-05
8.762051388e-05
8.76205053e-05
8.76204971e-05
8.762048935e-05
8.76204821e-05
8.76204754e-05
8.762046929e-05
8.762046383e-05
8.762045903e-05
8.762045494e-05
8.762045157e-05
8.762044894e-05
8.762044706e-05
8.762044592e-05
8.762044553e-05
8.762044587e-05
8.762044692e-05
8.762044865e-05
8.762045103e-05
8.762045403e-05
8.76204576e-05
8.76204617e-05
8.762046627e-05
8.762047127e-05
8.762047663e-05
8.762048232e-05
8.762048826e-05
8.76204944e-05
8.762050069e-05
8.762050706e-05
8.762051348e-05
8.762051988e-05
8.762052622e-05
8.762053246e-05
8.762053855e-05
8.762054446e-05
8.762055016e-05
8.76205556e-05
8.762056078e-05
8.762056567e-05
8.762057024e-05
8.762057448e-05
8.762057839e-05
8.762058194e-05
8.762058513e-05
8.762058795e-05
8.76205904e-05
8.762059246e-05
8.762059414e-05
8.762059546e-05
8.762059648e-05
8.762059722e-05
8.762059763e-05
8.762059773e-05
)
;
    }
    atmosphere
    {
        type            totalPressure;
        rho             rho;
        psi             none;
        gamma           1;
        p0              uniform 0;
        value           nonuniform List<scalar> 
80
(
-1.003758466
-1.500495333
-2.224812336
-2.451522217
-2.533644853
0
0
0
0
-0.2833950099
-0.4301573416
-0.1786335682
-0.07333779504
-0.4999093326
-0.3241321059
0
0
0
0
-0.01016650547
-0.2701908215
-0.442870776
-0.424761601
-0.3364180265
-0.1527197595
0
0
0
0
-0.002324840038
-0.3731151295
-1.212382821
-1.896698177
-2.075564891
-1.748875099
-1.078171059
-0.4721985163
-0.2312208553
-0.2194530799
-0.2999948712
-0.4370908417
-0.6149471943
-0.8138268388
-1.015575111
-1.206069062
-1.325145692
-1.388557576
-1.239251637
-1.019830196
-0.8004117396
-0.4923356488
-0.2467526172
-0.1289639433
-0.2079868825
-0.4980596827
-0.6351136244
-0.4574138234
-0.1699062982
-0.002261276594
0
0
0
0
0
-0.001454215952
-0.01619796267
-0.0004708908234
0
0
0
0
0
-0.1825746294
-1.476161416
-0.8614230034
0
0
0
0
0
)
;
    }
    rightWall
    {
        type            empty;
    }
    leftWall
    {
        type            empty;
    }
    frontAndBack
    {
        type            fixedFluxPressure;
        gradient        nonuniform List<scalar> 
80
(
2.182725002e-06
6.548174999e-06
0.007652211726
5.761825857e-05
1.964452655e-05
2.400997691e-05
-7614.58374
0
0
0
0
0
0
0
0
0
0
0
0
0
0
0
0
0
0
0
0
0
0
0
0
0
0.0001418773777
0.000146242575
0.0001506080248
0.0001549734751
0.000159338925
0.0001637043748
0.000168069825
0.000172435275
2.182725196e-06
6.548175581e-06
1.091362604e-05
1.527907645e-05
1.964452655e-05
2.400997562e-05
-3600.883679
-5262.754018
0
0
0
0
0
0
0
0
0
0
0
0
0
0
0
0
0
0
0
0
0
0
0
0
0.0001418773852
0.000146242575
0.000150608025
0.000154973475
0.000159338925
0.000163704375
0.000168069825
0.0001724352752
)
;
        value           nonuniform List<scalar> 
80
(
-2.953127546
0.2267535499
1169.058221
-7.069456103
-5.860282344
-6.715882627
547.1891014
10047.69784
9347.828712
8853.372679
8506.103595
8229.304341
7975.331566
7719.840013
7451.552717
7165.566887
6859.877136
6533.79267
6187.291101
5820.7749
5434.974425
5030.892504
4609.756568
4172.972333
3722.081063
3258.722673
2784.60555
2301.483034
1811.136114
1315.361644
815.9649467
314.7553961
8.775797252e-05
8.763173986e-05
8.763149677e-05
8.763132375e-05
8.763122804e-05
8.763121581e-05
8.763129294e-05
8.763146536e-05
14.08654737
37.64240308
53.73193279
58.65849915
83.45358342
73.43836617
162.6453788
3345.518139
9104.720969
10097.04616
10635.10808
10909.67576
11013.06726
10992.07331
10871.40899
10665.05794
10381.83046
10028.07678
9609.008234
9129.340919
8593.608027
8006.307836
7371.968539
6695.170532
5980.547365
5232.776858
4456.568897
3656.653486
2837.770955
2004.665098
1162.079311
314.7553961
8.776169001e-05
8.763164723e-05
8.763140528e-05
8.763123267e-05
8.763113721e-05
8.763112519e-05
8.763120247e-05
8.763137494e-05
)
;
    }
}


// ************************************************************************* //
