/*--------------------------------*- C++ -*----------------------------------*\
| =========                 |                                                 |
| \\      /  F ield         | OpenFOAM: The Open Source CFD Toolbox           |
|  \\    /   O peration     | Version:  2506                                  |
|   \\  /    A nd           | Website:  www.openfoam.com                      |
|    \\/     M anipulation  |                                                 |
\*---------------------------------------------------------------------------*/
FoamFile
{
    version     2.0;
    format      ascii;
    arch        "LSB;label=32;scalar=64";
    class       volScalarField;
    location    "0.008";
    object      Qv;
}
// * * * * * * * * * * * * * * * * * * * * * * * * * * * * * * * * * * * * * //

dimensions      [1 0 -3 0 0 0 0];

internalField   nonuniform List<scalar> 
3200
(
13565672.89
13861895.3
13985719.37
13528621.1
11199661.63
9109805.684
8908828.501
7604116.785
3372559.49
571498.0573
47641.26303
6133.578123
2269.303291
1637.50516
1505.813167
1478.508687
1473.314521
1472.419956
1472.279833
1472.259716
1472.257048
1472.256717
1472.256668
1472.256612
1472.256385
1472.255495
1472.252338
1472.242341
1472.214359
1472.145839
1472.000493
1471.735297
1471.735572
1471.747035
1471.756912
1471.76518
1471.771819
1471.776812
1471.780148
1471.781817
13274327.27
13414460.96
13682912.16
12696356.39
10877859.19
8502204.993
8151936.756
6579705.909
2792110.467
469770.0192
41615.07644
5814.38952
2240.572293
1634.264809
1505.587567
1478.549236
1473.337128
1472.426312
1472.28123
1472.259981
1472.257093
1472.256724
1472.256669
1472.256612
1472.256385
1472.255495
1472.252338
1472.242341
1472.214359
1472.145839
1472.000493
1471.735297
1471.735572
1471.747035
1471.756912
1471.76518
1471.771819
1471.776812
1471.780148
1471.781817
12848983.15
12873694.33
12847377.94
12172167.64
10754694.27
8399914.139
8167804.807
5634613.861
2122946.141
357197.6491
34840.60243
5457.815806
2214.473599
1633.601341
1506.398664
1478.907107
1473.441039
1472.450889
1472.286294
1472.260919
1472.257252
1472.256749
1472.256673
1472.256612
1472.256385
1472.255495
1472.252338
1472.242341
1472.214359
1472.145839
1472.000493
1471.735297
1471.735572
1471.747035
1471.756912
1471.76518
1471.771819
1471.776812
1471.780148
1471.781817
12403677.12
12388484.95
12293690.71
11836646.21
10869171.43
9249119.534
9045191.489
4949102.569
1627346.676
294724.3288
32231.40472
5470.906142
2252.139908
1648.940703
1511.519244
1480.366596
1473.803852
1472.531233
1472.30241
1472.263883
1472.257757
1472.256829
1472.256685
1472.256614
1472.256385
1472.255495
1472.252338
1472.242341
1472.214359
1472.145839
1472.000493
1471.735297
1471.735572
1471.747035
1471.756912
1471.76518
1471.771819
1471.776812
1471.780148
1471.781817
11993174.84
11964339.1
11875486.3
11585578.25
11060351.88
10833199.45
10972889.28
5645778.265
1799408.246
328834.6783
38149.6481
6367.481266
2447.490611
1704.070186
1527.53822
1484.677367
1474.85176
1472.761865
1472.348734
1472.272442
1472.259221
1472.257062
1472.256719
1472.256619
1472.256386
1472.255495
1472.252338
1472.242341
1472.214359
1472.145839
1472.000493
1471.735297
1471.735572
1471.747035
1471.756912
1471.76518
1471.771819
1471.776812
1471.780148
1471.781817
11669635.46
11611679.87
11498932.18
11239333.52
10659747.55
8984699.043
8369155.828
4539811.05
1709632.939
405236.572
56622.19772
9125.871043
2990.717542
1846.948279
1567.992886
1495.53453
1477.505157
1473.349869
1472.467571
1472.294506
1472.26301
1472.257667
1472.25681
1472.256632
1472.256388
1472.255495
1472.252338
1472.242341
1472.214359
1472.145839
1472.000493
1471.735297
1471.735572
1471.747035
1471.756912
1471.76518
1471.771819
1471.776812
1471.780147
1471.781817
11482224.78
11393436.81
11218548.08
10891480.25
10263911.84
9006611.125
7429433.56
5069958.205
2010142.616
649829.8892
117054.7734
17898.6348
4454.503472
2184.216864
1658.28715
1519.446318
1483.358119
1474.652967
1472.732009
1472.343736
1472.271475
1472.25902
1472.257012
1472.25666
1472.256392
1472.255496
1472.252338
1472.242341
1472.214359
1472.145839
1472.000493
1471.735297
1471.735572
1471.747035
1471.756912
1471.76518
1471.771819
1471.776812
1471.780147
1471.781817
11533164.1
11476976.87
11362467.31
11160172.31
10831455.93
10386673.01
10422155.69
9951658.568
3488290.566
1278943.348
299229.9685
45723.62893
8278.422456
2899.634804
1830.994854
1563.786499
1494.179504
1477.072124
1473.225034
1472.435784
1472.287323
1472.261552
1472.257389
1472.256713
1472.256398
1472.255497
1472.252338
1472.242341
1472.214359
1472.145839
1472.000493
1471.735297
1471.735572
1471.747035
1471.756912
1471.76518
1471.771819
1471.776812
1471.780147
1471.781817
11780995.62
11842365.39
11944035.91
12060053.52
12144799.28
12349301.9
12629961.94
12632867.68
4965616.637
2085699.643
647235.3823
112773.2278
16754.73957
4179.75831
2101.248448
1630.180155
1510.31766
1480.703813
1473.970406
1472.575644
1472.311469
1472.265412
1472.257964
1472.256793
1472.256409
1472.255498
1472.252338
1472.242341
1472.214359
1472.145839
1472.000493
1471.735297
1471.735572
1471.747035
1471.756912
1471.76518
1471.771819
1471.776812
1471.780147
1471.781817
12007786.81
12134631.45
12386234.75
12714972.86
12944936.61
12858799.93
12710889.78
12636117.11
10837016.51
2786100.496
952896.1732
202788.5685
29613.25608
5915.904619
2428.251853
1707.32656
1529.082012
1484.976965
1474.857565
1472.743491
1472.34059
1472.270078
1472.258659
1472.256889
1472.256422
1472.2555
1472.252339
1472.242341
1472.214359
1472.145839
1472.000493
1471.735297
1471.735572
1471.747035
1471.756912
1471.76518
1471.771819
1471.776812
1471.780147
1471.781817
12253591.97
12414377
12768654.37
13304098.15
13767890.04
13481359.69
13378199.33
13426997.95
12836859.56
3174173.918
978577.859
260472.448
41482.11038
7571.785734
2724.097032
1775.682889
1545.849649
1488.858062
1475.674869
1472.899636
1472.367826
1472.274448
1472.259308
1472.256979
1472.256433
1472.255501
1472.252339
1472.242341
1472.214359
1472.145839
1472.000493
1471.735297
1471.735572
1471.747035
1471.756912
1471.76518
1471.771819
1471.776812
1471.780147
1471.781817
12522216.59
12736942.61
13244535.34
13903883.71
13912117.75
13908999.01
13504265.37
13250057.15
12637233.63
4355086.617
1142446.352
318669.9662
51906.87891
8918.773581
2946.667346
1825.18433
1557.905472
1491.657922
1476.266498
1473.012664
1472.387456
1472.277571
1472.259766
1472.257042
1472.256441
1472.255502
1472.252339
1472.242341
1472.214359
1472.145839
1472.000493
1471.735297
1471.735572
1471.747035
1471.756912
1471.76518
1471.771819
1471.776812
1471.780147
1471.781817
12785647.89
13058447.65
13711453.86
13910954.49
13922006.03
13913022.22
13663929.56
13080444.56
12242764.4
5349239.673
1672515.37
435296.5136
65113.51441
10162.73999
3114.891582
1858.732991
1565.621586
1493.385881
1476.620324
1473.078021
1472.398366
1472.279225
1472.259995
1472.257071
1472.256445
1472.255502
1472.252339
1472.242341
1472.214359
1472.145839
1472.000493
1471.735297
1471.735572
1471.747035
1471.756912
1471.76518
1471.771819
1471.776812
1471.780147
1471.781817
12987633.02
13183540.95
13586442.93
13937560.39
13963290.66
13983827.92
13906707.79
13686832.04
12315978.06
7522312.834
2731906.436
631089.0382
82587.83881
11452.4388
3259.971009
1884.47239
1571.085038
1494.526159
1476.83663
1473.114418
1472.403746
1472.279914
1472.260069
1472.257076
1472.256445
1472.255502
1472.252339
1472.242341
1472.214359
1472.145839
1472.000493
1471.735297
1471.735572
1471.747035
1471.756912
1471.76518
1471.771818
1471.776812
1471.780147
1471.781817
13169087.29
13329162.87
13630260.73
13964929.43
14078446.2
14079552.45
14063776.09
13980556.54
13637033.69
10476318.34
4280363.884
892521.0221
103999.3264
12920.89458
3417.667049
1911.711137
1576.721031
1495.661213
1477.041052
1473.146302
1472.407934
1472.280347
1472.260095
1472.257075
1472.256444
1472.255502
1472.252339
1472.242341
1472.214359
1472.145839
1472.000493
1471.735297
1471.735572
1471.747035
1471.756912
1471.76518
1471.771818
1471.776812
1471.780147
1471.781817
13339786.47
13468623.06
13700105.83
13952009.61
14091084.93
14102927.61
14107056.27
14086120.69
13592390.99
11692790.59
5007550.461
1084898.366
125839.7341
14683.46293
3616.890299
1946.446084
1583.87254
1497.085204
1477.294058
1473.185277
1472.413016
1472.280876
1472.26013
1472.257073
1472.256443
1472.255502
1472.252339
1472.242341
1472.214359
1472.145839
1472.000493
1471.735297
1471.735572
1471.747035
1471.756912
1471.76518
1471.771818
1471.776812
1471.780147
1471.781817
13503195.73
13630103.92
13842676.55
14067622.67
14246602.12
14381868.08
14426872.61
14216843.09
14186103.76
12542144.13
5265699.982
1228690.409
149900.0596
16838.0553
3854.264195
1985.958301
1591.673888
1498.576956
1477.547916
1473.222467
1472.417548
1472.281295
1472.260148
1472.25707
1472.256442
1472.255502
1472.252339
1472.242341
1472.214359
1472.145839
1472.000492
1471.735297
1471.735572
1471.747035
1471.756912
1471.76518
1471.771818
1471.776812
1471.780147
1471.781817
13629780.09
13750672.1
13948273.52
14161709.02
14378351.68
14607323.71
14845670.81
15151509.82
15752556.98
15804697.71
5620303.745
1360523.347
175566.1979
19086.50115
4076.186646
2018.871793
1597.455213
1499.534272
1477.679482
1473.235257
1472.417778
1472.281035
1472.260069
1472.257054
1472.256439
1472.255501
1472.252339
1472.242341
1472.214359
1472.145839
1472.000492
1471.735297
1471.735572
1471.747035
1471.756912
1471.76518
1471.771818
1471.776812
1471.780147
1471.781817
13727421.54
13819868.38
13986291.47
14195980.37
14436911.23
14694759.61
14937612.46
15131547.36
15317993.87
15326773.47
5979492.752
1505771.845
197725.5621
20660.57375
4192.305418
2029.790403
1597.947878
1499.256231
1477.54987
1473.198714
1472.409643
1472.279491
1472.25981
1472.257015
1472.256433
1472.2555
1472.252339
1472.242341
1472.214359
1472.145839
1472.000492
1471.735297
1471.735571
1471.747035
1471.756912
1471.76518
1471.771818
1471.776811
1471.780147
1471.781817
13857476.31
13925567.9
14057071.54
14239814.98
14465904.6
14712388.55
14914224.12
14947052.1
14617836.35
14268192.99
6249126.352
1632665.86
208779.9649
20826.0234
4137.099373
2009.320292
1591.363402
1497.39636
1477.097907
1473.103249
1472.39181
1472.276499
1472.259354
1472.256951
1472.256425
1472.2555
1472.252339
1472.242341
1472.214359
1472.145838
1472.000492
1471.735297
1471.735571
1471.747035
1471.756912
1471.76518
1471.771818
1471.776811
1471.780147
1471.781817
14047767.49
14100499.63
14208912.7
14367379.55
14566536.67
14781538.43
14937065.48
14896570.96
14506461.6
14325359.02
6395472.701
1653121.605
198603.4037
19088.36808
3883.394858
1954.798594
1577.476912
1493.990472
1476.348529
1472.956558
1472.366047
1472.272397
1472.258756
1472.256871
1472.256415
1472.255498
1472.252338
1472.242341
1472.214359
1472.145838
1472.000492
1471.735297
1471.735571
1471.747034
1471.756912
1471.76518
1471.771818
1471.776811
1471.780147
1471.781817
14304695.34
14352740.74
14449528.04
14587690.87
14759724.87
14934277.08
15027500.82
14910812.31
14483762.59
14342902.05
6312484.835
1506992.608
162645.0214
15488.35962
3445.692438
1869.20559
1557.313282
1489.377259
1475.392921
1472.778994
1472.336253
1472.267843
1472.258116
1472.256787
1472.256405
1472.255497
1472.252338
1472.242341
1472.214359
1472.145838
1472.000492
1471.735297
1471.735571
1471.747034
1471.756912
1471.76518
1471.771818
1471.776811
1471.780147
1471.781817
14626830.14
14675931.91
14768554.5
14899353.68
15052232.9
15176927.77
15171971.53
14926623.78
14349168.56
14167116.16
5862857.066
1187550.495
109659.6018
10982.8246
2906.349799
1765.181245
1533.86011
1484.296318
1474.394782
1472.602263
1472.30786
1472.263669
1472.257551
1472.256716
1472.256397
1472.255496
1472.252338
1472.242341
1472.214359
1472.145838
1472.000492
1471.735297
1471.735571
1471.747034
1471.756912
1471.76518
1471.771818
1471.776811
1471.780147
1471.781817
15014006.16
15072983.16
15188489.52
15344040.92
15490425.96
15549059.93
15389939.16
14956635.7
14158917.03
13925627.58
5116655.289
797850.4132
60922.23126
7045.329962
2394.640228
1663.437564
1511.538903
1479.685078
1473.532868
1472.456632
1472.285449
1472.260503
1472.257137
1472.256666
1472.256391
1472.255496
1472.252338
1472.242341
1472.214359
1472.145838
1472.000492
1471.735296
1471.735571
1471.747034
1471.756912
1471.76518
1471.771818
1471.776811
1471.780147
1471.781817
15485023.82
15592875.2
15794389.28
16056108.02
16270531.02
16187970.93
15811792.9
15138455.46
13966335.21
13617750.09
4293340.042
478812.3053
30642.60286
4495.742134
2012.551895
1583.785229
1494.42193
1476.295439
1472.92734
1472.358646
1472.270963
1472.25853
1472.256888
1472.256637
1472.256388
1472.255495
1472.252338
1472.242341
1472.214359
1472.145838
1472.000492
1471.735296
1471.735571
1471.747034
1471.756912
1471.765179
1471.771818
1471.776811
1471.780147
1471.781817
16070718.67
16302963.66
16767646.7
17446146.23
17842229.84
17457705.41
16842066.05
15790440.25
13894332.18
13261468.19
3620763.425
293948.0126
16936.07377
3206.828377
1788.46567
1535.151164
1484.15596
1474.3312
1472.588983
1472.305764
1472.263395
1472.257531
1472.256765
1472.256623
1472.256386
1472.255495
1472.252338
1472.242341
1472.214359
1472.145839
1472.000492
1471.735296
1471.735571
1471.747034
1471.756912
1471.765179
1471.771818
1471.776811
1471.780147
1471.781817
16812599.78
17335089.87
18490063.58
20312600.78
21078096.11
19869427.34
18955203.38
17375168.76
14230512.54
12890967.05
3148712.772
203698.8856
11482.99615
2640.409186
1680.343534
1511.360944
1479.237425
1473.416554
1472.43579
1472.282436
1472.260136
1472.257109
1472.256715
1472.256617
1472.256386
1472.255495
1472.252338
1472.242341
1472.214359
1472.145839
1472.000492
1471.735296
1471.735571
1471.747034
1471.756912
1471.765179
1471.771818
1471.776811
1471.780147
1471.781817
17622248.78
18492668.91
20491892.29
21831731.53
21849373.77
21935128.67
21465195.75
20214288.06
15672112.25
12781813.98
2922454.661
168013.486
9467.239385
2414.73189
1635.385749
1501.502005
1477.23725
1473.052155
1472.375877
1472.273457
1472.258898
1472.256951
1472.256696
1472.256615
1472.256386
1472.255495
1472.252338
1472.242341
1472.214359
1472.145839
1472.000492
1471.735296
1471.735571
1471.747034
1471.756911
1471.765179
1471.771818
1471.776811
1471.780147
1471.781817
18209745.23
19009586.42
20885972.91
21843191.19
21853095.08
21951866.98
22271900.47
20738078.72
20084601.05
14376204.09
3030122.085
167449.7981
9014.068816
2341.864291
1618.812743
1497.70002
1476.456107
1472.909646
1472.352488
1472.269958
1472.258416
1472.25689
1472.256689
1472.256614
1472.256385
1472.255495
1472.252338
1472.242341
1472.214359
1472.145839
1472.000492
1471.735296
1471.735571
1471.747034
1471.756911
1471.765179
1471.771818
1471.776811
1471.780147
1471.781817
18632506.89
19175416.7
20249480.42
21360050.44
21769305.15
21820233.71
22055965.89
21972694.8
21564190.5
16432391.64
3352121.099
187318.1848
9321.844059
2335.799521
1613.407354
1496.072653
1476.087554
1472.839837
1472.340863
1472.268207
1472.258173
1472.256858
1472.256685
1472.256614
1472.256385
1472.255495
1472.252338
1472.242341
1472.214359
1472.145839
1472.000492
1471.735296
1471.735571
1471.747034
1471.756911
1471.765179
1471.771818
1471.776811
1471.780147
1471.781817
18991021.85
19333957.33
19981188.26
20661972.37
21106713.81
21247751.99
21313210.23
21892366.09
21044383.59
17485939.86
3872040.789
224395.9551
10146.85845
2367.401195
1613.434445
1495.353587
1475.870789
1472.794633
1472.333046
1472.267011
1472.258006
1472.256837
1472.256682
1472.256613
1472.256385
1472.255495
1472.252338
1472.242341
1472.214359
1472.145839
1472.000492
1471.735296
1471.735571
1471.747034
1471.756911
1471.765179
1471.771818
1471.776811
1471.780147
1471.781817
19298987.32
19499733.78
19882272.41
20298517.48
20597181.16
20573540.81
20118843.2
19758864.42
19390873.39
17984467.54
4626649.582
286059.7798
11594.671
2435.967835
1618.292813
1495.363183
1475.760086
1472.7642
1472.327226
1472.26608
1472.257873
1472.256819
1472.25668
1472.256613
1472.256385
1472.255495
1472.252338
1472.242341
1472.214359
1472.145839
1472.000492
1471.735296
1471.735571
1471.747034
1471.756911
1471.765179
1471.771818
1471.776811
1471.780147
1471.781817
19589721
19698407.54
19906525.82
20135998.92
20238445.58
19950536.29
18810866.37
17457274.29
17698998.56
17518995.45
6128413.584
414787.6341
14045.43645
2534.566639
1625.449393
1495.624547
1475.682954
1472.738876
1472.322208
1472.265269
1472.257758
1472.256804
1472.256678
1472.256613
1472.256385
1472.255495
1472.252338
1472.242341
1472.214359
1472.145839
1472.000492
1471.735296
1471.735571
1471.747034
1471.756911
1471.765179
1471.771818
1471.776811
1471.780147
1471.781817
19895142.05
19947339.47
20039687.8
20122858.56
20048353.01
19441336.82
17194240.06
15689463.17
16494485.36
16528579.41
11895531.1
885829.0484
20302.02149
2717.726358
1637.065829
1496.0964
1475.606155
1472.712647
1472.31719
1472.264486
1472.257649
1472.25679
1472.256677
1472.256613
1472.256385
1472.255495
1472.252338
1472.242341
1472.214359
1472.145839
1472.000492
1471.735296
1471.735571
1471.747034
1471.756911
1471.765179
1471.771818
1471.776811
1471.780147
1471.781817
20235673.64
20252475.4
20270070.17
20248687.22
20057863.91
19296623.76
16663401.55
15371141.76
15201823.65
14163354.4
11955739.87
3067445.933
34492.99204
3047.509073
1658.363251
1497.29423
1475.57099
1472.688028
1472.312249
1472.263723
1472.257545
1472.256777
1472.256675
1472.256612
1472.256385
1472.255495
1472.252338
1472.242341
1472.214359
1472.145839
1472.000492
1471.735296
1471.735571
1471.747034
1471.756911
1471.765179
1471.771818
1471.776811
1471.780147
1471.781817
20619182.52
20611849.48
20581486.65
20499550.5
20288532.02
19764688.53
18635478.03
17891204.59
14902668.77
15237013.54
15718197.43
18142854.67
120126.3366
3769.920664
1697.364455
1499.928149
1475.650442
1472.671981
1472.307977
1472.263022
1472.257448
1472.256765
1472.256674
1472.256612
1472.256385
1472.255495
1472.252338
1472.242341
1472.214359
1472.145839
1472.000492
1471.735296
1471.735571
1471.747034
1471.756911
1471.765179
1471.771818
1471.776811
1471.780147
1471.781817
21055482.13
21030130.09
20970631.18
20855740.41
20651455.76
20244344.07
19461241.69
18523610.2
17326498.02
18665393.08
20642624.94
25906945.04
413478.4266
4857.153709
1736.231831
1502.335122
1475.726234
1472.657841
1472.304099
1472.262381
1472.257359
1472.256754
1472.256672
1472.256612
1472.256385
1472.255495
1472.252338
1472.242341
1472.214359
1472.145839
1472.000492
1471.735296
1471.735571
1471.747034
1471.756911
1471.765179
1471.771818
1471.776811
1471.780147
1471.781817
21551331.66
21515184.44
21440493.2
21320070.8
21166298.18
20925048.09
20614148.1
20638906.6
21831455.89
24360691.95
26630277.73
27645201.73
1121615.22
6979.227586
1789.161329
1504.524083
1475.71969
1472.636039
1472.299874
1472.26176
1472.257278
1472.256744
1472.256671
1472.256612
1472.256385
1472.255495
1472.252338
1472.242341
1472.214359
1472.145839
1472.000492
1471.735296
1471.735571
1471.747034
1471.756911
1471.765179
1471.771818
1471.776811
1471.780147
1471.781817
22106825.56
22066919.06
21989194.13
21884195.17
21797558.23
21725027.11
21769702.56
22360892.2
24033248.64
25958037.35
27711797.48
28128606.58
3134931.964
12877.99949
1918.093898
1511.504825
1476.004818
1472.630481
1472.296685
1472.261238
1472.257209
1472.256736
1472.25667
1472.256612
1472.256385
1472.255495
1472.252338
1472.242341
1472.214359
1472.145839
1472.000492
1471.735296
1471.735571
1471.747034
1471.756911
1471.765179
1471.771818
1471.776811
1471.780147
1471.781817
22713496.13
22672568.82
22603629.73
22525460.28
22497675.98
22551752.2
22812899.72
23596044.28
24997106.8
26392705.18
27427495.86
27650826.43
7202605.258
29063.28693
2154.789789
1525.267681
1476.782305
1472.657862
1472.295695
1472.260883
1472.257155
1472.256729
1472.256669
1472.256612
1472.256385
1472.255495
1472.252338
1472.242341
1472.214359
1472.145839
1472.000492
1471.735296
1471.735571
1471.747034
1471.756911
1471.765179
1471.771818
1471.776811
1471.780147
1471.781817
23349638.81
23313769.84
23260424.87
23215313.14
23239288.47
23386023.14
23767743.62
24562291
25685407.65
26597861.66
26292553.87
25634088.99
11927081.48
57424.49593
2342.522519
1531.26964
1476.827981
1472.632478
1472.291751
1472.260417
1472.257103
1472.256723
1472.256669
1472.256612
1472.256385
1472.255495
1472.252338
1472.242341
1472.214359
1472.145839
1472.000492
1471.735296
1471.735571
1471.747034
1471.756911
1471.765179
1471.771818
1471.776811
1471.780147
1471.781817
23991380.58
23963367.88
23928071.61
23916913.73
23988285.27
24207485.73
24667330.53
25461301.57
26479262.58
27281699.03
27017327.51
25980707.52
12813221.2
90835.42455
2487.521647
1531.802718
1476.344883
1472.569653
1472.285877
1472.259895
1472.257053
1472.256718
1472.256668
1472.256612
1472.256385
1472.255495
1472.252338
1472.242341
1472.214359
1472.145839
1472.000493
1471.735296
1471.735571
1471.747034
1471.756911
1471.765179
1471.771818
1471.776811
1471.780147
1471.781817
24609819.11
24590058.72
24571212.7
24587911.38
24697882.96
24974077.48
25499298.21
26324213.64
27350655.21
28313157.61
29048708.17
29328743.97
14080585.56
73610.39817
2333.701522
1521.422269
1475.466926
1472.500577
1472.280623
1472.259464
1472.257012
1472.256713
1472.256668
1472.256612
1472.256385
1472.255495
1472.252338
1472.242341
1472.214359
1472.145839
1472.000493
1471.735296
1471.735571
1471.747034
1471.756911
1471.765179
1471.771818
1471.776811
1471.780147
1471.781817
25178559.48
25165539.57
25158141.93
25191020.9
25322696
25632985.59
26205182.93
27069080.51
28114839.93
29070250.78
29815194.16
30415976.54
12004251.1
17971.79659
1806.718598
1492.546778
1473.784361
1472.409751
1472.275504
1472.2591
1472.256977
1472.25671
1472.256667
1472.256612
1472.256385
1472.255495
1472.252338
1472.242341
1472.214359
1472.145839
1472.000493
1471.735296
1471.735571
1471.747034
1471.756911
1471.765179
1471.771818
1471.776811
1471.780147
1471.781817
25678548.33
25669578.65
25666393.79
25701193.47
25831766.63
26142428.52
26724554.58
27605727.99
28698082.35
29379603.35
29489666.12
26668595.1
448812.9927
2943.246643
1547.607596
1478.852133
1473.059798
1472.370406
1472.272812
1472.258841
1472.256947
1472.256706
1472.256667
1472.256612
1472.256385
1472.255495
1472.252338
1472.242341
1472.214359
1472.145839
1472.000493
1471.735296
1471.735571
1471.747034
1471.756911
1471.765179
1471.771818
1471.776811
1471.780147
1471.781817
26099390.76
26091802.07
26085400.98
26108758.83
26215767.93
26485422.54
26995052.05
27707502.36
28475173.78
28775058.87
16598629.84
1592680.077
4647.896381
1656.204316
1495.443186
1476.005843
1472.882178
1472.355363
1472.27107
1472.258614
1472.256918
1472.256702
1472.256666
1472.256612
1472.256385
1472.255495
1472.252338
1472.242341
1472.214359
1472.145839
1472.000493
1471.735296
1471.735571
1471.747034
1471.756911
1471.765179
1471.771818
1471.776811
1471.780147
1471.781817
26437820.46
26429516.05
26412694.4
26414377.29
26486934.43
26709504.09
27154904.64
27630546.47
27468764.24
27511347.86
544878.8043
6094.348032
1918.009307
1555.40493
1489.11462
1475.481463
1472.819803
1472.346181
1472.269687
1472.258417
1472.256892
1472.256699
1472.256666
1472.256612
1472.256385
1472.255495
1472.252338
1472.242341
1472.214359
1472.145839
1472.000493
1471.735296
1471.735571
1471.747034
1471.756911
1471.765179
1471.771818
1471.776811
1471.780147
1471.781817
26694177.43
26678378.56
26644648.25
26619535.72
26655821.98
26862043.93
27460389.38
28972213.44
29340285.04
15077116.13
38595.58325
3350.919103
1825.803462
1550.050005
1488.586043
1475.376899
1472.795905
1472.34133
1472.26883
1472.258283
1472.256873
1472.256697
1472.256666
1472.256611
1472.256385
1472.255495
1472.252338
1472.242341
1472.214359
1472.145839
1472.000493
1471.735296
1471.735571
1471.747034
1471.756912
1471.765179
1471.771818
1471.776811
1471.780147
1471.781817
26880725.92
26849903.43
26786249.61
26718106.35
26696759.8
26784300.03
26935542.9
27205013.91
27398679.79
1593214.547
24587.7958
3499.879975
1849.301212
1552.792524
1488.718584
1475.3296
1472.776916
1472.336866
1472.268
1472.258151
1472.256854
1472.256694
1472.256666
1472.256611
1472.256385
1472.255495
1472.252338
1472.242341
1472.214359
1472.145839
1472.000493
1471.735296
1471.735571
1471.747034
1471.756912
1471.76518
1471.771818
1471.776811
1471.780147
1471.781817
27016252.3
26967882.95
26868018.94
26748657.16
26667049.93
26645812.13
26643751.32
27158734.02
23346321.12
2023297.693
42157.88838
3984.712969
1872.138773
1551.219529
1487.600055
1475.019285
1472.711834
1472.325343
1472.266203
1472.257898
1472.256822
1472.256691
1472.256665
1472.256611
1472.256385
1472.255495
1472.252338
1472.242341
1472.214359
1472.145839
1472.000493
1471.735296
1471.735571
1471.747034
1471.756912
1471.76518
1471.771818
1471.776811
1471.780147
1471.781817
27119052.48
27055172.61
26926513.91
26777837.51
26649055.97
26564214.45
26563255.51
26585761.45
20909000.74
3357728.7
75136.00696
4594.804156
1883.253463
1544.38961
1485.100281
1474.426128
1472.598104
1472.306516
1472.263426
1472.257526
1472.256776
1472.256685
1472.256665
1472.256611
1472.256385
1472.255495
1472.252338
1472.242341
1472.214359
1472.145839
1472.000493
1471.735296
1471.735571
1471.747034
1471.756912
1471.76518
1471.771818
1471.776811
1471.780147
1471.781817
27200900.12
27125193.26
26988412.67
26826233.1
26661323.16
26500217.24
26489616.61
26219842.55
20666394.51
4560240.73
117404.1199
5330.875153
1907.209384
1539.764027
1482.916663
1473.87402
1472.489907
1472.288519
1472.260781
1472.257175
1472.256734
1472.256681
1472.256664
1472.256611
1472.256385
1472.255495
1472.252338
1472.242341
1472.214359
1472.145839
1472.000493
1471.735296
1471.735571
1471.747034
1471.756912
1471.76518
1471.771818
1471.776812
1471.780147
1471.781817
27271774.29
27190132.53
27049786.73
26872761.97
26661755.43
26392417.98
25930087.47
25542929.73
20983454.94
5274489.69
165872.3544
6451.797101
1981.398705
1545.37618
1482.697019
1473.660139
1472.434884
1472.278252
1472.259182
1472.256956
1472.256706
1472.256677
1472.256664
1472.256611
1472.256385
1472.255495
1472.252338
1472.242341
1472.214359
1472.145839
1472.000493
1471.735296
1471.735571
1471.747034
1471.756912
1471.76518
1471.771818
1471.776812
1471.780147
1471.781817
27336071.5
27255264.3
27114701.81
26935392.53
26729019.56
26500414.8
25596490.6
25122920.22
21575211.53
5451367.488
199498.7102
7589.710297
2079.605257
1558.680138
1484.310647
1473.797754
1472.437692
1472.276474
1472.25872
1472.256878
1472.256696
1472.256676
1472.256664
1472.256611
1472.256385
1472.255495
1472.252338
1472.242341
1472.214359
1472.145839
1472.000493
1471.735296
1471.735571
1471.747034
1471.756912
1471.76518
1471.771818
1471.776812
1471.780147
1471.781817
27391821.82
27312979.37
27175424.92
26996500.27
26803431.25
26767596.88
26588575.55
25449388.21
22547460.67
5454657.89
230397.9707
8960.858918
2207.992499
1578.807529
1487.432104
1474.218423
1472.486397
1472.281313
1472.259125
1472.256905
1472.256697
1472.256676
1472.256664
1472.256611
1472.256385
1472.255495
1472.252338
1472.242341
1472.214359
1472.145839
1472.000493
1471.735297
1471.735571
1471.747034
1471.756912
1471.76518
1471.771818
1471.776812
1471.780147
1471.781817
27435911.6
27353201.52
27205515.33
27006896.37
26760296.84
26715585.9
26530882.39
25803821.1
23469123.96
5468373.136
269702.9406
10756.55281
2369.531481
1604.829316
1491.795242
1474.872971
1472.573259
1472.291636
1472.260237
1472.257014
1472.256707
1472.256677
1472.256664
1472.256611
1472.256385
1472.255495
1472.252338
1472.242341
1472.214359
1472.145839
1472.000493
1471.735297
1471.735571
1471.747034
1471.756912
1471.76518
1471.771818
1471.776812
1471.780147
1471.781817
27467842.58
27373855.33
27201896.26
26978645.39
26739025.58
26686032.58
26434572.89
25835461.4
23685119.44
5442869.819
298069.0264
12377.40936
2526.844386
1632.384575
1496.89611
1475.716403
1472.695956
1472.307556
1472.262107
1472.257215
1472.256727
1472.256679
1472.256664
1472.256611
1472.256385
1472.255495
1472.252338
1472.242341
1472.214359
1472.145839
1472.000493
1471.735297
1471.735571
1471.747035
1471.756912
1471.76518
1471.771818
1471.776812
1471.780147
1471.781817
27489712.92
27375468.23
27158056.75
26885724.69
26628525.19
26421067.33
26330664.59
25678297.63
23443165.92
5523129.01
325578.682
14062.87327
2698.805883
1664.061983
1503.145461
1476.817805
1472.866015
1472.330874
1472.26499
1472.257541
1472.25676
1472.256682
1472.256664
1472.256611
1472.256385
1472.255495
1472.252338
1472.242341
1472.214359
1472.145839
1472.000493
1471.735297
1471.735571
1471.747035
1471.756912
1471.76518
1471.771818
1471.776812
1471.780147
1471.781817
27506062.06
27362288.13
27058959.12
26672100.27
26356330.83
26190754.24
26242162.19
25328995.19
22899560.07
5386636.42
354040.4351
16235.77716
2916.962634
1703.860387
1511.171176
1478.282121
1473.100816
1472.364316
1472.269283
1472.258044
1472.256815
1472.256688
1472.256665
1472.256611
1472.256385
1472.255495
1472.252338
1472.242341
1472.214359
1472.145839
1472.000493
1471.735297
1471.735571
1471.747035
1471.756912
1471.76518
1471.771819
1471.776812
1471.780147
1471.781817
27526549.34
27352865.21
26907090.55
26321876.52
25871360.87
25606653.59
25132638.25
24996202.38
22210088.29
5181215.723
386844.8403
18988.56828
3187.505483
1752.620046
1521.203517
1480.173562
1473.415115
1472.410712
1472.275452
1472.258792
1472.256898
1472.256696
1472.256665
1472.256611
1472.256385
1472.255495
1472.252338
1472.242341
1472.214359
1472.145839
1472.000493
1471.735297
1471.735572
1471.747035
1471.756912
1471.76518
1471.771819
1471.776812
1471.780147
1471.781817
27561626.2
27393468.2
26737752.96
25903890.75
25283252.08
24943381.88
24725242.4
24770259.25
21617248.42
5000772.359
421210.1424
22106.3976
3494.948611
1808.003781
1532.912799
1482.468606
1473.812495
1472.471817
1472.283909
1472.259858
1472.257022
1472.25671
1472.256667
1472.256612
1472.256385
1472.255495
1472.252338
1472.242341
1472.214359
1472.145839
1472.000493
1471.735297
1471.735572
1471.747035
1471.756912
1471.76518
1471.771819
1471.776812
1471.780147
1471.781817
27603413.43
27554203.2
26630365.15
25517814.11
24634524.64
23992602.54
23456987.48
22915114.68
20727060.29
4806892.155
450289.2823
25589.68325
3853.117224
1872.610607
1546.883568
1485.303966
1474.322472
1472.553296
1472.295622
1472.261392
1472.257207
1472.25673
1472.256669
1472.256612
1472.256385
1472.255495
1472.252338
1472.242341
1472.214359
1472.145839
1472.000493
1471.735297
1471.735572
1471.747035
1471.756912
1471.76518
1471.771819
1471.776812
1471.780147
1471.781817
27551657
27694158.83
26536900.35
25170600.88
24119771.66
23151755.19
22055897.66
20132141.2
17907120
4516826.683
468425.341
29674.84377
4297.739857
1951.78276
1564.144389
1488.892123
1474.98726
1472.662906
1472.311894
1472.263593
1472.257481
1472.256762
1472.256672
1472.256612
1472.256385
1472.255495
1472.252338
1472.242341
1472.214359
1472.145839
1472.000493
1471.735297
1471.735572
1471.747035
1471.756912
1471.76518
1471.771819
1471.776812
1471.780147
1471.781817
26613737.52
27528442.28
25799869.06
24725637.87
23733562.89
22618155.95
21197550.42
18858596.27
17535045.05
4015929.949
471386.2403
34271.27208
4824.36531
2043.599934
1584.272979
1493.183584
1475.808549
1472.803094
1472.333458
1472.266616
1472.257871
1472.256808
1472.256678
1472.256613
1472.256385
1472.255495
1472.252338
1472.242341
1472.214359
1472.145839
1472.000493
1471.735297
1471.735572
1471.747035
1471.756912
1471.76518
1471.771819
1471.776812
1471.780147
1471.781817
25419734.4
25527944.13
24995071.79
24242337.53
23314902.45
22128853.41
20508462.78
18082300
16978109.69
3469350.393
468166.8847
38661.20038
5344.718486
2134.141635
1604.680641
1497.740176
1476.726028
1472.967784
1472.360052
1472.270523
1472.258398
1472.256874
1472.256685
1472.256613
1472.256385
1472.255495
1472.252338
1472.242341
1472.214359
1472.145839
1472.000493
1471.735297
1471.735572
1471.747035
1471.756912
1471.76518
1471.771819
1471.776812
1471.780147
1471.781817
24780341.51
24703655.5
24343414.94
23661252.62
22675620.78
21393763.58
19685916.52
17456521.49
15975561.78
3341265.977
483696.4103
42271.23457
5766.09123
2211.353254
1623.382488
1502.244841
1477.699558
1473.154067
1472.391924
1472.27546
1472.259098
1472.256966
1472.256696
1472.256615
1472.256386
1472.255495
1472.252338
1472.242341
1472.214359
1472.145839
1472.000493
1471.735297
1471.735572
1471.747035
1471.756912
1471.76518
1471.771819
1471.776812
1471.780147
1471.781817
24222866.24
24069252.82
23649033.58
22848157.53
21640324.81
20112689.22
18246936.43
16474744.1
17099699.56
3552751.155
516154.2481
45236.11935
6115.389352
2281.884055
1641.927921
1507.031977
1478.797486
1473.375394
1472.43161
1472.281879
1472.260046
1472.257095
1472.256713
1472.256617
1472.256386
1472.255495
1472.252338
1472.242341
1472.214359
1472.145839
1472.000493
1471.735297
1471.735572
1471.747035
1471.756912
1471.76518
1471.771819
1471.776812
1471.780148
1471.781817
23591712.61
23354100.27
22762830.13
21654368.93
19888404.35
17646205.94
14991443.78
14108743.46
14829505.13
3460868.936
535699.4622
48402.99864
6548.44368
2368.864019
1664.501955
1512.881929
1480.160609
1473.656353
1472.483296
1472.290472
1472.261351
1472.257278
1472.256737
1472.25662
1472.256386
1472.255495
1472.252338
1472.242341
1472.214359
1472.145839
1472.000493
1471.735297
1471.735572
1471.747035
1471.756912
1471.76518
1471.771819
1471.776812
1471.780148
1471.781817
22843064.48
22517242.15
21743832.27
20385860.08
18255249.59
15386237.12
13945859.82
13837297.2
11905346.7
2867043.817
536711.3981
53679.16577
7227.586064
2488.839455
1693.454353
1520.195718
1481.865221
1474.012333
1472.550091
1472.301841
1472.263123
1472.257533
1472.256771
1472.256624
1472.256387
1472.255495
1472.252338
1472.242341
1472.214359
1472.145839
1472.000493
1471.735297
1471.735572
1471.747035
1471.756912
1471.76518
1471.771819
1471.776812
1471.780148
1471.781817
21956155.43
21550282.42
20628062.39
19187517.96
17110059.2
14509026.83
14247366.97
14129257.99
8091660.589
3221584.644
631873.0474
63903.91626
8179.443581
2636.597247
1727.524259
1528.775053
1483.894997
1474.445799
1472.633529
1472.316431
1472.265462
1472.257879
1472.256818
1472.25663
1472.256387
1472.255495
1472.252338
1472.242341
1472.214359
1472.145839
1472.000493
1471.735297
1471.735572
1471.747035
1471.756912
1471.76518
1471.771819
1471.776812
1471.780148
1471.781817
20915416.2
20455209.33
19415634.68
17882101.03
15709626.42
14078687.83
14039500.87
12601435.3
7616797.164
3202011.212
660917.4347
70805.19588
9038.997297
2784.500549
1763.408954
1538.178585
1486.200341
1474.95451
1472.734528
1472.334629
1472.268464
1472.258337
1472.256883
1472.256639
1472.256388
1472.255495
1472.252338
1472.242341
1472.214359
1472.145839
1472.000493
1471.735297
1471.735572
1471.747035
1471.756912
1471.76518
1471.771819
1471.776812
1471.780148
1471.781817
19722671.89
19253098.33
18172842.15
16575003.17
14159796.22
13801865.02
13540692.59
11791452.52
6345232.084
2595668.156
610638.7464
73495.24028
9773.342304
2930.908971
1800.755029
1548.309623
1488.764212
1475.537644
1472.85372
1472.356718
1472.272211
1472.258923
1472.256968
1472.25665
1472.25639
1472.255496
1472.252338
1472.242341
1472.214359
1472.145839
1472.000493
1471.735297
1471.735572
1471.747035
1471.756912
1471.76518
1471.771819
1471.776812
1471.780148
1471.781817
18396430.47
17945583.31
16937269.99
15520012.53
13793205.47
13684712.04
13225297.16
9845511.997
5581112.021
2499536.882
627691.7628
80334.0055
10744.11441
3098.663682
1841.420819
1559.257478
1491.568879
1476.188606
1472.989912
1472.38258
1472.276706
1472.259644
1472.257076
1472.256665
1472.256392
1472.255496
1472.252338
1472.242341
1472.214359
1472.145839
1472.000493
1471.735297
1471.735572
1471.747035
1471.756912
1471.76518
1471.771819
1471.776812
1471.780148
1471.781817
17035789.2
16565560.55
15714089.95
14390152
13835002.46
13682156
13045142.25
9687852.315
6492555.31
2990046.747
736065.2002
93639.05439
12054.01649
3290.324905
1884.669433
1570.673862
1494.507747
1476.881159
1473.13764
1472.411225
1472.281793
1472.260477
1472.257202
1472.256683
1472.256394
1472.255496
1472.252338
1472.242341
1472.214359
1472.145839
1472.000493
1471.735297
1471.735572
1471.747035
1471.756912
1471.76518
1471.771819
1471.776812
1471.780148
1471.781817
15793437.72
15088206.62
14613082.59
14226763.96
13969110.87
13686559.8
13502371.8
9258913.204
6883244.589
3426150.962
859616.2729
108951.4542
13461.11927
3481.921644
1926.261023
1581.557893
1497.33085
1477.556353
1473.284251
1472.440198
1472.287038
1472.261352
1472.257338
1472.256703
1472.256397
1472.255496
1472.252338
1472.242341
1472.214359
1472.145839
1472.000493
1471.735297
1471.735572
1471.747035
1471.756912
1471.76518
1471.771819
1471.776812
1471.780148
1471.781817
14859107.14
14659967.35
14557436.88
14225871.98
13987940.34
13683492.96
11012532.51
10668269.45
7760531.875
3816485.605
956382.4302
120750.7853
14534.48623
3626.24487
1957.674319
1589.924357
1499.554745
1478.102327
1473.405882
1472.464827
1472.2916
1472.262131
1472.257461
1472.256721
1472.256399
1472.255497
1472.252338
1472.242341
1472.214359
1472.145839
1472.000493
1471.735297
1471.735572
1471.747035
1471.756912
1471.76518
1471.771819
1471.776812
1471.780148
1471.781817
14825278.37
14726218.56
14564646.07
14266095.68
13875449.22
11451269.77
10934176.67
10366886.17
7639885.919
3723578.604
928733.1275
118162.2212
14454.2142
3637.885082
1964.315713
1592.550685
1500.430679
1478.351937
1473.467711
1472.478388
1472.294274
1472.262611
1472.25754
1472.256733
1472.256401
1472.255497
1472.252338
1472.242341
1472.214359
1472.145839
1472.000493
1471.735297
1471.735572
1471.747035
1471.756912
1471.76518
1471.771819
1471.776812
1471.780148
1471.781817
14849082.74
14755026.89
14573761.19
13982574.94
12665640.74
10349948.08
9535699.487
8545741.836
6344514.139
3082823.899
750880.4284
97195.45197
12802.9163
3461.957257
1935.674911
1587.00549
1499.382038
1478.1748
1473.442259
1472.475504
1472.294084
1472.262627
1472.257549
1472.256735
1472.256401
1472.255497
1472.252338
1472.242341
1472.214359
1472.145839
1472.000493
1471.735297
1471.735572
1471.747035
1471.756912
1471.76518
1471.771819
1471.776812
1471.780148
1471.781817
14807046.16
14614537.93
13711473.11
12609714.85
11352431.16
9116083.199
7465572.22
7248547.282
5194274.064
2317037.926
529665.1542
70123.34643
10415.67666
3170.18965
1882.09837
1575.328655
1496.839724
1477.657741
1473.345623
1472.458903
1472.291451
1472.26224
1472.257496
1472.256728
1472.256401
1472.255497
1472.252338
1472.242341
1472.214359
1472.145839
1472.000493
1471.735297
1471.735572
1471.747035
1471.756912
1471.76518
1471.771819
1471.776812
1471.780148
1471.781817
14023529.83
13654245.07
12841067.02
11749623.05
10349474.12
7868004.158
6839524.584
6101025.439
4111453.062
1759568.635
386962.4689
52982.82132
8769.945755
2947.350151
1838.372
1565.404819
1494.608785
1477.189482
1473.255116
1472.442776
1472.288789
1472.261831
1472.257438
1472.25672
1472.2564
1472.255497
1472.252338
1472.242341
1472.214359
1472.145839
1472.000493
1471.735297
1471.735572
1471.747035
1471.756912
1471.76518
1471.771819
1471.776812
1471.780148
1471.781817
)
;

boundaryField
{
    lowerWall
    {
        type            calculated;
        value           nonuniform List<scalar> 
80
(
1471.781817
1471.781817
1471.781817
1471.781817
1471.781817
1471.781817
1471.781817
1471.781817
1471.781817
1471.781817
1471.781817
1471.781817
1471.781817
1471.781817
1471.781817
1471.781817
1471.781817
1471.781817
1471.781817
1471.781817
1471.781817
1471.781817
1471.781817
1471.781817
1471.781817
1471.781817
1471.781817
1471.781817
1471.781817
1471.781817
1471.781817
1471.781817
1471.781817
1471.781817
1471.781817
1471.781817
1471.781817
1471.781817
1471.781817
1471.781817
1471.781817
1471.781817
1471.781817
1471.781817
1471.781817
1471.781817
1471.781817
1471.781817
1471.781817
1471.781817
1471.781817
1471.781817
1471.781817
1471.781817
1471.781817
1471.781817
1471.781817
1471.781817
1471.781817
1471.781817
1471.781817
1471.781817
1471.781817
1471.781817
1471.781817
1471.781817
1471.781817
1471.781817
1471.781817
1471.781817
1471.781817
1471.781817
1471.781817
1471.781817
1471.781817
1471.781817
1471.781817
1471.781817
1471.781817
1471.781817
)
;
    }
    atmosphere
    {
        type            calculated;
        value           nonuniform List<scalar> 
80
(
13565672.89
13274327.27
12848983.15
12403677.12
11993174.84
11669635.46
11482224.78
11533164.1
11780995.62
12007786.81
12253591.97
12522216.59
12785647.89
12987633.02
13169087.29
13339786.47
13503195.73
13629780.09
13727421.54
13857476.31
14047767.49
14304695.34
14626830.14
15014006.16
15485023.82
16070718.67
16812599.78
17622248.78
18209745.23
18632506.89
18991021.85
19298987.32
19589721
19895142.05
20235673.64
20619182.52
21055482.13
21551331.66
22106825.56
22713496.13
23349638.81
23991380.58
24609819.11
25178559.48
25678548.33
26099390.76
26437820.46
26694177.43
26880725.92
27016252.3
27119052.48
27200900.12
27271774.29
27336071.5
27391821.82
27435911.6
27467842.58
27489712.92
27506062.06
27526549.34
27561626.2
27603413.43
27551657
26613737.52
25419734.4
24780341.51
24222866.24
23591712.61
22843064.48
21956155.43
20915416.2
19722671.89
18396430.47
17035789.2
15793437.72
14859107.14
14825278.37
14849082.74
14807046.16
14023529.83
)
;
    }
    rightWall
    {
        type            empty;
    }
    leftWall
    {
        type            empty;
    }
    frontAndBack
    {
        type            calculated;
        value           nonuniform List<scalar> 
80
(
13565637.52
13861860.35
13985684.61
13528585.67
11199623.3
9109765.698
8908788.418
7604076.421
3372524.866
571483.4284
47638.54546
6133.016611
2269.051314
1637.312225
1505.633076
1478.331286
1473.137634
1472.243156
1472.103047
1472.082932
1472.080265
1472.079934
1472.079885
1472.079828
1472.079602
1472.078712
1472.075555
1472.065559
1472.03758
1471.969066
1471.823735
1471.558566
1471.55884
1471.570302
1471.580178
1471.588445
1471.595083
1471.600076
1471.603411
1471.605081
14023495.13
13654209.82
12841030.64
11749585.31
10349434.98
7867963.799
6839484.378
6100985.665
4111416.322
1759541.926
386950.9488
52979.88272
8769.200511
2947.038501
1838.159862
1565.21889
1494.429796
1477.012211
1473.078234
1472.265975
1472.112003
1472.085047
1472.080654
1472.079937
1472.079616
1472.078714
1472.075555
1472.065559
1472.03758
1471.969066
1471.823735
1471.558565
1471.55884
1471.570302
1471.580178
1471.588445
1471.595083
1471.600076
1471.603411
1471.605081
)
;
    }
}


// ************************************************************************* //
