/*--------------------------------*- C++ -*----------------------------------*\
| =========                 |                                                 |
| \\      /  F ield         | OpenFOAM: The Open Source CFD Toolbox           |
|  \\    /   O peration     | Version:  2506                                  |
|   \\  /    A nd           | Website:  www.openfoam.com                      |
|    \\/     M anipulation  |                                                 |
\*---------------------------------------------------------------------------*/
FoamFile
{
    version     2.0;
    format      ascii;
    arch        "LSB;label=32;scalar=64";
    class       volScalarField;
    location    "0.008";
    object      T;
}
// * * * * * * * * * * * * * * * * * * * * * * * * * * * * * * * * * * * * * //

dimensions      [0 0 0 1 0 0 0];

internalField   nonuniform List<scalar> 
3200
(
1801.349682
1827.678244
1838.781314
1798.079008
1601.05646
1434.657405
1418.970079
1317.73555
974.6794814
633.8938659
431.1233569
342.5243282
311.7091544
302.7946987
300.5876642
300.1103188
300.0186931
300.002886
300.0004093
300.0000537
300.0000066
300.0000007
299.9999998
299.9999988
299.9999948
299.9999791
299.9999233
299.9997466
299.999252
299.9980407
299.9954713
299.9907827
299.9907875
299.9909902
299.9911649
299.991311
299.9914284
299.9915167
299.9915757
299.9916052
1775.762279
1788.03242
1811.731402
1725.844294
1574.935923
1387.332212
1360.15965
1238.234479
920.6161767
610.8735387
423.8437437
340.710015
311.3509964
302.742174
300.5837495
300.1110331
300.0190924
300.0029983
300.000434
300.0000584
300.0000074
300.0000008
299.9999999
299.9999988
299.9999948
299.9999791
299.9999233
299.9997466
299.999252
299.9980407
299.9954713
299.9907827
299.9907875
299.9909902
299.9911649
299.991311
299.9914284
299.9915167
299.9915757
299.9916052
1738.922214
1741.046458
1738.784292
1681.458956
1564.995191
1379.390617
1361.389477
1163.944402
852.6708913
581.4780154
414.6559954
338.5867943
311.0223909
302.731409
300.5978218
300.1173361
300.020928
300.0034327
300.0005235
300.000075
300.0000102
300.0000013
299.9999999
299.9999989
299.9999948
299.9999791
299.9999233
299.9997466
299.999252
299.9980407
299.9954713
299.9907827
299.9907875
299.9909902
299.9911649
299.991311
299.9914284
299.9915167
299.9915757
299.9916052
1700.963573
1699.678967
1691.678377
1653.451593
1574.233733
1445.554784
1429.609804
1108.876184
796.2059731
562.550044
410.7587948
338.66667
311.4956451
302.9793843
300.6865192
300.1430283
300.0273363
300.0048527
300.0008084
300.0001274
300.0000191
300.0000027
300.0000001
299.9999989
299.9999948
299.9999791
299.9999233
299.9997466
299.999252
299.9980407
299.9954713
299.9907827
299.9907875
299.9909902
299.9911649
299.991311
299.9914284
299.9915167
299.9915757
299.9916052
1666.480461
1664.07546
1656.678555
1632.683897
1589.721823
1571.327908
1582.626809
1164.831236
816.593785
573.1718307
419.2959069
343.8067262
313.851412
303.8552568
300.9624093
300.2187918
300.0458378
300.0089285
300.0016272
300.0002787
300.000045
300.0000068
300.0000007
299.999999
299.9999949
299.9999791
299.9999233
299.9997466
299.999252
299.9980407
299.9954713
299.9907827
299.9907875
299.9909902
299.9911649
299.991311
299.9914284
299.9915167
299.9915757
299.9916052
1639.61945
1634.835692
1625.552645
1604.29204
1557.352275
1424.887792
1377.003731
1075.267584
806.0752203
594.6419263
440.8037247
356.6611421
319.6808705
306.0216362
301.6487065
300.408812
300.0926371
300.0193175
300.0037276
300.0006687
300.0001119
300.0000175
300.0000023
299.9999992
299.9999949
299.9999791
299.9999233
299.9997466
299.999252
299.9980407
299.9954713
299.9907827
299.9907875
299.9909902
299.9911649
299.991311
299.9914284
299.9915167
299.9915757
299.9916052
1624.179633
1616.894053
1602.596376
1576.037156
1525.667979
1426.597846
1304.209637
1118.68394
840.3874301
649.992935
486.9695941
383.5798179
331.9513164
310.6374537
303.1295515
300.8233437
300.1956247
300.0423288
300.0084009
300.0015388
300.0002616
300.0000414
300.0000059
299.9999997
299.999995
299.9999791
299.9999233
299.9997466
299.999252
299.9980407
299.9954713
299.9907827
299.9907875
299.9909902
299.9911649
299.991311
299.9914284
299.9915167
299.9915757
299.9916052
1628.367894
1623.748497
1614.357132
1597.839216
1571.187132
1535.464513
1538.300946
1500.861158
985.0675102
751.4635821
563.9970206
428.8847178
353.0838754
318.7669961
305.7866991
301.5780293
300.3851586
300.0850042
300.0171122
300.0031658
300.0005417
300.0000862
300.0000126
300.0000006
299.9999951
299.9999791
299.9999233
299.9997466
299.999252
299.9980407
299.9954713
299.9907827
299.9907875
299.9909902
299.9911649
299.991311
299.9914284
299.9915167
299.9915757
299.9916052
1648.834693
1653.926518
1662.38342
1672.066888
1679.163079
1696.368824
1720.177616
1720.427347
1110.21921
848.6469622
649.4785841
484.3580857
380.7572089
329.9262098
309.5591047
302.6758417
300.6657279
300.1489616
300.0302776
300.0056376
300.0009685
300.0001544
300.0000227
300.000002
299.9999953
299.9999792
299.9999233
299.9997466
299.999252
299.9980407
299.9954713
299.9907827
299.9907875
299.9909902
299.9911649
299.991311
299.9914284
299.9915167
299.9915757
299.9916052
1667.699991
1678.310642
1699.488753
1727.435597
1747.181504
1739.765862
1727.0865
1720.702436
1571.636128
920.036444
703.5179329
529.1828198
406.602137
341.2954632
313.6263526
303.9062615
300.9888717
300.2240506
300.0459403
300.0086038
300.0014832
300.0002369
300.000035
300.0000038
299.9999955
299.9999792
299.9999233
299.9997466
299.999252
299.9980407
299.9954713
299.9907827
299.9907875
299.9909902
299.9911649
299.991311
299.9914284
299.9915167
299.9915757
299.9916052
1688.301732
1701.868724
1732.030174
1778.363363
1819.287788
1793.914209
1784.850825
1789.133484
1737.880741
956.594938
707.5843591
551.0492495
423.6745468
349.8728792
316.9379891
304.9589445
301.2748832
300.2920965
300.0603628
300.011363
300.0019646
300.0003141
300.0000465
300.0000053
299.9999957
299.9999792
299.9999233
299.9997466
299.999252
299.9980407
299.9954713
299.9907827
299.9907875
299.9909902
299.9911649
299.991311
299.9914284
299.9915167
299.9915757
299.9916052
1711.009987
1729.314903
1773.162381
1831.436701
1832.174531
1831.895038
1795.931726
1773.644034
1720.798375
1059.869897
732.2800951
570.0838911
435.8745166
355.8119116
319.2417548
305.7007141
301.4789519
300.3410949
300.0707989
300.0133601
300.0023116
300.0003693
300.0000546
300.0000064
299.9999958
299.9999792
299.9999233
299.9997466
299.999252
299.9980407
299.9954713
299.9907827
299.9907875
299.9909902
299.9911649
299.991311
299.9914284
299.9915167
299.9915757
299.9916052
1733.486502
1756.990277
1814.266407
1832.070278
1833.060936
1832.255594
1810.047069
1758.895945
1687.391808
1141.176392
801.6516572
602.3877463
448.9709984
360.6985252
320.8911061
306.194118
301.6088823
300.371297
300.0770385
300.0145149
300.0025044
300.0003986
300.0000586
300.000007
299.9999959
299.9999792
299.9999233
299.9997466
299.999252
299.9980407
299.9954713
299.9907827
299.9907875
299.9909902
299.9911649
299.991311
299.9914284
299.9915167
299.9915757
299.9916052
1750.866108
1767.848865
1803.185271
1834.456015
1836.765815
1838.611269
1831.68973
1812.07937
1693.548032
1311.401899
914.7874766
646.2501621
463.6097702
365.2922154
322.2565835
306.56775
301.7005626
300.3912115
300.0808525
300.0151579
300.0025995
300.0004107
300.0000599
300.0000071
299.9999959
299.9999792
299.9999233
299.9997466
299.999252
299.9980407
299.9954713
299.9907827
299.9907875
299.9909902
299.9911649
299.991311
299.9914284
299.9915167
299.9915757
299.9916052
1766.591571
1780.555626
1807.06286
1836.913013
1847.134703
1847.234564
1845.810896
1838.317198
1807.662816
1542.634929
1053.595338
693.7160096
478.7805882
370.0543975
323.6861608
306.9586242
301.7948642
300.4110224
300.0844564
300.0157212
300.0026735
300.0004184
300.0000604
300.000007
299.9999959
299.9999792
299.9999233
299.9997466
299.999252
299.9980407
299.9954713
299.9907827
299.9907875
299.9909902
299.9911649
299.991311
299.9914284
299.9915167
299.9915757
299.9916052
1781.485462
1792.793179
1813.258144
1835.752804
1848.27588
1849.34575
1849.718864
1847.827574
1803.711227
1641.533
1113.625398
723.8358872
492.1256165
375.2433707
325.4179203
307.4505102
301.9141256
300.4358589
300.0889164
300.0164098
300.0027633
300.0004278
300.000061
300.000007
299.9999959
299.9999792
299.9999233
299.9997466
299.999252
299.9980407
299.9954713
299.9907827
299.9907875
299.9909902
299.9911649
299.991311
299.9914284
299.9915167
299.9915757
299.9916052
1795.83747
1807.048971
1825.96017
1846.157924
1862.369735
1874.707712
1878.829388
1859.665301
1856.875465
1712.68607
1134.471922
744.5295707
505.0718708
380.9677242
327.3835825
308.0013933
302.0437205
300.4618564
300.0933907
300.0170668
300.0028434
300.0004351
300.0000613
300.0000069
299.9999958
299.9999792
299.9999233
299.9997466
299.999252
299.9980407
299.9954713
299.9907827
299.9907875
299.9909902
299.9911648
299.991311
299.9914284
299.9915167
299.9915757
299.9916052
1807.020289
1817.754578
1835.417421
1854.664283
1874.386021
1895.441152
1917.597664
1946.401316
2004.308832
2009.417878
1162.807288
762.4322666
517.3902492
386.3676904
329.1349769
308.4534753
302.1394229
300.4785288
300.0957093
300.0172928
300.0028475
300.0004306
300.00006
300.0000067
299.9999958
299.9999792
299.9999233
299.9997466
299.999252
299.9980407
299.9954713
299.9907827
299.9907875
299.9909902
299.9911648
299.991311
299.9914284
299.9915167
299.9915757
299.9916052
1815.685928
1823.923022
1838.83275
1857.771495
1879.749911
1903.540261
1926.211753
1944.508104
1962.263937
1963.10414
1191.222208
781.1801209
527.0741191
389.8638139
330.0209893
308.6021166
302.1475652
300.4736874
300.0934251
300.0166472
300.0027037
300.0004033
300.0000554
300.000006
299.9999957
299.9999792
299.9999233
299.9997466
299.999252
299.9980407
299.9954713
299.9907827
299.9907875
299.9909902
299.9911648
299.991311
299.9914284
299.9915167
299.9915757
299.9916052
1827.283082
1833.38032
1845.20617
1861.752624
1882.41091
1905.177233
1924.016868
1927.098322
1896.413183
1864.334092
1212.402477
796.8509424
531.6330451
390.2193069
329.6022487
308.3229054
302.0385727
300.4412833
300.0854587
300.0149606
300.0023885
300.0003504
300.0000473
300.0000048
299.9999955
299.9999792
299.9999233
299.9997466
299.999252
299.9980407
299.9954713
299.9907827
299.9907875
299.9909902
299.9911648
299.991311
299.9914284
299.9915167
299.9915757
299.9916052
1844.367269
1849.126361
1858.945226
1873.382586
1891.674343
1911.611438
1926.160394
1922.361839
1886.139134
1869.544263
1223.854457
799.3220755
527.4423117
386.3719657
327.6180357
307.5677191
301.8074906
300.3818575
300.0722456
300.0123688
300.0019332
300.0002779
300.0000367
300.0000034
299.9999954
299.9999792
299.9999233
299.9997466
299.999252
299.9980407
299.9954713
299.9907827
299.9907875
299.9909902
299.9911648
299.991311
299.9914284
299.9915167
299.9915757
299.9916052
1867.659416
1872.044595
1880.907444
1893.62711
1909.579476
1925.898593
1934.670528
1923.696892
1884.051662
1871.145831
1217.363877
781.3338417
511.3549749
377.4533934
323.9346198
306.3466459
301.4689583
300.3011883
300.0553882
300.0092312
300.0014066
300.0001974
300.0000254
300.000002
299.9999952
299.9999791
299.9999233
299.9997466
299.999252
299.9980407
299.9954713
299.9907827
299.9907875
299.9909902
299.9911648
299.991311
299.9914284
299.9915167
299.9915757
299.9916052
1897.245154
1901.79347
1910.401715
1922.622633
1937.004394
1948.814633
1948.343822
1925.180209
1871.71823
1855.15421
1182.02281
738.7439018
482.4149124
363.6687396
318.8351593
304.7994045
301.0706351
300.212102
300.0377709
300.006108
300.0009047
300.0001236
300.0000154
300.0000007
299.999995
299.9999791
299.9999233
299.9997466
299.999252
299.9980407
299.9954713
299.9907827
299.9907875
299.9909902
299.9911648
299.991311
299.9914284
299.9915167
299.9915757
299.9916052
1933.398279
1938.964692
1949.913375
1964.757713
1978.834368
1984.502413
1969.160078
1927.998824
1854.411354
1833.385671
1122.460917
677.5762421
445.0434454
347.3228097
313.2296485
303.2120054
300.6868592
300.1310337
300.0225501
300.0035342
300.0005086
300.0000676
300.0000081
299.9999998
299.9999949
299.9999791
299.9999233
299.9997466
299.999252
299.9980407
299.9954713
299.9907827
299.9907875
299.9909902
299.9911648
299.991311
299.9914284
299.9915167
299.9915757
299.9916052
1978.313014
1988.749198
2008.406736
2034.254362
2055.708063
2047.41749
2010.11428
1945.163047
1837.039292
1805.955041
1054.686957
613.035532
408.2681438
332.2465638
308.3671384
301.9126722
300.3893917
300.0713093
300.0118525
300.0018024
300.0002525
300.0000328
300.0000037
299.9999993
299.9999949
299.9999791
299.9999233
299.9997466
299.999252
299.9980407
299.9954713
299.9907827
299.9907875
299.9909902
299.9911648
299.991311
299.9914284
299.9915167
299.9915757
299.9916052
2035.708164
2058.97538
2106.457902
2178.186509
2221.490183
2179.434755
2114.182215
2008.019499
1830.581137
1774.639715
996.8249758
562.2992885
381.2143636
321.7622241
305.1520991
301.0926918
300.2096375
300.0366483
300.0058733
300.0008677
300.0001188
300.0000151
300.0000016
299.999999
299.9999949
299.9999791
299.9999233
299.9997466
299.999252
299.9980407
299.9954713
299.9907827
299.9907875
299.9909902
299.9911648
299.991311
299.9914284
299.9915167
299.9915757
299.9916052
2111.11971
2166.240029
2294.819373
2520.824729
2626.300692
2462.856797
2349.555075
2170.541758
1860.907115
1742.532418
954.2466708
529.558199
365.3960385
316.0321146
303.4811915
300.6837808
300.1231527
300.0204955
300.0031659
300.0004553
300.0000611
300.0000076
300.0000007
299.9999989
299.9999949
299.9999791
299.9999233
299.9997466
299.999252
299.9980407
299.9954713
299.9907827
299.9907875
299.9909902
299.9911648
299.991311
299.9914284
299.9915167
299.9915757
299.9916052
2197.303282
2295.120922
2544.897049
2737.681187
2740.388006
2753.614073
2682.501344
2507.780002
1996.453885
1733.157861
933.0783905
513.900801
358.028453
313.4673229
302.7603536
300.5127709
300.087915
300.0140579
300.0021069
300.0002966
300.0000393
300.0000048
300.0000003
299.9999989
299.9999948
299.9999791
299.9999233
299.9997466
299.999252
299.9980407
299.9954713
299.9907827
299.9907875
299.9909902
299.9911648
299.991311
299.9914284
299.9915167
299.9915757
299.9916052
2262.692124
2356.076319
2599.148845
2739.438876
2740.959574
2756.209077
2806.695866
2578.56659
2490.736072
1874.189578
943.2211172
513.6361208
356.2045886
312.597507
302.4905207
300.4465762
300.0741428
300.0115399
300.0016935
300.0002348
300.0000307
300.0000038
300.0000002
299.9999989
299.9999948
299.9999791
299.9999233
299.9997466
299.999252
299.9980407
299.9954713
299.9907827
299.9907875
299.9909902
299.9911648
299.991311
299.9914284
299.9915167
299.9915757
299.9916052
2311.387845
2376.125223
2512.437108
2667.031968
2728.141556
2735.919675
2772.447933
2759.444274
2697.20961
2072.073792
972.8330038
522.6226086
357.4509071
312.5241229
302.4020224
300.4182006
300.0676427
300.0103063
300.001488
300.0002038
300.0000264
300.0000032
300.0000001
299.9999989
299.9999948
299.9999791
299.9999233
299.9997466
299.999252
299.9980407
299.9954713
299.9907827
299.9907875
299.9909902
299.9911648
299.991311
299.9914284
299.9915167
299.9915757
299.9916052
2353.847235
2395.528514
2477.275915
2568.080131
2630.386157
2650.680151
2660.190432
2747.00442
2621.501698
2182.487565
1018.77349
537.8058447
360.639179
312.9048171
302.4024665
300.4056544
300.0638191
300.0095076
300.0013499
300.0001827
300.0000235
300.0000028
300.0000001
299.9999989
299.9999948
299.9999791
299.9999233
299.9997466
299.999252
299.9980407
299.9954713
299.9907827
299.9907875
299.9909902
299.9911648
299.991311
299.9914284
299.9915167
299.9915757
299.9916052
2391.228495
2416.071094
2464.507377
2518.949414
2559.208009
2555.98336
2495.218421
2448.720089
2402.551784
2237.316192
1082.453639
559.7266406
365.7736446
313.7167897
302.4820188
300.4058219
300.0618662
300.0089698
300.001247
300.0001662
300.0000211
300.0000025
300.0000001
299.9999989
299.9999948
299.9999791
299.9999233
299.9997466
299.999252
299.9980407
299.9954713
299.9907827
299.9907875
299.9909902
299.9911648
299.991311
299.9914284
299.9915167
299.9915757
299.9916052
2427.333419
2441.042844
2467.628613
2497.46893
2510.975352
2473.308189
2332.372994
2179.388183
2205.70265
2186.068616
1202.93416
597.1406765
373.4238498
314.8523925
302.5988462
300.4103827
300.0605054
300.0085223
300.0011583
300.0001519
300.0000191
300.0000022
300
299.9999989
299.9999948
299.9999791
299.9999233
299.9997466
299.999252
299.9980407
299.9954713
299.9907827
299.9907875
299.9909902
299.9911648
299.991311
299.9914284
299.9915167
299.9915757
299.9916052
2466.16284
2472.89495
2484.876092
2495.744873
2486.00498
2408.804631
2151.207315
1998.145286
2078.392079
2081.870851
1658.347059
692.6073926
389.0858714
316.869831
302.7875823
300.4186148
300.0591505
300.0080588
300.0010696
300.000138
300.0000172
300.000002
300
299.9999989
299.9999948
299.9999791
299.9999233
299.9997466
299.999252
299.9980407
299.9954713
299.9907827
299.9907875
299.9909902
299.9911648
299.991311
299.9914284
299.9915167
299.9915757
299.9916052
2510.608374
2512.834081
2515.168219
2512.33199
2487.24497
2390.93828
2095.694612
1967.355871
1951.181334
1854.813347
1663.355893
946.7071638
414.1497051
320.23933
303.1307713
300.439503
300.0585301
300.0076237
300.0009823
300.0001245
300.0000153
300.0000018
300
299.9999989
299.9999948
299.9999791
299.9999233
299.9997466
299.999252
299.9980407
299.9954713
299.9907827
299.9907875
299.9909902
299.9911648
299.991311
299.9914284
299.9915167
299.9915757
299.9916052
2562.21509
2561.212188
2557.066464
2545.933552
2517.621118
2449.461636
2311.735224
2226.922509
1922.933366
1954.531635
2000.949747
2255.116967
488.8021499
326.6966136
303.7499722
300.4853859
300.0599319
300.0073401
300.0009068
300.0001122
300.0000136
300.0000016
299.9999999
299.9999989
299.9999948
299.9999791
299.9999233
299.9997466
299.999252
299.9980407
299.9954713
299.9907827
299.9907875
299.9909902
299.9911648
299.991311
299.9914284
299.9915167
299.9915757
299.9916052
2623.079937
2619.477172
2611.054594
2594.919197
2566.636615
2511.756541
2411.277736
2298.70638
2165.319256
2315.23693
2565.425518
3546.349329
596.8002984
334.7452611
304.355543
300.5272576
300.061269
300.0070902
300.0008382
300.0001008
300.0000121
300.0000014
299.9999999
299.9999989
299.9999948
299.9999791
299.9999233
299.9997466
299.999252
299.9980407
299.9954713
299.9907827
299.9907875
299.9909902
299.9911648
299.991311
299.9914284
299.9915167
299.9915757
299.9916052
2695.291105
2689.910855
2678.852995
2661.190596
2638.927234
2604.632751
2561.526489
2564.915854
2737.638933
3185.82668
3751.621142
4100.828912
729.2498702
346.9920494
305.1625784
300.5652888
300.0611535
300.0067049
300.0007635
300.0000899
300.0000106
300.0000012
299.9999999
299.9999989
299.9999948
299.9999791
299.9999233
299.9997466
299.999252
299.9980407
299.9954713
299.9907827
299.9907875
299.9909902
299.9911648
299.991311
299.9914284
299.9915167
299.9915757
299.9916052
2780.445219
2774.166683
2762.012011
2745.744725
2732.451646
2721.411167
2728.202098
2821.0383
3119.641728
3559.927917
4127.076662
4303.698856
952.9729527
369.9214264
307.0495566
300.6862697
300.0661834
300.0066067
300.0007072
300.0000806
300.0000094
300.000001
299.9999999
299.9999988
299.9999948
299.9999791
299.9999233
299.9997466
299.999252
299.9980407
299.9954713
299.9907827
299.9907875
299.9909902
299.9911648
299.991311
299.9914284
299.9915167
299.9915757
299.9916052
2879.241908
2872.36987
2860.864754
2847.924422
2843.351526
2852.264477
2896.064296
3035.639425
3323.637098
3680.921667
4018.306185
4103.026813
1286.635706
405.6940452
310.2588748
300.9234496
300.0798946
300.0070906
300.0006897
300.0000743
300.0000085
300.0000009
299.9999999
299.9999988
299.9999948
299.9999791
299.9999233
299.9997466
299.999252
299.9980407
299.9954713
299.9907827
299.9907875
299.9909902
299.9911648
299.991311
299.9914284
299.9915167
299.9915757
299.9916052
2990.304441
2983.81836
2974.223882
2966.157952
2970.439302
2996.912599
3068.065119
3228.101012
3488.900923
3741.766551
3652.129665
3475.911126
1660.952824
441.6121858
312.6054623
301.0263327
300.0807
300.006642
300.00062
300.0000661
300.0000075
300.0000008
299.9999999
299.9999988
299.9999948
299.9999791
299.9999233
299.9997466
299.999252
299.9980407
299.9954713
299.9907827
299.9907875
299.9909902
299.9911648
299.991311
299.9914284
299.9915167
299.9915757
299.9916052
3111.388505
3105.892051
3098.99534
3096.821797
3110.780163
3154.490698
3250.617445
3433.009654
3706.278789
3965.633005
3874.860173
3565.993914
1735.851396
469.7519104
314.3151268
301.0354545
300.0721813
300.0055317
300.0005161
300.0000569
300.0000066
300.0000007
299.9999998
299.9999988
299.9999948
299.9999791
299.9999233
299.9997466
299.999252
299.9980407
299.9954713
299.9907827
299.9907875
299.9909902
299.9911648
299.991311
299.9914284
299.9915167
299.9915757
299.9916052
3238.246572
3234.019939
3230.000157
3233.561365
3257.231913
3318.4182
3442.336045
3661.169273
3990.300056
4389.785875
4801.270192
5000.04201
1847.327747
456.4023875
312.4987008
300.8573581
300.056694
300.0043109
300.0004233
300.0000493
300.0000059
300.0000006
299.9999998
299.9999988
299.9999948
299.9999791
299.9999233
299.9997466
299.999252
299.9980407
299.9954713
299.9907827
299.9907875
299.9909902
299.9911648
299.991311
299.9914284
299.9915167
299.9915757
299.9916052
3365.421691
3362.383429
3360.659961
3368.335551
3399.485592
3475.633299
3627.473732
3892.17787
4297.489261
4815.503847
5448.420904
6639.082018
1667.347688
383.7555489
305.4259587
300.3566343
300.026992
300.0027056
300.0003328
300.0000428
300.0000053
300.0000006
299.9999998
299.9999988
299.9999948
299.9999791
299.9999233
299.9997466
299.999252
299.9980407
299.9954713
299.9907827
299.9907875
299.9909902
299.9911648
299.991311
299.9914284
299.9915167
299.9915757
299.9916052
3487.157976
3484.88194
3484.074648
3492.920044
3526.598127
3610.021165
3780.673482
4085.500682
4589.17326
5039.789631
5130.49288
3763.357925
605.7625588
319.2074332
301.3047213
300.1163679
300.0141929
300.0020102
300.0002852
300.0000383
300.0000048
300.0000005
299.9999998
299.9999988
299.9999948
299.9999791
299.9999233
299.9997466
299.999252
299.9980407
299.9954713
299.9907827
299.9907875
299.9909902
299.9911648
299.991311
299.9914284
299.9915167
299.9915757
299.9916052
3598.172838
3596.093711
3594.342283
3600.743607
3630.438443
3708.100539
3867.470848
4125.368817
4470.135449
4632.885332
2089.03988
791.9778035
333.3174548
303.0961474
300.407218
300.0662015
300.0110545
300.0017443
300.0002544
300.0000342
300.0000043
300.0000004
299.9999998
299.9999988
299.9999948
299.9999791
299.9999233
299.9997466
299.999252
299.9980407
299.9954713
299.9907827
299.9907875
299.9909902
299.9911648
299.991311
299.9914284
299.9915167
299.9915757
299.9916052
3694.082386
3691.650812
3686.737917
3687.228663
3708.548022
3775.995748
3921.370977
4095.118417
4033.58071
4049.518185
628.1263837
342.3054497
307.0483531
301.4367323
300.2965895
300.0569505
300.0099523
300.0015821
300.00023
300.0000308
300.0000038
300.0000004
299.9999998
299.9999988
299.9999948
299.9999791
299.9999233
299.9997466
299.999252
299.9980407
299.9954713
299.9907827
299.9907875
299.9909902
299.9911648
299.991311
299.9914284
299.9915167
299.9915757
299.9916052
3771.247862
3766.37014
3756.011624
3748.348017
3759.434755
3824.130336
4030.467491
4751.963151
5008.950079
1939.355376
419.8979436
323.0877108
305.7098868
301.3461306
300.287332
300.0551054
300.00953
300.0014963
300.0002148
300.0000284
300.0000035
300.0000003
299.9999998
299.9999988
299.9999948
299.9999791
299.9999233
299.9997466
299.999252
299.9980407
299.9954713
299.9907827
299.9907875
299.9909902
299.9911648
299.991311
299.9914284
299.9915167
299.9915757
299.9916052
3830.138761
3820.239294
3800.010191
3778.667481
3772.046722
3799.395124
3847.916519
3938.698131
4007.738157
792.0433212
397.774502
324.4104271
306.0561457
301.3925642
300.2896536
300.0542708
300.0091945
300.0014174
300.0002001
300.000026
300.0000031
300.0000003
299.9999998
299.9999988
299.9999948
299.9999791
299.9999233
299.9997466
299.999252
299.9980407
299.9954713
299.9907827
299.9907875
299.9909902
299.9911648
299.991311
299.9914284
299.9915167
299.9915757
299.9916052
3874.50262
3858.509877
3826.049238
3788.196681
3762.882765
3756.367804
3755.737199
3922.687669
2989.70333
841.8350768
424.5303264
328.4226039
306.3892407
301.3659401
300.2700563
300.0487946
300.0080444
300.0012137
300.0001684
300.0000216
300.0000026
300.0000002
299.9999998
299.9999988
299.9999948
299.9999791
299.9999233
299.9997466
299.999252
299.9980407
299.9954713
299.9907827
299.9907875
299.9909902
299.9911648
299.991311
299.9914284
299.9915167
299.9915757
299.9916052
3909.102633
3887.503181
3844.973001
3797.358169
3757.360973
3731.608899
3731.32046
3738.105359
2602.37828
973.3399808
457.6701696
332.9470183
306.5501507
301.2500805
300.2262149
300.0383243
300.0060345
300.000881
300.0001193
300.000015
300.0000018
300.0000001
299.9999998
299.9999988
299.9999948
299.9999791
299.9999233
299.9997466
299.999252
299.9980407
299.9954713
299.9907827
299.9907875
299.9909902
299.9911648
299.991311
299.9914284
299.9915167
299.9915757
299.9916052
3937.267611
3911.196436
3865.27581
3812.683343
3761.123083
3712.485407
3709.342221
3631.581317
2568.687517
1076.961072
487.1797044
337.8041755
306.8943401
301.1713748
300.1878686
300.0285755
300.0041223
300.0005628
300.0000725
300.0000088
300.000001
300.0000001
299.9999998
299.9999988
299.9999948
299.9999791
299.9999233
299.9997466
299.999252
299.9980407
299.9954713
299.9907827
299.9907875
299.9909902
299.9911648
299.991311
299.9914284
299.9915167
299.9915757
299.9916052
3962.117965
3933.530146
3885.69702
3827.574329
3761.255832
3680.83827
3552.484021
3453.11973
2612.866039
1135.178251
512.892187
344.2598162
307.9382829
301.2668422
300.1840089
300.0247981
300.0031499
300.0003814
300.0000443
300.0000049
300.0000005
300
299.9999998
299.9999988
299.9999948
299.9999791
299.9999233
299.9997466
299.999252
299.9980407
299.9954713
299.9907827
299.9907875
299.9909902
299.9911648
299.991311
299.9914284
299.9915167
299.9915757
299.9916052
3985.047054
3956.289951
3907.621068
3847.867448
3782.064163
3712.544051
3466.467678
3352.481907
2698.855829
1149.347436
527.8167045
349.9572002
309.2720964
301.4920202
300.2123536
300.0272286
300.0031995
300.0003499
300.0000361
300.0000036
300.0000003
300
299.9999998
299.9999988
299.9999948
299.9999791
299.9999233
299.9997466
299.999252
299.9980407
299.9954713
299.9907827
299.9907875
299.9909902
299.9911648
299.991311
299.9914284
299.9915167
299.9915757
299.9916052
4005.234713
3976.769185
3928.440996
3867.950092
3805.442289
3794.136312
3738.955992
3430.097736
2851.555215
1149.610252
540.1021854
355.9857351
310.9402987
301.8297053
300.2671126
300.0346571
300.0040603
300.0004355
300.0000433
300.000004
300.0000003
300
299.9999998
299.9999988
299.9999948
299.9999791
299.9999233
299.9997466
299.999252
299.9980407
299.9954713
299.9907827
299.9907875
299.9909902
299.9911648
299.991311
299.9914284
299.9915167
299.9915757
299.9916052
4021.407626
3991.219237
3938.872592
3871.395118
3791.844041
3777.88415
3721.616876
3519.324232
3012.116009
1150.705446
554.2412052
362.8670585
312.9303307
302.2610796
300.3434961
300.0462122
300.0055955
300.0006179
300.0000629
300.000006
300.0000005
300
299.9999998
299.9999988
299.9999948
299.9999791
299.9999233
299.9997466
299.999252
299.9980407
299.9954713
299.9907827
299.9907875
299.9909902
299.9911648
299.991311
299.9914284
299.9915167
299.9915757
299.9916052
4033.237759
3998.697236
3937.613872
3862.052813
3785.185597
3768.731154
3693.130993
3527.562569
3052.373211
1148.668573
563.6255421
368.3435673
314.764762
302.7116571
300.432562
300.0610955
300.0077638
300.0008993
300.000096
300.0000095
300.0000009
300
299.9999998
299.9999988
299.9999948
299.9999791
299.9999233
299.9997466
299.999252
299.9980407
299.9954713
299.9907827
299.9907875
299.9909902
299.9911648
299.991311
299.9914284
299.9915167
299.9915757
299.9916052
4041.39841
3999.282885
3922.454709
3831.750749
3751.086628
3689.181199
3663.018146
3487.094314
3007.350301
1155.073239
572.1894354
373.4744195
316.6666383
303.2219875
300.5413418
300.0805206
300.0107689
300.0013115
300.0001469
300.0000153
300.0000015
300.0000001
299.9999998
299.9999988
299.9999948
299.9999791
299.9999233
299.9997466
299.999252
299.9980407
299.9954713
299.9907827
299.9907875
299.9909902
299.9911648
299.991311
299.9914284
299.9915167
299.9915757
299.9916052
4047.530035
3994.504281
3888.77437
3764.436399
3670.397837
3623.442246
3637.857783
3400.992558
2910.885103
1144.171567
580.5746668
379.4274404
318.9426292
303.8519679
300.6804979
300.1063277
300.0149176
300.0019026
300.0002228
300.0000242
300.0000024
300.0000002
299.9999998
299.9999988
299.9999948
299.9999791
299.9999233
299.9997466
299.999252
299.9980407
299.9954713
299.9907827
299.9907875
299.9909902
299.9911649
299.991311
299.9914284
299.9915167
299.9915757
299.9916052
4055.251682
3991.0978
3838.661399
3660.500029
3536.966935
3469.014286
3354.733753
3323.431788
2796.813095
1127.671682
589.7244973
386.1429682
321.5808293
304.6075508
300.8535942
300.1396314
300.0204701
300.0027226
300.0003319
300.0000374
300.0000039
300.0000003
299.9999998
299.9999988
299.9999948
299.9999791
299.9999233
299.9997466
299.999252
299.9980407
299.9954713
299.9907827
299.9907875
299.9909902
299.9911649
299.991311
299.9914284
299.9915167
299.9915757
299.9916052
4068.571704
4005.835304
3784.788217
3545.541625
3390.08455
3311.490735
3263.180467
3273.020827
2705.151196
1113.075225
598.8008354
392.8998105
324.367373
305.4451555
301.0544412
300.1799946
300.0274889
300.0038026
300.0004814
300.0000562
300.0000061
300.0000006
299.9999998
299.9999988
299.9999948
299.9999791
299.9999233
299.9997466
299.999252
299.9980407
299.9954713
299.9907827
299.9907875
299.9909902
299.9911649
299.991311
299.9914284
299.9915167
299.9915757
299.9916052
4084.607102
4065.742322
3751.64781
3446.902563
3243.548066
3111.628733
3009.885945
2913.560813
2577.044017
1097.271208
606.1273686
399.6368931
327.3743221
306.3960874
301.2924356
300.2297894
300.0364942
300.0052426
300.0006884
300.0000833
300.0000094
300.0000009
299.9999999
299.9999988
299.9999948
299.9999791
299.9999233
299.9997466
299.999252
299.9980407
299.9954713
299.9907827
299.9907875
299.9909902
299.9911649
299.991311
299.9914284
299.9915167
299.9915757
299.9916052
4064.77312
4120.076418
3723.415749
3363.563761
3136.844589
2954.867095
2772.437232
2496.962589
2228.69165
1073.360155
610.5498577
406.7030345
330.8085524
307.5254459
301.5840488
300.292693
300.0482294
300.0071797
300.000976
300.0001222
300.0000142
300.0000015
299.9999999
299.9999989
299.9999948
299.9999791
299.9999233
299.9997466
299.999252
299.9980407
299.9954713
299.9907827
299.9907875
299.9909902
299.9911649
299.991311
299.9914284
299.9915167
299.9915757
299.9916052
3746.58439
4055.967278
3518.298501
3263.266629
3061.553461
2863.281723
2643.426021
2338.034778
2187.810056
1031.154473
611.2618328
413.8247731
334.5248367
308.7891807
301.9207904
300.3677626
300.0627212
300.0096571
300.0013572
300.0001757
300.0000211
300.0000023
300
299.9999989
299.9999948
299.9999791
299.9999233
299.9997466
299.999252
299.9980407
299.9954713
299.9907827
299.9907875
299.9909902
299.9911649
299.991311
299.9914284
299.9915167
299.9915757
299.9916052
3422.87478
3449.406973
3323.175177
3161.560949
2984.022737
2783.922024
2547.140655
2248.288929
2128.391566
983.3751049
610.4875788
419.986092
337.8902413
309.9907093
302.2586314
300.4472761
300.0789024
300.0125671
300.0018272
300.0002447
300.0000304
300.0000035
300.0000001
299.9999989
299.9999948
299.9999791
299.9999233
299.9997466
299.999252
299.9980407
299.9954713
299.9907827
299.9907875
299.9909902
299.9911649
299.991311
299.9914284
299.9915167
299.9915757
299.9916052
3275.233798
3258.484991
3182.259502
3047.871082
2872.881242
2671.975042
2439.461251
2179.306864
2026.260557
971.8508121
614.1929353
424.6728646
340.42861
310.9828919
302.5651485
300.5256881
300.0960631
300.0158584
300.0023905
300.000332
300.0000428
300.0000051
300.0000003
299.9999989
299.9999948
299.9999791
299.9999233
299.9997466
299.999252
299.9980407
299.9954713
299.9907827
299.9907875
299.9909902
299.9911649
299.991311
299.9914284
299.9915167
299.9915757
299.9916052
3157.606716
3126.775975
3045.571395
2902.076539
2708.618102
2494.411916
2266.918901
2076.380894
2141.190172
990.8057512
621.7095801
428.3045682
342.4229856
311.8648221
302.8662521
300.6088053
300.1154055
300.0197684
300.003092
300.0004455
300.0000595
300.0000074
300.0000006
299.9999989
299.9999949
299.9999791
299.9999233
299.9997466
299.999252
299.9980407
299.9954713
299.9907827
299.9907875
299.9909902
299.9911649
299.991311
299.9914284
299.9915167
299.9915757
299.9916052
3034.830445
2991.113165
2887.567372
2710.731884
2465.295933
2199.920644
1931.273012
1849.871356
1916.086955
982.6162868
626.0984475
431.9941594
344.7734171
312.9223388
303.2290192
300.7100816
300.1394034
300.0247312
300.0040055
300.0005974
300.0000826
300.0000106
300.0000011
299.999999
299.9999949
299.9999791
299.9999233
299.9997466
299.999252
299.9980407
299.9954713
299.9907827
299.9907875
299.9909902
299.9911649
299.991311
299.9914284
299.9915167
299.9915757
299.9916052
2901.206575
2846.570394
2724.265986
2530.616159
2267.865165
1968.804613
1835.200773
1825.479513
1659.148764
927.8060037
626.3230282
437.7642703
348.2222059
314.3302886
303.6884233
300.8362483
300.1693878
300.031018
300.005186
300.0007983
300.0001139
300.0000151
300.0000017
299.9999991
299.9999949
299.9999791
299.9999233
299.9997466
299.999252
299.9980407
299.9954713
299.9907827
299.9907875
299.9909902
299.9911649
299.991311
299.9914284
299.9915167
299.9915757
299.9916052
2756.874643
2695.134667
2563.430407
2377.598051
2142.285012
1886.375177
1862.439288
1851.7264
1355.488821
960.950537
646.4080342
447.856854
352.6474767
315.9903
304.2208488
300.9836119
300.2050548
300.0386716
300.0066606
300.0010562
300.0001553
300.0000212
300.0000025
299.9999992
299.9999949
299.9999791
299.9999233
299.9997466
299.999252
299.9980407
299.9954713
299.9907827
299.9907875
299.9909902
299.9911649
299.991311
299.9914284
299.9915167
299.9915757
299.9916052
2603.279187
2539.941675
2405.616872
2225.911404
2000.112779
1847.156513
1843.622172
1717.739799
1318.71727
959.1549963
652.1775907
454.0209276
356.3067704
317.5778808
304.7724033
301.1443533
300.2455154
300.0476514
300.0084454
300.0013779
300.0002084
300.0000293
300.0000036
299.9999993
299.9999949
299.9999791
299.9999233
299.9997466
299.999252
299.9980407
299.9954713
299.9907827
299.9907875
299.9909902
299.9911649
299.991311
299.9914284
299.9915167
299.9915757
299.9916052
2444.119655
2385.603227
2258.508694
2086.618662
1854.490998
1822.316405
1799.144054
1649.701593
1219.926123
901.4144141
642.0907326
456.3059255
359.22195
319.0833744
305.3367341
301.3166291
300.2904528
300.0579417
300.0105517
300.0017683
300.0002746
300.0000397
300.0000051
299.9999995
299.9999949
299.9999791
299.9999233
299.9997466
299.999252
299.9980407
299.9954713
299.9907827
299.9907875
299.9909902
299.9911649
299.991311
299.9914284
299.9915167
299.9915757
299.9916052
2284.018491
2232.974908
2124.113814
1981.692308
1821.544061
1811.891175
1771.485094
1492.462533
1159.690671
891.8140812
645.5647345
461.8553769
362.822608
320.7351887
305.9404252
301.5017563
300.3395378
300.0694251
300.0129581
300.0022254
300.000354
300.0000524
300.000007
299.9999998
299.999995
299.9999791
299.9999233
299.9997466
299.999252
299.9980407
299.9954713
299.9907827
299.9907875
299.9909902
299.9911649
299.991311
299.9914284
299.9915167
299.9915757
299.9916052
2134.451175
2085.651924
2000.548604
1875.465753
1825.274528
1811.664283
1755.838356
1480.017693
1231.436795
939.461137
666.4534842
471.749064
367.2976053
322.5360331
306.5705942
301.693672
300.3908901
300.0816375
300.0155682
300.0027317
300.000444
300.0000672
300.0000093
300.0000001
299.999995
299.9999791
299.9999233
299.9997466
299.999252
299.9980407
299.9954713
299.9907827
299.9907875
299.9909902
299.9911649
299.991311
299.9914284
299.9915167
299.9915757
299.9916052
2008.313419
1940.404137
1895.973578
1860.566501
1837.288647
1812.055211
1795.764871
1446.32163
1261.854488
979.5039061
688.2196177
481.967567
371.70035
324.2534025
307.1655498
301.8755742
300.4401414
300.0935394
300.0181583
300.0032438
300.0005367
300.0000826
300.0000117
300.0000005
299.999995
299.9999791
299.9999233
299.9997466
299.999252
299.9980407
299.9954713
299.9907827
299.9907875
299.9909902
299.9911649
299.991311
299.9914284
299.9915167
299.9915757
299.9916052
1918.854155
1900.313522
1890.83492
1860.48546
1838.981002
1811.782958
1585.840698
1558.037553
1329.845044
1013.958135
704.0734099
489.1706906
374.8240867
325.497325
307.6079787
302.014703
300.4788853
300.1031602
300.020307
300.0036791
300.0006173
300.0000964
300.0000139
300.0000008
299.9999951
299.9999791
299.9999233
299.9997466
299.999252
299.9980407
299.9954713
299.9907827
299.9907875
299.9909902
299.9911649
299.991311
299.9914284
299.9915167
299.9915757
299.9916052
1915.692215
1906.462398
1891.499914
1864.143194
1828.890748
1621.637494
1579.491519
1533.883739
1320.504795
1005.858945
699.6371102
487.6341549
374.5967849
325.5959006
307.7007724
302.0582531
300.4941325
300.1075576
300.0213992
300.0039188
300.0006646
300.0001049
300.0000153
300.000001
299.9999951
299.9999791
299.9999233
299.9997466
299.999252
299.9980407
299.9954713
299.9907827
299.9907875
299.9909902
299.9911649
299.991311
299.9914284
299.9915167
299.9915757
299.9916052
1917.916652
1909.142128
1892.341032
1838.498631
1723.22109
1532.531093
1468.039216
1390.714148
1219.869963
948.1391328
669.1675584
474.2222375
369.6878432
324.078068
307.2987518
301.9662326
300.4758781
300.104437
300.0209496
300.0038678
300.0006612
300.0001052
300.0000154
300.000001
299.9999951
299.9999791
299.9999233
299.9997466
299.999252
299.9980407
299.9954713
299.9907827
299.9907875
299.9909902
299.9911649
299.991311
299.9914284
299.9915167
299.9915757
299.9916052
1913.990185
1896.10815
1814.268118
1718.452222
1613.535477
1435.148017
1307.008277
1290.196519
1128.72412
873.1732561
624.753909
453.4318122
361.6340415
321.4175186
306.5334644
301.7715927
300.4315788
300.0953262
300.0192425
300.0035744
300.0006147
300.0000983
300.0000145
300.0000009
299.9999951
299.9999791
299.9999233
299.9997466
299.999252
299.9980407
299.9954713
299.9907827
299.9907875
299.9909902
299.9911649
299.991311
299.9914284
299.9915167
299.9915757
299.9916052
1842.183463
1809.188269
1738.242129
1646.235416
1532.49325
1338.166053
1258.457062
1200.782885
1039.30544
811.9565488
589.7564086
437.0273142
355.1919869
319.2486018
305.8955457
301.6052394
300.3926541
300.087073
300.0176436
300.0032893
300.0005676
300.0000911
300.0000134
300.0000008
299.9999951
299.9999791
299.9999233
299.9997466
299.999252
299.9980407
299.9954713
299.9907827
299.9907875
299.9909902
299.9911649
299.991311
299.9914284
299.9915167
299.9915757
299.9916052
)
;

boundaryField
{
    lowerWall
    {
        type            zeroGradient;
    }
    atmosphere
    {
        type            zeroGradient;
    }
    rightWall
    {
        type            empty;
    }
    leftWall
    {
        type            empty;
    }
    frontAndBack
    {
        type            fixedGradient;
        gradient        uniform -50;
    }
}


// ************************************************************************* //
