/*--------------------------------*- C++ -*----------------------------------*\
| =========                 |                                                 |
| \\      /  F ield         | OpenFOAM: The Open Source CFD Toolbox           |
|  \\    /   O peration     | Version:  2506                                  |
|   \\  /    A nd           | Website:  www.openfoam.com                      |
|    \\/     M anipulation  |                                                 |
\*---------------------------------------------------------------------------*/
FoamFile
{
    version     2.0;
    format      ascii;
    arch        "LSB;label=32;scalar=64";
    class       volScalarField;
    location    "0.008";
    object      TLiquidus;
}
// * * * * * * * * * * * * * * * * * * * * * * * * * * * * * * * * * * * * * //

dimensions      [0 0 0 1 0 0 0];

internalField   nonuniform List<scalar> 
3200
(
10
10
1723
11.05717929
10.00000003
10.00000003
1723
1723
1723
1723
1723
1723
1723
1723
1723
1723
1723
1723
1723
1723
1723
1723
1723
1723
1723
1723
1723
1723
1723
1723
1723
1723
10.00000068
10
10
10
10
10
10
10
10
10
10
10
10.00000001
10.00000001
1723
1723
1723
1723
1723
1723
1723
1723
1723
1723
1723
1723
1723
1723
1723
1723
1723
1723
1723
1723
1723
1723
1723
1723
1723
1723
10.00000068
10
10
10
10
10
10
10
10
10
10
10
10
10.00000001
1723
1723
1723
1723
1723
1723
1723
1723
1723
1723
1723
1723
1723
1723
1723
1723
1723
1723
1723
1723
1723
1723
1723
1723
1723
1723
10.00000068
10
10
10
10
10
10
10
10
10
10
10
10
10
1723
1723
1723
1723
1723
1723
1723
1723
1723
1723
1723
1723
1723
1723
1723
1723
1723
1723
1723
1723
1723
1723
1723
1723
1723
1723
10.00000069
10
10
10
10
10
10
10
10
10
10
10
10
10
1723
1723
1723
1723
1723
1723
1723
1723
1723
1723
1723
1723
1723
1723
1723
1723
1723
1723
1723
1723
1723
1723
1723
1723
1723
1723
10.00000069
10
10
10
10
10
10
10
10
10
10
10
10
10
1723
1723
1723
1723
1723
1723
1723
1723
1723
1723
1723
1723
1723
1723
1723
1723
1723
1723
1723
1723
1723
1723
1723
1723
1723
1723
10.0000007
10
10
10
10
10
10
10
10.00000001
10.00000001
10
10
10
10
10
1723
1723
1723
1723
1723
1723
1723
1723
1723
1723
1723
1723
1723
1723
1723
1723
1723
1723
1723
1723
1723
1723
1723
1723
1723
10.00000071
10
10
10
10
10
10
10
10.00000002
10.00000002
10.00000001
10.00000001
10
10
1723
1723
1723
1723
1723
1723
1723
1723
1723
1723
1723
1723
1723
1723
1723
1723
1723
1723
1723
1723
1723
1723
1723
1723
1723
1723
10.00000072
10
10
10
10
10
10
10
10.00000005
10.00000005
10.00000004
10.00000004
10.00000003
10.00000002
1723
1723
1723
1723
1723
1723
1723
1723
1723
1723
1723
1723
1723
1723
1723
1723
1723
1723
1723
1723
1723
1723
1723
1723
1723
1723
10.00000073
10
10
10
10
10
10
10
10.00000002
10.00000005
10.00000004
10.00000003
10.00000003
10.00000008
10.00000009
1723
1723
1723
1723
1723
1723
1723
1723
1723
1723
1723
1723
1723
1723
1723
1723
1723
1723
1723
1723
1723
1723
1723
1723
1723
10.00000074
10
10
10
10
10
10
10
10
10.00000001
10.00000002
10.00000002
10.00000001
10.00000003
10.00000011
1723
1723
1723
1723
1723
1723
1723
1723
1723
1723
1723
1723
1723
1723
1723
1723
1723
1723
1723
1723
1723
1723
1723
1723
1723
10.00000075
10
10
10
10
10
10
10
10
10.00000001
10.00000001
31.4367267
1723
23.70603622
10.00000009
1723
1723
1723
1723
1723
1723
1723
1723
1723
1723
1723
1723
1723
1723
1723
1723
1723
1723
1723
1723
1723
1723
1723
1723
1723
10.00000076
10
10
10
10
10
10
10
10
10.00000001
10.00000001
1723
1723
1723
1723
1723
1723
1723
1723
1723
1723
1723
1723
1723
1723
1723
1723
1723
1723
1723
1723
1723
1723
1723
1723
1723
1723
1723
1723
1723
10.00000077
10
10
10
10
10
10
10
10.00000001
10.00000003
10.00000002
10.00000002
1723
1723
1723
1723
1723
1723
1723
1723
1723
1723
1723
1723
1723
1723
1723
1723
1723
1723
1723
1723
1723
1723
1723
1723
1723
1723
1723
1723
10.00000079
10
10
10
10
10
10
10
10.00000004
10.00000004
10.00000003
10.00000003
1723
1723
1723
1723
1723
1723
1723
1723
1723
1723
1723
1723
1723
1723
1723
1723
1723
1723
1723
1723
1723
1723
1723
1723
1723
1723
1723
1723
10.0000008
10
10
10
10
10
10
10
10.00000007
10.00000006
10.00000005
10.00000008
10.00000003
10.00000001
27.99007604
1723
1723
1723
1723
1723
1723
1723
1723
1723
1723
1723
1723
1723
1723
1723
1723
1723
1723
1723
1723
1723
1723
1723
1723
1723
10.00000081
10
10
10
10
10
10
10
10.00000009
10.00000008
10.00000008
10.00000005
10.00000003
10.0000001
10.00000013
22.17685801
1723
1723
1723
1723
1723
1723
1723
1723
1723
1723
1723
1723
1723
1723
1723
1723
1723
1723
1723
1723
1723
1723
1723
1723
10.00000082
10
10
10
10
10
10
10
10.00000014
10.00000016
10.00000019
10.00000019
10.00000019
10.00000021
10.0000002
10.00000014
55.84193603
1723
1723
1723
1723
1723
1723
1723
1723
1723
1723
1723
1723
1723
1723
1723
1723
1723
1723
1723
1723
1723
1723
1723
10.00000084
10
10
10
10
10
10
10
10.00000016
10.00000017
10.0000002
10.00000024
10.00000027
10.00000025
10.00000023
10.00000022
10.00000031
1723
1723
1723
1723
1723
1723
1723
1723
1723
1723
1723
1723
1723
1723
1723
1723
1723
1723
1723
1723
1723
1723
1723
10.00000085
10
10
10
10
10
10
10
10.00000009
10.00000013
10.00000016
10.00000017
10.0000002
10.00000023
10.00000023
10.00000024
10.0000005
1723
1723
1723
1723
1723
1723
1723
1723
1723
1723
1723
1723
1723
1723
1723
1723
1723
1723
1723
1723
1723
1723
1723
10.00000086
10
10
10
10
10
10
10
10.00000002
10.00000005
10.00000008
10.00000011
10.00000015
10.00000019
10.00000022
10.00000027
10.00000063
1723
1723
1723
1723
1723
1723
1723
1723
1723
1723
1723
1723
1723
1723
1723
1723
1723
1723
1723
1723
1723
1723
1723
10.00000087
10
10
10
10
10
10
10
10
10.00000001
10.00000004
10.00000008
10.00000013
10.00000018
10.00000022
10.00000043
10.00000073
1723
1723
1723
1723
1723
1723
1723
1723
1723
1723
1723
1723
1723
1723
1723
1723
1723
1723
1723
1723
1723
1723
1723
10.00000088
10
10
10
10
10
10
10
10
10.00000002
10.00000004
10.00000009
10.00000016
10.00000021
10.00000025
10.00000098
10.0000007
1723
1723
1723
1723
1723
1723
1723
1723
1723
1723
1723
1723
1723
1723
1723
1723
1723
1723
1723
1723
1723
1723
1723
10.00000089
10
10
10
10
10
10
10
10.00000001
10.00000003
10.00000009
10.00000016
10.00000021
10.00000024
10.00000048
10.00000249
10.00000044
1723
1723
1723
1723
1723
1723
1723
1723
1723
1723
1723
1723
1723
1723
1723
1723
1723
1723
1723
1723
1723
1723
1723
10.0000009
10
10
10
10
10
10
10
10.00000003
10.00000012
10.00000018
10.0000002
10.00000023
10.00000038
10.0000018
10.00000363
10.0000002
1723
1723
1723
1723
1723
1723
1723
1723
1723
1723
1723
1723
1723
1723
1723
1723
1723
1723
1723
1723
1723
1723
1723
10.00000091
10
10
10
10
10
10
10
10.00000013
10.00000017
10.00000019
10.00000021
10.00000032
10.00000069
10.00000155
10.00000183
10.0000001
1723
1723
1723
1723
1723
1723
1723
1723
1723
1723
1723
1723
1723
1723
1723
1723
1723
1723
1723
1723
1723
1723
1723
10.00000091
10
10
10
10
10
10
10
10.00000016
10.00000017
10.00000022
10.00000036
10.00000067
10.00000102
10.00000125
10.0000016
10.0000001
1723
1723
1723
1723
1723
1723
1723
1723
1723
1723
1723
1723
1723
1723
1723
1723
1723
1723
1723
1723
1723
1723
1723
10.00000092
10
10
10
10
10
10
10
10.00000015
10.00000013
10.00000009
1723
1723
21.93658055
10.00000043
10.00000125
10.00000009
1723
1723
1723
1723
1723
1723
1723
1723
1723
1723
1723
1723
1723
1723
1723
1723
1723
1723
1723
1723
1723
1723
1723
10.00000092
10
10
10
10
10
10
10
10.00000013
10.00000011
10.00000007
1723
1723
10.1929703
1723
1723
21.43636674
1723
1723
1723
1723
1723
1723
1723
1723
1723
1723
1723
1723
1723
1723
1723
1723
1723
1723
1723
1723
1723
1723
1723
10.00000093
10
10
10
10
10
10
10
10.00000011
10.00000008
10.00000008
10.00000002
10.00000002
10.00000033
10.00000006
1723
64.21115486
1723
1723
1723
1723
1723
1723
1723
1723
1723
1723
1723
1723
1723
1723
1723
1723
1723
1723
1723
1723
1723
1723
1723
10.00000093
10
10
10
10
10
10
10
10.00000006
10.00000006
10.00000007
10.00000007
10.00000008
10.00000118
10.00000049
11.00464084
68.94900216
1723
1723
1723
1723
1723
1723
1723
1723
1723
1723
1723
1723
1723
1723
1723
1723
1723
1723
1723
1723
1723
1723
1723
10.00000094
10
10
10
10
10
10
10
10.00000002
10.00000004
10.00000006
10.00000008
10.0000001
10.00000016
10.00000019
10
1723
1723
1723
1723
1723
1723
1723
1723
1723
1723
1723
1723
1723
1723
1723
1723
1723
1723
1723
1723
1723
1723
1723
1723
10.00000094
10
10
10
10
10
10
10
10.00000001
10.00000003
10.00000007
10.00000009
10.00000012
10.00000018
10.0000002
10
1723
1723
1723
1723
1723
1723
1723
1723
1723
1723
1723
1723
1723
1723
1723
1723
1723
1723
1723
1723
1723
1723
1723
1723
10.00000094
10
10
10
10
10
10
10
10.00000002
10.00000007
10.00000011
10.00000014
10.00000017
10.00000021
10.00000024
1723
1723
1723
1723
1723
1723
1723
1723
1723
1723
1723
1723
1723
1723
1723
1723
1723
1723
1723
1723
1723
1723
1723
1723
1723
10.00000094
10
10
10
10
10
10
10
10.00000004
10.00000013
10.0000002
10.00000023
10.00000025
10.00000028
10.00000027
1723
1723
1723
1723
1723
1723
1723
1723
1723
1723
1723
1723
1723
1723
1723
1723
1723
1723
1723
1723
1723
1723
1723
1723
1723
10.00000094
10
10
10
10
10
10
10
10.00000006
10.0000002
10.00000032
10.00000035
10.00000033
10.00000033
10.00000026
36.13380887
1723
1723
1723
1723
1723
1723
1723
1723
1723
1723
1723
1723
1723
1723
1723
1723
1723
1723
1723
1723
1723
1723
1723
1723
10.00000094
10
10
10
10
10
10
10
10.00000005
10.00000022
10.00000041
10.00000042
10.0000004
10.00000015
10.00000007
10.00000002
10.00000005
10.00000007
10.00000006
1723
1723
1723
1723
1723
1723
1723
1723
1723
1723
1723
1723
1723
1723
1723
1723
1723
1723
1723
1723
1723
10.00000094
10
10
10
10
10
10
10
10.00000001
10.00000016
10.0000004
10.00000046
10.00000038
10.00000008
10.00000004
10.00000003
10.00000006
10.00000009
10.00000011
1723
1723
1723
1723
1723
1723
1723
1723
1723
1723
1723
1723
1723
1723
1723
1723
1723
1723
1723
1723
1723
10.00000094
10
10
10
10
10
10
10
10
10.00000007
10.00000027
10.00000043
10.00000039
10.00000011
10.00000003
10.00000003
10.00000006
10.00000009
10.00000011
1723
1723
1723
1723
1723
1723
1723
1723
1723
1723
1723
1723
1723
1723
1723
1723
1723
1723
1723
1723
1723
10.00000093
10
10
10
10
10
10
10
10
10.00000002
10.00000013
10.00000031
10.00000035
10.00000018
10.00000006
10.00000005
10.00000006
10.00000009
10.00000011
1723
1723
1723
1723
1723
1723
1723
1723
1723
1723
1723
1723
1723
1723
1723
1723
1723
1723
1723
1723
1723
10.00000093
10
10
10
10
10
10
10
10
10.00000001
10.00000005
10.00000017
10.00000024
10.0000002
10.00000012
10.00000009
10.0000001
10.00000011
10.00000011
1723
1723
1723
1723
1723
1723
1723
1723
1723
1723
1723
1723
1723
1723
1723
1723
1723
1723
1723
1723
1723
10.00000092
10
10
10
10
10
10
10
10
10
10.00000001
10.00000007
10.00000013
10.00000015
10.00000013
10.00000012
10.00000012
10.00000012
10.00000011
1723
1723
1723
1723
1723
1723
1723
1723
1723
1723
1723
1723
1723
1723
1723
1723
1723
1723
1723
1723
1723
10.00000092
10
10
10
10
10
10
10
10
10
10
10.00000002
10.00000005
10.00000008
10.0000001
10.0000001
10.0000001
10.0000001
10.00000011
69.00099981
1723
1723
1723
1723
1723
1723
1723
1723
1723
1723
1723
1723
1723
1723
1723
1723
1723
1723
1723
1723
10.00000091
10
10
10
10
10
10
10
10
10
10
10.00000001
10.00000002
10.00000004
10.00000006
10.00000007
10.00000008
10.00000009
10.00000009
1723
1723
1723
1723
1723
1723
1723
1723
1723
1723
1723
1723
1723
1723
1723
1723
1723
1723
1723
1723
1723
10.0000009
10
10
10
10
10
10
10
10
10
10
10
10.00000001
10.00000003
10.00000005
10.00000008
10.00000006
61.6251163
1723
1723
1723
1723
1723
1723
1723
1723
1723
1723
1723
1723
1723
1723
1723
1723
1723
1723
1723
1723
1723
1723
10.00000089
10
10
10
10
10
10
10
10
10
10.00000001
10.00000003
10.00000006
10.00000008
10.0000001
10.00000011
10
1723
1723
1723
1723
1723
1723
1723
1723
1723
1723
1723
1723
1723
1723
1723
1723
1723
1723
1723
1723
1723
1723
1723
10.00000088
10
10
10
10
10
10
10
10
10.00000001
10.00000003
10.00000009
10.00000014
10.00000017
10.00000017
10.0000001
1723
1723
1723
1723
1723
1723
1723
1723
1723
1723
1723
1723
1723
1723
1723
1723
1723
1723
1723
1723
1723
1723
1723
1723
10.00000087
10
10
10
10
10
10
10
10
10.00000002
10.00000008
10.00000019
10.00000019
10.00000018
10.00000017
10.00000006
1723
1723
1723
1723
1723
1723
1723
1723
1723
1723
1723
1723
1723
1723
1723
1723
1723
1723
1723
1723
1723
1723
1723
1723
10.00000086
10
10
10
10
10
10
10
10
10.00000004
10.00000019
10.00000024
10.00000011
10.00000012
10.00000009
1723
1723
1723
1723
1723
1723
1723
1723
1723
1723
1723
1723
1723
1723
1723
1723
1723
1723
1723
1723
1723
1723
1723
1723
1723
10.00000085
10
10
10
10
10
10
10
10.00000001
10.00000006
10.00000026
10.00000018
10.00000007
10.00000006
1723
1723
1723
1723
1723
1723
1723
1723
1723
1723
1723
1723
1723
1723
1723
1723
1723
1723
1723
1723
1723
1723
1723
1723
1723
1723
10.00000084
10
10
10
10
10
10
10
10.00000001
10.0000001
10.00000028
10.00000021
10.00000008
10.00000004
1723
1723
1723
1723
1723
1723
1723
1723
1723
1723
1723
1723
1723
1723
1723
1723
1723
1723
1723
1723
1723
1723
1723
1723
1723
1723
10.00000083
10
10
10
10
10
10
10
10.00000111
10.00000039
10.00000024
10.00000021
10.0000001
10.00000005
1723
1723
1723
1723
1723
1723
1723
1723
1723
1723
1723
1723
1723
1723
1723
1723
1723
1723
1723
1723
1723
1723
1723
1723
1723
1723
10.00000082
10
10
10
10
10
10
10
10.00000154
10.00000069
10.0000006
10.00000014
10.00000006
10.00000003
10.00000001
1723
1723
1723
1723
1723
1723
1723
1723
1723
1723
1723
1723
1723
1723
1723
1723
1723
1723
1723
1723
1723
1723
1723
1723
1723
10.00000081
10
10
10
10
10
10
10
10.00000228
10.00000132
10.00000174
10.00000172
10.00000315
10.00000985
10.00000001
1723
1723
1723
1723
1723
1723
1723
1723
1723
1723
1723
1723
1723
1723
1723
1723
1723
1723
1723
1723
1723
1723
1723
1723
1723
10.0000008
10
10
10
10
10
10
10
10.00000229
10.00000192
10.00000243
10.00000249
10.00000249
1723
1723
1723
1723
1723
1723
1723
1723
1723
1723
1723
1723
1723
1723
1723
1723
1723
1723
1723
1723
1723
1723
1723
1723
1723
1723
1723
10.00000079
10
10
10
10
10
10
10
10.00000328
10.00000245
10.00000239
10.00000209
10.00000152
1723
1723
1723
1723
1723
1723
1723
1723
1723
1723
1723
1723
1723
1723
1723
1723
1723
1723
1723
1723
1723
1723
1723
1723
1723
1723
1723
10.00000078
10
10
10
10
10
10
10
10.00000479
10.00000248
10.00000174
10.00000134
10.00000088
1723
1723
1723
1723
1723
1723
1723
1723
1723
1723
1723
1723
1723
1723
1723
1723
1723
1723
1723
1723
1723
1723
1723
1723
1723
1723
1723
10.00000077
10
10
10
10
10
10
10
10.00000498
10.00000176
10.00000121
10.00000112
10.00000089
10.0000004
1723
1723
1723
1723
1723
1723
1723
1723
1723
1723
1723
1723
1723
1723
1723
1723
1723
1723
1723
1723
1723
1723
1723
1723
1723
1723
10.00000076
10
10
10
10
10
10
10
10.00000318
10.00000086
10.00000117
10.00000119
10.00000088
10.00000043
55.61122829
1723
1723
1723
1723
1723
1723
1723
1723
1723
1723
1723
1723
1723
1723
1723
1723
1723
1723
1723
1723
1723
1723
1723
1723
1723
10.00000075
10
10
10
10
10
10
10
10.0000012
10.00000026
10.0000014
10.0000012
10.0000008
10.0000004
10.00000015
1723
1723
1723
1723
1723
1723
1723
1723
1723
1723
1723
1723
1723
1723
1723
1723
1723
1723
1723
1723
1723
1723
1723
1723
1723
10.00000074
10
10
10
10
10
10
10
10.00000024
10.00000004
10.00000162
10.00000137
10.00000103
10.00000067
10.00000038
1723
1723
1723
1723
1723
1723
1723
1723
1723
1723
1723
1723
1723
1723
1723
1723
1723
1723
1723
1723
1723
1723
1723
1723
1723
10.00000073
10
10
10
10
10
10
10
10.00000001
10
10.00000177
10.0000016
10.00000137
10.00000111
10.00000073
10.00000024
1723
1723
1723
1723
1723
1723
1723
1723
1723
1723
1723
1723
1723
1723
1723
1723
1723
1723
1723
1723
1723
1723
1723
1723
10.00000073
10
10
10
10
10
10
10
14.54544012
54.037948
10.00000184
10.00000181
10.00000159
10.00000141
10.00000116
10.00000084
1723
1723
1723
1723
1723
1723
1723
1723
1723
1723
1723
1723
1723
1723
1723
1723
1723
1723
1723
1723
1723
1723
1723
1723
10.00000072
10
10
10
10
10
10
10
10.06962619
12.75263998
10.00000175
10.00000196
10.00000171
10.00000145
10.00000112
10.00000121
1723
1723
1723
1723
1723
1723
1723
1723
1723
1723
1723
1723
1723
1723
1723
1723
1723
1723
1723
1723
1723
1723
1723
1723
10.00000072
10
10
10
10
10
10
10
10.00000012
10.00000042
10.00000151
10.00000197
10.00000169
10.00000135
10.00000086
10.00000104
1723
1723
1723
1723
1723
1723
1723
1723
1723
1723
1723
1723
1723
1723
1723
1723
1723
1723
1723
1723
1723
1723
1723
1723
10.00000071
10
10
10
10
10
10
10
10.00000018
10.00000045
10.00000127
10.00000178
10.00000144
10.00000109
10.00000065
10.00000073
72.25579654
1723
1723
1723
1723
1723
1723
1723
1723
1723
1723
1723
1723
1723
1723
1723
1723
1723
1723
1723
1723
1723
1723
1723
10.00000071
10
10
10
10
10
10
10
10.00000031
10.00000051
10.00000104
10.00000135
10.000001
10.00000074
10.00000047
10.00000045
1723
1723
1723
1723
1723
1723
1723
1723
1723
1723
1723
1723
1723
1723
1723
1723
1723
1723
1723
1723
1723
1723
1723
1723
10.00000071
10
10
10
10
10
10
10
10.00000036
10.00000047
10.00000071
10.00000069
10.00000035
10.00000023
10.00000016
1723
1723
1723
1723
1723
1723
1723
1723
1723
1723
1723
1723
1723
1723
1723
1723
1723
1723
1723
1723
1723
1723
1723
1723
1723
10.0000007
10
10
10
10
10
10
10
10.00000033
10.00000035
10.00000038
10.00000032
10.00000017
10.00000008
1723
1723
1723
1723
1723
1723
1723
1723
1723
1723
1723
1723
1723
1723
1723
1723
1723
1723
1723
1723
1723
1723
1723
1723
1723
1723
10.0000007
10
10
10
10
10
10
10
10.00000025
10.00000024
10.00000015
10.00000015
10.00000011
10.00000005
1723
1723
1723
1723
1723
1723
1723
1723
1723
1723
1723
1723
1723
1723
1723
1723
1723
1723
1723
1723
1723
1723
1723
1723
1723
1723
10.0000007
10
10
10
10
10
10
10
10.00000017
10.00000016
10.00000005
10.00000007
10.00000006
52.86837569
1723
1723
1723
1723
1723
1723
1723
1723
1723
1723
1723
1723
1723
1723
1723
1723
1723
1723
1723
1723
1723
1723
1723
1723
1723
1723
10.0000007
10
10
10
10
10
10
10
10.00000009
10.00000011
10.00000002
10.00000003
10.00000003
1723
1723
1723
1723
1723
1723
1723
1723
1723
1723
1723
1723
1723
1723
1723
1723
1723
1723
1723
1723
1723
1723
1723
1723
1723
1723
1723
10.0000007
10
10
10
10
10
10
10
10.00000005
10.00000008
10.00000001
10.00000001
10.00000001
1723
1723
1723
1723
1723
1723
1723
1723
1723
1723
1723
1723
1723
1723
1723
1723
1723
1723
1723
1723
1723
1723
1723
1723
1723
1723
1723
10.0000007
10
10
10
10
10
10
10
10.00000004
10.00000006
10.00000001
10.00000001
1723
1723
1723
1723
1723
1723
1723
1723
1723
1723
1723
1723
1723
1723
1723
1723
1723
1723
1723
1723
1723
1723
1723
1723
1723
1723
1723
1723
10.0000007
10
10
10
10
10
10
10
10.00000004
10.00000023
10.00001408
1723
1723
1723
29.50471454
1723
1723
1723
1723
1723
1723
1723
1723
1723
1723
1723
1723
1723
1723
1723
1723
1723
1723
1723
1723
1723
1723
1723
1723
1723
10.0000007
10
10
10
10
10
10
10
10.00000001
1723
1723
1723
1723
26.07525022
10.00000001
1723
1723
1723
1723
1723
1723
1723
1723
1723
1723
1723
1723
1723
1723
1723
1723
1723
1723
1723
1723
1723
1723
1723
1723
1723
10.0000007
10
10
10
10
10
10
10
1723
1723
1723
1723
10.00000001
10.00000001
1723
1723
1723
1723
1723
1723
1723
1723
1723
1723
1723
1723
1723
1723
1723
1723
1723
1723
1723
1723
1723
1723
1723
1723
1723
1723
10.0000007
10
10
10
10
10
10
10
1723
1723
68.05617722
10.00000001
10.00000001
10.00000002
1723
1723
1723
1723
1723
1723
1723
1723
1723
1723
1723
1723
1723
1723
1723
1723
1723
1723
1723
1723
1723
1723
1723
1723
1723
1723
10.0000007
10
10
10
10
10
10
10
10.00000001
10.00000001
10.00000002
10.00000002
10.00000002
10.00000002
26.05641803
1723
1723
1723
1723
1723
1723
1723
1723
1723
1723
1723
1723
1723
1723
1723
1723
1723
1723
1723
1723
1723
1723
1723
1723
1723
10.0000007
10
10
10
10
10
10
10
10.00000003
10.00000003
10.00000004
10.00000004
10.00000003
10.00000001
1723
1723
1723
1723
1723
1723
1723
1723
1723
1723
1723
1723
1723
1723
1723
1723
1723
1723
1723
1723
1723
1723
1723
1723
1723
1723
10.0000007
10
10
10
10
10
10
10
)
;

boundaryField
{
    lowerWall
    {
        type            calculated;
        value           uniform 10;
    }
    atmosphere
    {
        type            calculated;
        value           nonuniform List<scalar> 
80
(
10
10
10
10
10
10
10.00000001
10.00000002
10.00000005
10
10
10
10
10
10
10.00000007
10.00000009
10.00000014
10.00000016
10
10
10
10
10
10
10.00000013
10.00000016
10.00000015
10.00000013
10.00000011
10
10
10
10
10
10
10
10
10
10
10
10
10
10
10
10
10
10
10
10
10
10
10
10
10
10
10
10
10
10.0000012
10.00000024
10.00000001
14.54544012
10.06962619
10
10
10
10.00000036
10.00000033
10.00000025
10.00000017
10.00000009
10
10
10
10.00000001
674.4200226
1419.086778
10.00000001
10.00000003
)
;
    }
    rightWall
    {
        type            empty;
    }
    leftWall
    {
        type            empty;
    }
    frontAndBack
    {
        type            calculated;
        value           nonuniform List<scalar> 
80
(
10
10
328.943972
11.05717929
10.00000003
10.00000003
383.3416158
1723
1722.999395
1723
1723
1723
1723
1723
1723
1723
1723
1723
1723
1723
1723
1723
1723
1723
1723
1723
1723
1723
1723
1723
1723
1723
10.00000068
10
10
10
10
10
10
10
10.00000003
10.00000003
10.00000004
10.00000004
10.00000003
10.00000001
155.9578951
835.9700863
1722.931616
1723
1723
1723
1723
1723
1723
1723
1723
1723
1723
1723
1723
1723
1723
1723
1723
1723
1723
1723
1723
1723
1723
1723
10.0000007
10
10
10
10
10
10
10
)
;
    }
}


// ************************************************************************* //
