/*--------------------------------*- C++ -*----------------------------------*\
| =========                 |                                                 |
| \\      /  F ield         | OpenFOAM: The Open Source CFD Toolbox           |
|  \\    /   O peration     | Version:  2506                                  |
|   \\  /    A nd           | Website:  www.openfoam.com                      |
|    \\/     M anipulation  |                                                 |
\*---------------------------------------------------------------------------*/
FoamFile
{
    version     2.0;
    format      ascii;
    arch        "LSB;label=32;scalar=64";
    class       volScalarField;
    location    "0.008";
    object      TSolidus;
}
// * * * * * * * * * * * * * * * * * * * * * * * * * * * * * * * * * * * * * //

dimensions      [0 0 0 1 0 0 0];

internalField   nonuniform List<scalar> 
3200
(
1
1
1658
2.022618845
1.000000029
1.000000029
1658
1658
1658
1658
1658
1658
1658
1658
1658
1658
1658
1658
1658
1658
1658
1658
1658
1658
1658
1658
1658
1658
1658
1658
1658
1658
1.000000657
1
1
1
1
1
1
1
1
1
1
1
1.000000007
1.000000009
1658
1658
1658
1658
1658
1658
1658
1658
1658
1658
1658
1658
1658
1658
1658
1658
1658
1658
1658
1658
1658
1658
1658
1658
1658
1658
1.000000659
1
1
1
1
1
1
1
1
1
1
1
1.000000002
1.000000005
1658
1658
1658
1658
1658
1658
1658
1658
1658
1658
1658
1658
1658
1658
1658
1658
1658
1658
1658
1658
1658
1658
1658
1658
1658
1658
1.000000662
1
1
1
1
1
1
1
1
1
1
1
1.000000001
1.000000003
1658
1658
1658
1658
1658
1658
1658
1658
1658
1658
1658
1658
1658
1658
1658
1658
1658
1658
1658
1658
1658
1658
1658
1658
1658
1658
1.000000667
1
1
1
1
1
1
1
1
1
1
1
1.000000001
1.000000003
1658
1658
1658
1658
1658
1658
1658
1658
1658
1658
1658
1658
1658
1658
1658
1658
1658
1658
1658
1658
1658
1658
1658
1658
1658
1658
1.000000672
1
1
1
1
1
1
1
1.000000003
1.000000003
1.000000002
1.000000001
1.000000001
1.000000001
1658
1658
1658
1658
1658
1658
1658
1658
1658
1658
1658
1658
1658
1658
1658
1658
1658
1658
1658
1658
1658
1658
1658
1658
1658
1658
1.000000678
1
1
1
1
1
1
1
1.000000008
1.000000007
1.000000005
1.000000003
1.000000001
1.000000001
1
1658
1658
1658
1658
1658
1658
1658
1658
1658
1658
1658
1658
1658
1658
1658
1658
1658
1658
1658
1658
1658
1658
1658
1658
1658
1.000000686
1
1
1
1
1
1
1
1.000000018
1.000000016
1.000000012
1.000000008
1.000000004
1
1658
1658
1658
1658
1658
1658
1658
1658
1658
1658
1658
1658
1658
1658
1658
1658
1658
1658
1658
1658
1658
1658
1658
1658
1658
1658
1.000000694
1
1
1
1
1
1
1
1.000000044
1.000000047
1.000000043
1.000000038
1.000000033
1.000000021
1658
1658
1658
1658
1658
1658
1658
1658
1658
1658
1658
1658
1658
1658
1658
1658
1658
1658
1658
1658
1658
1658
1658
1658
1658
1658
1.000000704
1
1
1
1
1
1
1
1.000000016
1.000000047
1.00000004
1.000000031
1.000000031
1.000000076
1.000000085
1658
1658
1658
1658
1658
1658
1658
1658
1658
1658
1658
1658
1658
1658
1658
1658
1658
1658
1658
1658
1658
1658
1658
1658
1658
1.000000714
1
1
1
1
1
1
1
1.000000003
1.000000011
1.000000017
1.000000016
1.000000009
1.000000028
1.000000109
1658
1658
1658
1658
1658
1658
1658
1658
1658
1658
1658
1658
1658
1658
1658
1658
1658
1658
1658
1658
1658
1658
1658
1658
1658
1.000000725
1
1
1
1
1
1
1
1.000000002
1.000000006
1.000000011
21.7359347
1658
14.25796966
1.000000085
1658
1658
1658
1658
1658
1658
1658
1658
1658
1658
1658
1658
1658
1658
1658
1658
1658
1658
1658
1658
1658
1658
1658
1658
1658
1.000000736
1
1
1
1
1
1
1
1.000000003
1.00000001
1.000000014
1658
1658
1658
1658
1658
1658
1658
1658
1658
1658
1658
1658
1658
1658
1658
1658
1658
1658
1658
1658
1658
1658
1658
1658
1658
1658
1658
1658
1658
1.000000748
1
1
1
1
1
1
1
1.000000012
1.000000027
1.000000024
1.000000018
1658
1658
1658
1658
1658
1658
1658
1658
1658
1658
1658
1658
1658
1658
1658
1658
1658
1658
1658
1658
1658
1658
1658
1658
1658
1658
1658
1658
1.00000076
1
1
1
1
1
1
1
1.000000043
1.000000041
1.000000032
1.000000034
1658
1658
1658
1658
1658
1658
1658
1658
1658
1658
1658
1658
1658
1658
1658
1658
1658
1658
1658
1658
1658
1658
1658
1658
1658
1658
1658
1658
1.000000772
1
1
1
1
1
1
1
1.00000007
1.000000056
1.00000005
1.000000073
1.000000031
1.000000013
18.40195913
1658
1658
1658
1658
1658
1658
1658
1658
1658
1658
1658
1658
1658
1658
1658
1658
1658
1658
1658
1658
1658
1658
1658
1658
1658
1.000000784
1
1
1
1
1
1
1
1.000000091
1.000000082
1.000000076
1.000000044
1.000000034
1.000000094
1.000000127
12.7787821
1658
1658
1658
1658
1658
1658
1658
1658
1658
1658
1658
1658
1658
1658
1658
1658
1658
1658
1658
1658
1658
1658
1658
1658
1.000000796
1
1
1
1
1
1
1
1.000000136
1.000000151
1.000000182
1.00000018
1.000000187
1.0000002
1.000000198
1.000000136
45.34330881
1658
1658
1658
1658
1658
1658
1658
1658
1658
1658
1658
1658
1658
1658
1658
1658
1658
1658
1658
1658
1658
1658
1658
1.000000808
1
1
1
1
1
1
1
1.000000154
1.000000167
1.000000194
1.000000236
1.000000258
1.000000241
1.000000222
1.000000209
1.000000295
1658
1658
1658
1658
1658
1658
1658
1658
1658
1658
1658
1658
1658
1658
1658
1658
1658
1658
1658
1658
1658
1658
1658
1.000000819
1
1
1
1
1
1
1
1.000000087
1.000000126
1.000000152
1.000000169
1.000000195
1.000000219
1.000000227
1.00000023
1.000000479
1658
1658
1658
1658
1658
1658
1658
1658
1658
1658
1658
1658
1658
1658
1658
1658
1658
1658
1658
1658
1658
1658
1658
1.00000083
1
1
1
1
1
1
1
1.000000017
1.000000048
1.000000079
1.000000108
1.000000141
1.000000183
1.000000212
1.000000258
1.000000614
1658
1658
1658
1658
1658
1658
1658
1658
1658
1658
1658
1658
1658
1658
1658
1658
1658
1658
1658
1658
1658
1658
1658
1.00000084
1
1
1
1
1
1
1
1.000000003
1.000000014
1.000000038
1.000000075
1.000000123
1.000000176
1.000000211
1.000000414
1.000000707
1658
1658
1658
1658
1658
1658
1658
1658
1658
1658
1658
1658
1658
1658
1658
1658
1658
1658
1658
1658
1658
1658
1658
1.00000085
1
1
1
1
1
1
1
1.000000003
1.000000015
1.000000041
1.000000087
1.00000015
1.000000204
1.000000244
1.00000095
1.000000677
1658
1658
1658
1658
1658
1658
1658
1658
1658
1658
1658
1658
1658
1658
1658
1658
1658
1658
1658
1658
1658
1658
1658
1.000000859
1
1
1
1
1
1
1
1.000000007
1.000000033
1.000000084
1.000000151
1.000000206
1.000000228
1.000000465
1.000002408
1.000000428
1658
1658
1658
1658
1658
1658
1658
1658
1658
1658
1658
1658
1658
1658
1658
1658
1658
1658
1658
1658
1658
1658
1658
1.000000868
1
1
1
1
1
1
1
1.000000027
1.000000113
1.00000017
1.000000196
1.000000226
1.000000371
1.000001742
1.000003516
1.000000189
1658
1658
1658
1658
1658
1658
1658
1658
1658
1658
1658
1658
1658
1658
1658
1658
1658
1658
1658
1658
1658
1658
1658
1.000000876
1
1
1
1
1
1
1
1.000000131
1.000000163
1.000000182
1.000000199
1.000000307
1.000000663
1.000001495
1.000001766
1.000000096
1658
1658
1658
1658
1658
1658
1658
1658
1658
1658
1658
1658
1658
1658
1658
1658
1658
1658
1658
1658
1658
1658
1658
1.000000882
1
1
1
1
1
1
1
1.000000153
1.000000168
1.000000214
1.000000345
1.000000653
1.000000988
1.000001208
1.000001548
1.000000094
1658
1658
1658
1658
1658
1658
1658
1658
1658
1658
1658
1658
1658
1658
1658
1658
1658
1658
1658
1658
1658
1658
1658
1.000000888
1
1
1
1
1
1
1
1.000000143
1.000000128
1.000000091
1658
1658
12.54635959
1.000000414
1.000001213
1.000000088
1658
1658
1658
1658
1658
1658
1658
1658
1658
1658
1658
1658
1658
1658
1658
1658
1658
1658
1658
1658
1658
1658
1658
1.000000894
1
1
1
1
1
1
1
1.000000127
1.000000102
1.000000071
1658
1658
1.186661872
1658
1658
12.06249835
1658
1658
1658
1658
1658
1658
1658
1658
1658
1658
1658
1658
1658
1658
1658
1658
1658
1658
1658
1658
1658
1658
1658
1.000000898
1
1
1
1
1
1
1
1.000000105
1.000000082
1.000000074
1.000000015
1.000000019
1.000000319
1.000000055
1658
53.43892797
1658
1658
1658
1658
1658
1658
1658
1658
1658
1658
1658
1658
1658
1658
1658
1658
1658
1658
1658
1658
1658
1658
1658
1.000000902
1
1
1
1
1
1
1
1.000000059
1.00000006
1.000000069
1.000000071
1.000000081
1.000001137
1.00000047
1.971797943
58.02188943
1658
1658
1658
1658
1658
1658
1658
1658
1658
1658
1658
1658
1658
1658
1658
1658
1658
1658
1658
1658
1658
1658
1658
1.000000905
1
1
1
1
1
1
1
1.000000018
1.000000035
1.00000006
1.000000077
1.000000097
1.000000157
1.000000181
1.000000001
1658
1658
1658
1658
1658
1658
1658
1658
1658
1658
1658
1658
1658
1658
1658
1658
1658
1658
1658
1658
1658
1658
1658
1658
1.000000907
1
1
1
1
1
1
1
1.000000007
1.000000031
1.000000063
1.000000091
1.000000119
1.000000174
1.000000189
1
1658
1658
1658
1658
1658
1658
1658
1658
1658
1658
1658
1658
1658
1658
1658
1658
1658
1658
1658
1658
1658
1658
1658
1658
1.000000909
1
1
1
1
1
1
1
1.000000019
1.000000063
1.000000107
1.000000136
1.000000164
1.000000202
1.00000023
1658
1658
1658
1658
1658
1658
1658
1658
1658
1658
1658
1658
1658
1658
1658
1658
1658
1658
1658
1658
1658
1658
1658
1658
1658
1.000000909
1
1
1
1
1
1
1
1.000000037
1.000000122
1.000000196
1.000000227
1.000000244
1.000000273
1.00000026
1658
1658
1658
1658
1658
1658
1658
1658
1658
1658
1658
1658
1658
1658
1658
1658
1658
1658
1658
1658
1658
1658
1658
1658
1658
1.000000909
1
1
1
1
1
1
1
1.000000057
1.00000019
1.000000307
1.000000335
1.000000321
1.000000321
1.000000252
26.27946369
1658
1658
1658
1658
1658
1658
1658
1658
1658
1658
1658
1658
1658
1658
1658
1658
1658
1658
1658
1658
1658
1658
1658
1658
1.000000909
1
1
1
1
1
1
1
1.000000047
1.000000214
1.000000393
1.00000041
1.000000383
1.000000142
1.00000007
1.000000017
1.000000044
1.000000071
1.000000059
1658
1658
1658
1658
1658
1658
1658
1658
1658
1658
1658
1658
1658
1658
1658
1658
1658
1658
1658
1658
1658
1.000000907
1
1
1
1
1
1
1
1.000000009
1.000000155
1.000000387
1.000000441
1.000000363
1.000000079
1.000000036
1.000000026
1.000000056
1.00000009
1.000000109
1658
1658
1658
1658
1658
1658
1658
1658
1658
1658
1658
1658
1658
1658
1658
1658
1658
1658
1658
1658
1658
1.000000904
1
1
1
1
1
1
1
1.000000001
1.000000071
1.000000266
1.000000412
1.000000377
1.000000107
1.000000028
1.000000028
1.000000059
1.000000086
1.000000109
1658
1658
1658
1658
1658
1658
1658
1658
1658
1658
1658
1658
1658
1658
1658
1658
1658
1658
1658
1658
1658
1.000000901
1
1
1
1
1
1
1
1
1.000000023
1.000000129
1.0000003
1.000000336
1.000000174
1.000000062
1.000000045
1.000000061
1.000000091
1.00000011
1658
1658
1658
1658
1658
1658
1658
1658
1658
1658
1658
1658
1658
1658
1658
1658
1658
1658
1658
1658
1658
1.000000897
1
1
1
1
1
1
1
1
1.000000006
1.000000048
1.000000162
1.000000236
1.000000193
1.000000115
1.000000088
1.000000097
1.000000107
1.000000109
1658
1658
1658
1658
1658
1658
1658
1658
1658
1658
1658
1658
1658
1658
1658
1658
1658
1658
1658
1658
1658
1.000000892
1
1
1
1
1
1
1
1
1.000000001
1.000000014
1.000000065
1.000000125
1.000000146
1.000000127
1.000000113
1.000000114
1.000000115
1.000000111
1658
1658
1658
1658
1658
1658
1658
1658
1658
1658
1658
1658
1658
1658
1658
1658
1658
1658
1658
1658
1658
1.000000886
1
1
1
1
1
1
1
1
1
1.000000004
1.00000002
1.000000051
1.00000008
1.000000093
1.000000096
1.000000095
1.000000096
1.000000103
58.07218721
1658
1658
1658
1658
1658
1658
1658
1658
1658
1658
1658
1658
1658
1658
1658
1658
1658
1658
1658
1658
1.00000088
1
1
1
1
1
1
1
1
1
1.000000001
1.000000006
1.000000019
1.000000037
1.000000055
1.000000068
1.000000076
1.000000084
1.00000009
1658
1658
1658
1658
1658
1658
1658
1658
1658
1658
1658
1658
1658
1658
1658
1658
1658
1658
1658
1658
1658
1.000000872
1
1
1
1
1
1
1
1
1
1
1.000000003
1.000000011
1.000000027
1.000000049
1.000000075
1.00000006
50.93743007
1658
1658
1658
1658
1658
1658
1658
1658
1658
1658
1658
1658
1658
1658
1658
1658
1658
1658
1658
1658
1658
1658
1.000000864
1
1
1
1
1
1
1
1
1.000000001
1.000000006
1.000000025
1.000000054
1.000000079
1.0000001
1.00000011
1.000000001
1658
1658
1658
1658
1658
1658
1658
1658
1658
1658
1658
1658
1658
1658
1658
1658
1658
1658
1658
1658
1658
1658
1658
1.000000855
1
1
1
1
1
1
1
1
1.000000006
1.000000026
1.000000085
1.000000138
1.000000162
1.000000166
1.000000094
1658
1658
1658
1658
1658
1658
1658
1658
1658
1658
1658
1658
1658
1658
1658
1658
1658
1658
1658
1658
1658
1658
1658
1658
1.000000845
1
1
1
1
1
1
1
1
1.000000019
1.000000078
1.00000018
1.000000184
1.000000175
1.000000169
1.000000057
1658
1658
1658
1658
1658
1658
1658
1658
1658
1658
1658
1658
1658
1658
1658
1658
1658
1658
1658
1658
1658
1658
1658
1658
1.000000835
1
1
1
1
1
1
1
1
1.000000039
1.000000184
1.000000229
1.00000011
1.000000115
1.000000091
1658
1658
1658
1658
1658
1658
1658
1658
1658
1658
1658
1658
1658
1658
1658
1658
1658
1658
1658
1658
1658
1658
1658
1658
1658
1.000000824
1
1
1
1
1
1
1
1.000000008
1.000000061
1.000000251
1.000000175
1.000000067
1.000000055
1658
1658
1658
1658
1658
1658
1658
1658
1658
1658
1658
1658
1658
1658
1658
1658
1658
1658
1658
1658
1658
1658
1658
1658
1658
1658
1.000000813
1
1
1
1
1
1
1
1.000000013
1.000000094
1.000000268
1.000000199
1.000000079
1.00000004
1658
1658
1658
1658
1658
1658
1658
1658
1658
1658
1658
1658
1658
1658
1658
1658
1658
1658
1658
1658
1658
1658
1658
1658
1658
1658
1.000000802
1
1
1
1
1
1
1
1.000001078
1.000000381
1.000000231
1.000000199
1.000000097
1.000000047
1658
1658
1658
1658
1658
1658
1658
1658
1658
1658
1658
1658
1658
1658
1658
1658
1658
1658
1658
1658
1658
1658
1658
1658
1658
1658
1.000000792
1
1
1
1
1
1
1
1.000001489
1.00000067
1.000000582
1.000000132
1.000000063
1.000000033
1.000000014
1658
1658
1658
1658
1658
1658
1658
1658
1658
1658
1658
1658
1658
1658
1658
1658
1658
1658
1658
1658
1658
1658
1658
1658
1658
1.000000781
1
1
1
1
1
1
1
1.00000221
1.00000128
1.000001682
1.00000166
1.000003044
1.000009531
1.000000009
1658
1658
1658
1658
1658
1658
1658
1658
1658
1658
1658
1658
1658
1658
1658
1658
1658
1658
1658
1658
1658
1658
1658
1658
1658
1.00000077
1
1
1
1
1
1
1
1.000002217
1.000001855
1.000002355
1.000002409
1.000002406
1658
1658
1658
1658
1658
1658
1658
1658
1658
1658
1658
1658
1658
1658
1658
1658
1658
1658
1658
1658
1658
1658
1658
1658
1658
1658
1658
1.00000076
1
1
1
1
1
1
1
1.000003177
1.000002372
1.000002314
1.000002026
1.000001471
1658
1658
1658
1658
1658
1658
1658
1658
1658
1658
1658
1658
1658
1658
1658
1658
1658
1658
1658
1658
1658
1658
1658
1658
1658
1658
1658
1.00000075
1
1
1
1
1
1
1
1.00000463
1.000002394
1.000001682
1.000001298
1.000000852
1658
1658
1658
1658
1658
1658
1658
1658
1658
1658
1658
1658
1658
1658
1658
1658
1658
1658
1658
1658
1658
1658
1658
1658
1658
1658
1658
1.000000741
1
1
1
1
1
1
1
1.000004819
1.000001703
1.000001174
1.000001086
1.000000861
1.000000388
1658
1658
1658
1658
1658
1658
1658
1658
1658
1658
1658
1658
1658
1658
1658
1658
1658
1658
1658
1658
1658
1658
1658
1658
1658
1658
1.000000732
1
1
1
1
1
1
1
1.000003074
1.000000833
1.000001134
1.000001151
1.000000847
1.000000414
45.12014319
1658
1658
1658
1658
1658
1658
1658
1658
1658
1658
1658
1658
1658
1658
1658
1658
1658
1658
1658
1658
1658
1658
1658
1658
1658
1.000000724
1
1
1
1
1
1
1
1.000001159
1.000000249
1.000001355
1.000001161
1.000000775
1.000000386
1.000000144
1658
1658
1658
1658
1658
1658
1658
1658
1658
1658
1658
1658
1658
1658
1658
1658
1658
1658
1658
1658
1658
1658
1658
1658
1658
1.000000717
1
1
1
1
1
1
1
1.000000235
1.000000039
1.000001565
1.000001324
1.000000993
1.000000651
1.000000371
1658
1658
1658
1658
1658
1658
1658
1658
1658
1658
1658
1658
1658
1658
1658
1658
1658
1658
1658
1658
1658
1658
1658
1658
1658
1.00000071
1
1
1
1
1
1
1
1.000000007
1.000000002
1.00000171
1.000001551
1.000001321
1.000001073
1.000000706
1.000000232
1658
1658
1658
1658
1658
1658
1658
1658
1658
1658
1658
1658
1658
1658
1658
1658
1658
1658
1658
1658
1658
1658
1658
1658
1.000000704
1
1
1
1
1
1
1
5.396844292
43.59829529
1.000001776
1.00000175
1.000001536
1.000001361
1.000001126
1.000000812
1658
1658
1658
1658
1658
1658
1658
1658
1658
1658
1658
1658
1658
1658
1658
1658
1658
1658
1658
1658
1658
1658
1658
1658
1.000000699
1
1
1
1
1
1
1
1.067350025
3.662652916
1.000001694
1.000001893
1.000001652
1.000001402
1.000001082
1.000001166
1658
1658
1658
1658
1658
1658
1658
1658
1658
1658
1658
1658
1658
1658
1658
1658
1658
1658
1658
1658
1658
1658
1658
1658
1.000000694
1
1
1
1
1
1
1
1.000000115
1.000000403
1.000001462
1.000001904
1.000001633
1.000001304
1.000000831
1.000001011
1658
1658
1658
1658
1658
1658
1658
1658
1658
1658
1658
1658
1658
1658
1658
1658
1658
1658
1658
1658
1658
1658
1658
1658
1.00000069
1
1
1
1
1
1
1
1.000000174
1.000000431
1.000001232
1.000001718
1.000001389
1.000001054
1.000000633
1.00000071
61.22058077
1658
1658
1658
1658
1658
1658
1658
1658
1658
1658
1658
1658
1658
1658
1658
1658
1658
1658
1658
1658
1658
1658
1658
1.000000686
1
1
1
1
1
1
1
1.000000299
1.00000049
1.000001002
1.000001306
1.000000963
1.000000715
1.000000454
1.000000435
1658
1658
1658
1658
1658
1658
1658
1658
1658
1658
1658
1658
1658
1658
1658
1658
1658
1658
1658
1658
1658
1658
1658
1658
1.000000684
1
1
1
1
1
1
1
1.000000349
1.000000457
1.000000689
1.000000669
1.000000343
1.000000222
1.000000152
1658
1658
1658
1658
1658
1658
1658
1658
1658
1658
1658
1658
1658
1658
1658
1658
1658
1658
1658
1658
1658
1658
1658
1658
1658
1.000000681
1
1
1
1
1
1
1
1.000000315
1.000000341
1.000000364
1.000000309
1.000000169
1.000000078
1658
1658
1658
1658
1658
1658
1658
1658
1658
1658
1658
1658
1658
1658
1658
1658
1658
1658
1658
1658
1658
1658
1658
1658
1658
1658
1.00000068
1
1
1
1
1
1
1
1.000000244
1.000000228
1.000000146
1.000000145
1.000000109
1.000000049
1658
1658
1658
1658
1658
1658
1658
1658
1658
1658
1658
1658
1658
1658
1658
1658
1658
1658
1658
1658
1658
1658
1658
1658
1658
1658
1.000000678
1
1
1
1
1
1
1
1.000000162
1.000000154
1.000000053
1.000000066
1.00000006
42.46695768
1658
1658
1658
1658
1658
1658
1658
1658
1658
1658
1658
1658
1658
1658
1658
1658
1658
1658
1658
1658
1658
1658
1658
1658
1658
1658
1.000000678
1
1
1
1
1
1
1
1.000000084
1.000000106
1.000000021
1.00000003
1.00000003
1658
1658
1658
1658
1658
1658
1658
1658
1658
1658
1658
1658
1658
1658
1658
1658
1658
1658
1658
1658
1658
1658
1658
1658
1658
1658
1658
1.000000677
1
1
1
1
1
1
1
1.000000048
1.000000076
1.000000011
1.000000013
1.000000006
1658
1658
1658
1658
1658
1658
1658
1658
1658
1658
1658
1658
1658
1658
1658
1658
1658
1658
1658
1658
1658
1658
1658
1658
1658
1658
1658
1.000000677
1
1
1
1
1
1
1
1.000000039
1.000000055
1.000000005
1.000000006
1658
1658
1658
1658
1658
1658
1658
1658
1658
1658
1658
1658
1658
1658
1658
1658
1658
1658
1658
1658
1658
1658
1658
1658
1658
1658
1658
1658
1.000000677
1
1
1
1
1
1
1
1.000000038
1.000000219
1.00001362
1658
1658
1658
19.8670823
1658
1658
1658
1658
1658
1658
1658
1658
1658
1658
1658
1658
1658
1658
1658
1658
1658
1658
1658
1658
1658
1658
1658
1658
1658
1.000000677
1
1
1
1
1
1
1
1.000000006
1658
1658
1658
1658
16.54973124
1.000000012
1658
1658
1658
1658
1658
1658
1658
1658
1658
1658
1658
1658
1658
1658
1658
1658
1658
1658
1658
1658
1658
1658
1658
1658
1658
1.000000677
1
1
1
1
1
1
1
1658
1658
1658
1658
1.000000007
1.000000007
1658
1658
1658
1658
1658
1658
1658
1658
1658
1658
1658
1658
1658
1658
1658
1658
1658
1658
1658
1658
1658
1658
1658
1658
1658
1658
1.000000677
1
1
1
1
1
1
1
1658
1658
57.15825199
1.000000012
1.000000013
1.000000021
1658
1658
1658
1658
1658
1658
1658
1658
1658
1658
1658
1658
1658
1658
1658
1658
1658
1658
1658
1658
1658
1658
1658
1658
1658
1658
1.000000677
1
1
1
1
1
1
1
1.000000012
1.000000013
1.000000017
1.000000023
1.000000022
1.000000015
16.53151469
1658
1658
1658
1658
1658
1658
1658
1658
1658
1658
1658
1658
1658
1658
1658
1658
1658
1658
1658
1658
1658
1658
1658
1658
1658
1.000000678
1
1
1
1
1
1
1
1.000000033
1.000000033
1.000000035
1.000000035
1.000000029
1.00000001
1658
1658
1658
1658
1658
1658
1658
1658
1658
1658
1658
1658
1658
1658
1658
1658
1658
1658
1658
1658
1658
1658
1658
1658
1658
1658
1.000000677
1
1
1
1
1
1
1
)
;

boundaryField
{
    lowerWall
    {
        type            calculated;
        value           uniform 1;
    }
    atmosphere
    {
        type            calculated;
        value           nonuniform List<scalar> 
80
(
1
1
1
1
1
1.000000003
1.000000008
1.000000018
1.000000044
1
1
1
1
1
1
1.00000007
1.000000091
1.000000136
1.000000154
1
1
1
1
1
1
1.000000131
1.000000153
1.000000143
1.000000127
1.000000105
1
1
1
1
1
1
1
1
1
1
1
1
1
1
1
1
1
1
1
1
1
1
1
1
1
1
1
1
1
1.000001159
1.000000235
1.000000007
5.396844292
1.067350025
1
1
1
1.000000349
1.000000315
1.000000244
1.000000162
1.000000084
1
1
1
1.000000006
643.6993447
1364.022061
1.000000012
1.000000033
)
;
    }
    rightWall
    {
        type            empty;
    }
    leftWall
    {
        type            empty;
    }
    frontAndBack
    {
        type            calculated;
        value           nonuniform List<scalar> 
80
(
1
1
309.5173156
2.022618845
1.000000029
1.000000029
362.136636
1658
1657.999415
1658
1658
1658
1658
1658
1658
1658
1658
1658
1658
1658
1658
1658
1658
1658
1658
1658
1658
1658
1658
1658
1658
1658
1.000000657
1
1
1
1
1
1
1
1.000000033
1.000000033
1.000000035
1.000000035
1.000000029
1.00000001
142.1863585
799.9681453
1657.933851
1658
1658
1658
1658
1658
1658
1658
1658
1658
1658
1658
1658
1658
1658
1658
1658
1658
1658
1658
1658
1658
1658
1658
1.000000677
1
1
1
1
1
1
1
)
;
    }
}


// ************************************************************************* //
