/*--------------------------------*- C++ -*----------------------------------*\
| =========                 |                                                 |
| \\      /  F ield         | OpenFOAM: The Open Source CFD Toolbox           |
|  \\    /   O peration     | Version:  2506                                  |
|   \\  /    A nd           | Website:  www.openfoam.com                      |
|    \\/     M anipulation  |                                                 |
\*---------------------------------------------------------------------------*/
FoamFile
{
    version     2.0;
    format      ascii;
    arch        "LSB;label=32;scalar=64";
    class       volScalarField;
    location    "0.003";
    object      cp;
}
// * * * * * * * * * * * * * * * * * * * * * * * * * * * * * * * * * * * * * //

dimensions      [0 2 -2 -1 0 0 0];

internalField   nonuniform List<scalar> 
3200
(
520
520
520
607.4739176
662.6976048
647.7299427
693.004339
700
699.9999399
700
700
700
700
700
700
700
700
700
700
700
700
700
700
700
700
700
700
700
700
700
700
700
520
520
520
520
520
520
520
520
520
520
520
520
520
520
547.5882605
676.0500154
699.9999097
700
700
700
700
700
700
700
700
700
700
700
700
700
700
700
700
700
700
700
700
700
700
700
520
520
520
520
520
520
520
520
520
520
520
520
520
520
520
594.8930895
699.9998743
700
700
700
700
700
700
700
700
700
700
700
700
700
700
700
700
700
700
700
700
700
700
700
520
520
520
520
520
520
520
520
520
520
520
520
520
520
520
576.2869642
699.9998589
700
700
700
700
700
700
700
700
700
700
700
700
700
700
700
700
700
700
700
700
700
700
700
520
520
520
520
520
520
520
520
520
520
520
520
520
520
520
581.6956136
699.9997309
700
700
700
700
700
700
700
700
700
700
700
700
700
700
700
700
700
700
700
700
700
700
700
520
520
520
520
520
520
520
520
520
520
520
520
520
520
520
597.8637951
699.9993225
700
700
700
700
700
700
700
700
700
700
700
700
700
700
700
700
700
700
700
700
700
700
700
520
520
520
520
520
520
520
520
520
520
520
520
520
520
520
627.0148883
699.9994995
700
700
700
700
700
700
700
700
700
700
700
700
700
700
700
700
700
700
700
700
700
700
700
520
520
520
520
520
520
520
520
520
520
520
520
520
520
520
627.8046167
699.9999984
700
700
700
700
700
700
700
700
700
700
700
700
700
700
700
700
700
700
700
700
700
700
700
520
520
520
520
520
520
520
520
520
520
520
520
520
520
520
531.829372
684.0963162
699.9999999
700
700
700
700
700
700
700
700
700
700
700
700
700
700
700
700
700
700
700
700
700
700
520
520
520
520
520
520
520
520
520
520
520
520
520
520
520
520
538.1876135
698.6914555
700
700
700
700
700
700
700
700
700
700
700
700
700
700
700
700
700
700
700
700
700
700
520
520
520
520
520
520
520
520
520
520
520
520
520
520
520
520
520
594.677176
699.9999997
700
700
700
700
700
700
700
700
700
700
700
700
700
700
700
700
700
700
700
700
700
520
520
520
520
520
520
520
520
520
520
520
520
520
520
520
520
520
586.7793057
699.9999983
700
700
700
700
700
700
700
700
700
700
700
700
700
700
700
700
700
700
700
700
700
520
520
520
520
520
520
520
520
520
520
520
520
520
520
520
520
521.4848258
580.8972677
699.9999997
700
700
700
700
700
700
700
700
700
700
700
700
700
700
700
700
700
700
700
700
700
520
520
520
520
520
520
520
520
520
520
520
520
520
520
520
520.0717748
520
534.4264038
700
700
700
700
700
700
700
700
700
700
700
700
700
700
700
700
700
700
700
700
700
700
520
520
520
520
520
520
520
520
520
520
520
520
520
520
520
520
520
533.7077903
700
700
700
700
700
700
700
700
700
700
700
700
700
700
700
700
700
700
700
700
700
700
520
520
520
520
520
520
520
520
520
520
520
520
520
520
520
520
520
532.5293848
699.9999997
700
700
700
700
700
700
700
700
700
700
700
700
700
700
700
700
700
700
700
700
700
520
520
520
520
520
520
520
520
520
520
520
520
520
520
520
520
520
534.8119541
699.9999987
700
700
700
700
700
700
700
700
700
700
700
700
700
700
700
700
700
700
700
700
700
520
520
520
520
520
520
520
520
520
520
520
520
520
520
520
520
520
558.7651713
699.9999966
700
700
700
700
700
700
700
700
700
700
700
700
700
700
700
700
700
700
700
700
700
520
520
520
520
520
520
520
520
520
520
520
520
520
520
520
520
520
524.5322331
699.9999932
700
700
700
700
700
700
700
700
700
700
700
700
700
700
700
700
700
700
700
700
700
520
520
520
520
520
520
520
520
520
520
520
520
520
520
520
520
520.0000001
520
699.9998881
700
700
700
700
700
700
700
700
700
700
700
700
700
700
700
700
700
700
700
700
700
520
520
520
520
520
520
520
520
520
520
520
520
520
520
520
520
520
522.9252185
699.9999994
700
700
700
700
700
700
700
700
700
700
700
700
700
700
700
700
700
700
700
700
700
520
520
520
520
520
520
520
520
520
520
520
520
520
520
520
520
520
538.6751764
699.9999997
700
700
700
700
700
700
700
700
700
700
700
700
700
700
700
700
700
700
700
700
700
520
520
520
520
520
520
520
520
520
520
520
520
520
520
530.3608045
585.1575229
627.4867678
682.1607298
699.9999996
700
700
700
700
700
700
700
700
700
700
700
700
700
700
700
700
700
700
700
700
700
520
520
520
520
520
520
520
520
520
520
520
520
520
520
643.2206273
700
700
699.9999998
700
700
700
700
700
700
700
700
700
700
700
700
700
700
700
700
700
700
700
700
700
700
520
520
520
520
520
520
520
520
520
520
520
520
520
527.7111306
673.638087
699.9999985
699.9998706
700
700
700
700
700
700
700
700
700
700
700
700
700
700
700
700
700
700
700
700
700
700
700
520
520
520
520
520
520
520
520
520
520.0000001
520.0000002
520
520
520
555.5153098
692.5737302
699.9998614
700
700
700
700
700
700
700
700
700
700
700
700
700
700
700
700
700
700
700
700
700
700
700
520
520
520
520
520
520
520
520
520
520
520.0000002
520
520
520
520
638.6488757
699.9998986
700
700
700
700
700
700
700
700
700
700
700
700
700
700
700
700
700
700
700
700
700
700
700
520
520
520
520
520
520
520
520
561.1147935
550.8653684
520
520
520
520
520
613.141993
699.9998943
700
700
700
700
700
700
700
700
700
700
700
700
700
700
700
700
700
700
700
700
700
700
700
520
520
520
520
520
520
520
520
579.5180646
537.7366923
523.0238432
541.7094002
521.6468205
520
520
605.4745238
699.9998885
700
700
700
700
700
700
700
700
700
700
700
700
700
700
700
700
700
700
700
700
700
700
700
520
520
520
520
520
520
520
520
520
520
520
529.0514325
520.7827789
520
520
602.5984384
699.9999369
700
700
700
700
700
700
700
700
700
700
700
700
700
700
700
700
700
700
700
700
700
700
700
520
520
520
520
520
520
520
520
520
520
520
520
520
520
520
592.8906789
699.9999766
700
700
700
700
700
700
700
700
700
700
700
700
700
700
700
700
700
700
700
700
700
700
700
520
520
520
520
520
520
520
520
520
520
520
520
520
520
520
637.2254452
699.9999751
700
700
700
700
700
700
700
700
700
700
700
700
700
700
700
700
700
700
700
700
700
700
700
520
520
520
520
520
520
520
520
520
520
520
520
520
520
551.8773785
698.2480268
699.9999482
700
700
700
700
700
700
700
700
700
700
700
700
700
700
700
700
700
700
700
700
700
700
700
520
520
520
520
520
520
520
520
520
520
520
520
520
520
525.7735171
618.1842883
699.9999576
700
700
700
700
700
700
700
700
700
700
700
700
700
700
700
700
700
700
700
700
700
700
700
520
520
520
520
520
520
520
520
520
520
520
520
520
520
520
550.8668424
699.9999895
700
700
700
700
700
700
700
700
700
700
700
700
700
700
700
700
700
700
700
700
700
700
700
520
520
520
520
520
520
520
520
520
520
520
520
520
520
520
551.4784989
699.9999808
700
700
700
700
700
700
700
700
700
700
700
700
700
700
700
700
700
700
700
700
700
700
700
520
520
520
520
520
520
520
520
520
520
520
520
520
520
520
552.6620835
699.9998591
700
700
700
700
700
700
700
700
700
700
700
700
700
700
700
700
700
700
700
700
700
700
700
520
520
520
520
520
520
520
520
520
520
520
520
520
520
520
553.7467705
699.9999188
700
700
700
700
700
700
700
700
700
700
700
700
700
700
700
700
700
700
700
700
700
700
700
520
520
520
520
520
520
520
520
520
520
520
520
520
520
520
554.9661628
699.9998167
700
700
700
700
700
700
700
700
700
700
700
700
700
700
700
700
700
700
700
700
700
700
700
520
520
520
520
520
520
520
520
520
520
520
520
520
520
520
555.5624977
699.9998538
700
700
700
700
700
700
700
700
700
700
700
700
700
700
700
700
700
700
700
700
700
700
700
520
520
520
520
520
520
520
520
520
520
520
520
520
520
520
558.6239365
699.9999438
700
700
700
700
700
700
700
700
700
700
700
700
700
700
700
700
700
700
700
700
700
700
700
520
520
520
520
520
520
520
520
520
520
520
520
520
520
520
555.5242337
699.9999068
700
700
700
700
700
700
700
700
700
700
700
700
700
700
700
700
700
700
700
700
700
700
700
520
520
520
520
520
520
520
520
520
520
520
520
520
520
520
565.0226504
699.9998897
700
700
700
700
700
700
700
700
700
700
700
700
700
700
700
700
700
700
700
700
700
700
700
520
520
520
520
520
520
520
520
520
520
520
520
520
520
520
559.9281958
699.9999079
700
700
700
700
700
700
700
700
700
700
700
700
700
700
700
700
700
700
700
700
700
700
700
520
520
520
520
520
520
520
520
520
520
520
520
520
520
520
564.3158861
699.9998882
700
700
700
700
700
700
700
700
700
700
700
700
700
700
700
700
700
700
700
700
700
700
700
520
520
520
520
520
520
520
520
520
520
520
520
520
520
520
583.1737234
699.9998238
700
700
700
700
700
700
700
700
700
700
700
700
700
700
700
700
700
700
700
700
700
700
700
520
520
520
520
520
520
520
520
520
520
520
520
520
520
520
529.6253981
699.9998001
700
700
700
700
700
700
700
700
700
700
700
700
700
700
700
700
700
700
700
700
700
700
700
520
520
520
520
520
520
520
520
520
520
520
520
520
520
520
529.1956018
699.999755
700
700
700
700
700
700
700
700
700
700
700
700
700
700
700
700
700
700
700
700
700
700
700
520
520
520
520
520
520
520
520
520
520
520
520
520
520
520
628.6206121
699.9998515
700
700
700
700
700
700
700
700
700
700
700
700
700
700
700
700
700
700
700
700
700
700
700
520
520
520
520
520
520
520
520
520
520
520
520
520
520
536.1112868
659.5136143
699.9996653
700
700
700
700
700
700
700
700
700
700
700
700
700
700
700
700
700
700
700
700
700
700
700
520
520
520
520
520
520
520
520
520
520
520
520
520
520
520
530.7160392
699.9997679
700
700
700
700
700
700
700
700
700
700
700
700
700
700
700
700
700
700
700
700
700
700
700
520
520
520
520
520
520
520
520
520
520
520
520
520
520
520.0000001
520.0001788
699.9997466
700
700
700
700
700
700
700
700
700
700
700
700
700
700
700
700
700
700
700
700
700
700
700
520
520
520
520
520
520
520
520
520
520
520
520
520
520
520.0000001
520
699.9998117
700
700
700
700
700
700
700
700
700
700
700
700
700
700
700
700
700
700
700
700
700
700
700
520
520
520
520
520
520
520
520
520
520
520
520
520
520
520
520.0011932
699.9999735
700
700
700
700
700
700
700
700
700
700
700
700
700
700
700
700
700
700
700
700
700
700
700
520
520
520
520
520
520
520
520
520
520
520
520
520
520
520
520.0002415
699.9999737
700
700
700
700
700
700
700
700
700
700
700
700
700
700
700
700
700
700
700
700
700
700
700
520
520
520
520
520
520
520
520
520
520
520
520
520
520
520
520.0000851
699.9999471
700
700
700
700
700
700
700
700
700
700
700
700
700
700
700
700
700
700
700
700
700
700
700
520
520
520
520
520
520
520
520
520
520
520
520
520
520
520
520.0000917
699.9999274
700
700
700
700
700
700
700
700
700
700
700
700
700
700
700
700
700
700
700
700
700
700
700
520
520
520
520
520
520
520
520
520
520
520
520
520
520
520
520.0002161
699.9999354
700
700
700
700
700
700
700
700
700
700
700
700
700
700
700
700
700
700
700
700
700
700
700
520
520
520
520
520
520
520
520
520
520
520
520
520
520
520
520.000058
699.9999347
700
700
700
700
700
700
700
700
700
700
700
700
700
700
700
700
700
700
700
700
700
700
700
520
520
520
520
520
520
520
520
520
520
520
520
520
520
520
520.0000029
699.9999276
700
700
700
700
700
700
700
700
700
700
700
700
700
700
700
700
700
700
700
700
700
700
700
520
520
520
520
520
520
520
520
520
520
520
520
520
520
520
520.0294435
699.9999232
700
700
700
700
700
700
700
700
700
700
700
700
700
700
700
700
700
700
700
700
700
700
700
520
520
520
520
520
520
520
520
520
520
520
520
520
520
520
529.3903948
699.9999482
700
700
700
700
700
700
700
700
700
700
700
700
700
700
700
700
700
700
700
700
700
700
700
520
520
520
520
520
520
520
520
520
520
520
520
520
520.0000001
520.0000001
551.8092037
699.9999632
700
700
700
700
700
700
700
700
700
700
700
700
700
700
700
700
700
700
700
700
700
700
700
520
520
520
520
520
520
520
520
520
520
520
520
520
520
520
569.5094907
699.9999627
700
700
700
700
700
700
700
700
700
700
700
700
700
700
700
700
700
700
700
700
700
700
700
520
520
520
520
520
520
520
520
520
520
520
520
520
520
520
577.8681471
699.999953
700
700
700
700
700
700
700
700
700
700
700
700
700
700
700
700
700
700
700
700
700
700
700
520
520
520
520
520
520
520
520
520
520
520
520
520
520
520
577.0684587
700
700
700
700
700
700
700
700
700
700
700
700
700
700
700
700
700
700
700
700
700
700
700
700
520
520
520
520
520
520
520
520
520
520
520
520
520
520
520
572.6061722
699.9999984
700
700
700
700
700
700
700
700
700
700
700
700
700
700
700
700
700
700
700
700
700
700
700
520
520
520
520
520
520
520
520
520
520
520
520
520
520
520
573.9279928
699.9999993
699.9999998
700
700
700
700
700
700
700
700
700
700
700
700
700
700
700
700
700
700
700
700
700
700
520
520
520
520
520
520
520
520
520
520
520
520
520
520
520
527.8155181
696.3271178
699.9999995
700
700
700
700
700
700
700
700
700
700
700
700
700
700
700
700
700
700
700
700
700
700
520
520
520
520
520
520
520
520
520
520
520
520
520
520
520
520
643.0224291
699.9999999
700
700
700
700
700
700
700
700
700
700
700
700
700
700
700
700
700
700
700
700
700
700
520
520
520
520
520
520
520
520
520
520
520
520
520
520
520
520
616.6284571
699.9999998
700
700
700
700
700
700
700
700
700
700
700
700
700
700
700
700
700
700
700
700
700
700
520
520
520
520
520
520
520
520
520
520
520
520
520
520
520
520
598.9727162
699.9999999
700
700
700
700
700
700
700
700
700
700
700
700
700
700
700
700
700
700
700
700
700
700
520
520
520
520
520
520
520
520
520
520
520
520
520
520
520
520
585.6744879
699.9999995
700
700
700
700
700
700
700
700
700
700
700
700
700
700
700
700
700
700
700
700
700
700
520
520
520
520
520
520
520
520
520
520
520
520
520
520
520
520
579.0369676
699.9999995
700
700
700
700
700
700
700
700
700
700
700
700
700
700
700
700
700
700
700
700
700
700
520
520
520
520
520
520
520
520
520
520
520
520
520
520
520
520
588.527232
699.9999997
700
700
700
700
700
700
700
700
700
700
700
700
700
700
700
700
700
700
700
700
700
700
520
520
520
520
520
520
520
520
520
520
520
520
520
520
520
520.6180324
663.5395606
699.9999997
700
700
700
700
700
700
700
700
700
700
700
700
700
700
700
700
700
700
700
700
700
700
520
520
520
520
520
520
520
520
520
520
520
520
520
520
520
584.4867803
700
700
700
700
700
700
700
700
700
700
700
700
700
700
700
700
700
700
700
700
700
700
700
700
520
520
520
520
520
520
520
520
520
520
520
520
520
520
520
576.6934061
699.9999996
700
700
700
700
700
700
700
700
700
700
700
700
700
700
700
700
700
700
700
700
700
700
700
520
520
520
520
520
520
520
520
520
520
520
520
520
520
520
686.389111
699.9999999
699.9999998
700
700
700
700
700
700
700
700
700
700
700
700
700
700
700
700
700
700
700
700
700
700
520
520
520
520
520
520
520
520
520
520
520
520
520
520
520
540.0661092
699.9928143
700
700
700
700
700
700
700
700
700
700
700
700
700
700
700
700
700
700
700
700
700
700
700
520
520
520
520
520
520
520
520
)
;

boundaryField
{
    lowerWall
    {
        type            calculated;
        value           uniform 0;
    }
    atmosphere
    {
        type            calculated;
        value           uniform 0;
    }
    rightWall
    {
        type            empty;
    }
    leftWall
    {
        type            empty;
    }
    frontAndBack
    {
        type            calculated;
        value           uniform 0;
    }
}


// ************************************************************************* //
