/*--------------------------------*- C++ -*----------------------------------*\
| =========                 |                                                 |
| \\      /  F ield         | OpenFOAM: The Open Source CFD Toolbox           |
|  \\    /   O peration     | Version:  2506                                  |
|   \\  /    A nd           | Website:  www.openfoam.com                      |
|    \\/     M anipulation  |                                                 |
\*---------------------------------------------------------------------------*/
FoamFile
{
    version     2.0;
    format      ascii;
    arch        "LSB;label=32;scalar=64";
    class       volScalarField;
    location    "0.003";
    object      kappa;
}
// * * * * * * * * * * * * * * * * * * * * * * * * * * * * * * * * * * * * * //

dimensions      [1 1 -3 -1 0 0 0];

internalField   nonuniform List<scalar> 
3200
(
0.4000000001
0.4000000001
0.4
12.35476874
19.90200599
17.8564255
24.04392634
25
24.99999178
25
25
25
25
25
25
25
25
25
25
25
25
25
25
25
25
25
25
25
25
25
25
25
0.4000000056
0.4
0.4
0.4
0.4
0.4
0.4
0.4
0.4000000003
0.4000000004
0.4000000005
0.4000000005
0.4000000003
0.4000000002
4.1703956
21.72683544
24.99998766
25
25
25
25
25
25
25
25
25
25
25
25
25
25
25
25
25
25
25
25
25
25
25
0.4000000057
0.4
0.4
0.4
0.4
0.4
0.4
0.4
0.4000000002
0.4000000003
0.4000000005
0.4000000006
0.4000000007
0.4000000006
0.4000000005
10.6353889
24.99998282
25
25
25
25
25
25
25
25
25
25
25
25
25
25
25
25
25
25
25
25
25
25
25
0.4000000057
0.4
0.4
0.4
0.4
0.4
0.4
0.4
0.4000000001
0.4000000002
0.4000000003
0.4000000004
0.4000000006
0.4000000006
0.4000000006
8.092551778
24.99998072
25
25
25
25
25
25
25
25
25
25
25
25
25
25
25
25
25
25
25
25
25
25
25
0.4000000057
0.4
0.4
0.4
0.4
0.4
0.4
0.4
0.4
0.4000000001
0.4000000002
0.4000000003
0.4000000005
0.4000000004
0.4000000005
8.831733861
24.99996322
25
25
25
25
25
25
25
25
25
25
25
25
25
25
25
25
25
25
25
25
25
25
25
0.4000000057
0.4
0.4
0.4
0.4
0.4
0.4
0.4
0.4
0.4
0.4000000001
0.4000000002
0.4000000003
0.4000000003
0.4000000005
11.04138533
24.99990741
25
25
25
25
25
25
25
25
25
25
25
25
25
25
25
25
25
25
25
25
25
25
25
0.4000000058
0.4
0.4
0.4
0.4
0.4
0.4
0.4
0.4
0.4
0.4000000001
0.4000000003
0.4000000002
0.4000000002
0.4000000004
15.02536807
24.99993159
25
25
25
25
25
25
25
25
25
25
25
25
25
25
25
25
25
25
25
25
25
25
25
0.4000000058
0.4
0.4
0.4
0.4
0.4
0.4
0.4
0.4
0.4
0.4000000001
0.4000000002
0.4000000001
0.4000000002
0.4000000002
15.13329762
24.99999978
25
25
25
25
25
25
25
25
25
25
25
25
25
25
25
25
25
25
25
25
25
25
25
0.4000000059
0.4
0.4
0.4
0.4
0.4
0.4
0.4
0.4
0.4
0.4000000001
0.4000000001
0.4000000001
0.4
0.4
2.016680835
22.82649654
24.99999998
25
25
25
25
25
25
25
25
25
25
25
25
25
25
25
25
25
25
25
25
25
25
0.4000000059
0.4
0.4
0.4
0.4
0.4
0.4
0.4
0.4
0.4
0.4
0.4
0.4
0.4
0.4
0.4
2.885640514
24.82116558
25
25
25
25
25
25
25
25
25
25
25
25
25
25
25
25
25
25
25
25
25
25
0.400000006
0.4
0.4
0.4
0.4
0.4
0.4
0.4
0.4
0.4
0.4
0.4
0.4
0.4
0.4
0.4
0.4
10.60588073
24.99999996
25
25
25
25
25
25
25
25
25
25
25
25
25
25
25
25
25
25
25
25
25
0.400000006
0.4
0.4
0.4
0.4
0.4
0.4
0.4
0.4
0.4
0.4
0.4
0.4
0.4
0.4
0.4
0.4
9.526505115
24.99999977
25
25
25
25
25
25
25
25
25
25
25
25
25
25
25
25
25
25
25
25
25
0.400000006
0.4
0.4
0.4
0.4
0.4
0.4
0.4
0.4
0.4
0.4
0.4
0.4
0.4
0.4
0.4
0.6029261947
8.722626581
24.99999995
25
25
25
25
25
25
25
25
25
25
25
25
25
25
25
25
25
25
25
25
25
0.4000000061
0.4
0.4
0.4
0.4
0.4
0.4
0.4
0.4
0.4
0.4
0.4
0.4
0.4
0.4
0.4098092203
0.4
2.371608524
25
25
25
25
25
25
25
25
25
25
25
25
25
25
25
25
25
25
25
25
25
25
0.4000000061
0.4
0.4
0.4
0.4
0.4
0.4
0.4
0.4
0.4
0.4
0.4
0.4
0.4
0.4
0.4
0.4
2.273398012
24.99999999
25
25
25
25
25
25
25
25
25
25
25
25
25
25
25
25
25
25
25
25
25
0.4000000061
0.4
0.4
0.4
0.4
0.4
0.4
0.4
0.4
0.4
0.4
0.4
0.4
0.4
0.4000000001
0.4
0.4
2.112349252
24.99999996
25
25
25
25
25
25
25
25
25
25
25
25
25
25
25
25
25
25
25
25
25
0.4000000061
0.4
0.4
0.4
0.4
0.4
0.4
0.4
0.4
0.4
0.4
0.4
0.4
0.4
0.4000000001
0.4000000006
0.4000000052
2.424300397
24.99999982
25
25
25
25
25
25
25
25
25
25
25
25
25
25
25
25
25
25
25
25
25
0.4000000061
0.4
0.4
0.4
0.4
0.4
0.4
0.4
0.4
0.4
0.4
0.4
0.4
0.4000000001
0.4000000002
0.4000000016
0.4000000035
5.697906742
24.99999954
25
25
25
25
25
25
25
25
25
25
25
25
25
25
25
25
25
25
25
25
25
0.400000006
0.4
0.4
0.4
0.4
0.4
0.4
0.4
0.4
0.4
0.4
0.4
0.4
0.4000000001
0.4000000002
0.4000000013
0.4000000031
1.01940519
24.99999907
25
25
25
25
25
25
25
25
25
25
25
25
25
25
25
25
25
25
25
25
25
0.400000006
0.4
0.4
0.4
0.4
0.4
0.4
0.4
0.4
0.4
0.4
0.4
0.4
0.4000000001
0.4000000002
0.4000000009
0.40000001
0.4
24.99998471
25
25
25
25
25
25
25
25
25
25
25
25
25
25
25
25
25
25
25
25
25
0.400000006
0.4
0.4
0.4
0.4
0.4
0.4
0.4
0.4
0.4
0.4000000001
0.4000000001
0.4000000001
0.4000000001
0.4000000002
0.4000000005
0.4000000028
0.799779868
24.99999991
25
25
25
25
25
25
25
25
25
25
25
25
25
25
25
25
25
25
25
25
25
0.4000000059
0.4
0.4
0.4
0.4
0.4
0.4
0.4
0.4
0.4
0.4
0.4000000001
0.4000000001
0.4000000002
0.4000000002
0.4000000004
0.4000000012
2.952274107
24.99999996
25
25
25
25
25
25
25
25
25
25
25
25
25
25
25
25
25
25
25
25
25
0.4000000058
0.4
0.4
0.4
0.4
0.4
0.4
0.4
0.4
0.4
0.4000000001
0.4000000001
0.4000000001
0.4000000001
1.815976617
9.304861467
15.08985826
22.56196641
24.99999994
25
25
25
25
25
25
25
25
25
25
25
25
25
25
25
25
25
25
25
25
25
0.4000000058
0.4
0.4
0.4
0.4
0.4
0.4
0.4
0.4
0.4000000001
0.4000000001
0.4000000002
0.4000000001
0.4
17.2401524
25
25
24.99999997
25
25
25
25
25
25
25
25
25
25
25
25
25
25
25
25
25
25
25
25
25
25
0.4000000057
0.4
0.4
0.4
0.4
0.4
0.4
0.4
0.4
0.4000000006
0.4000000005
0.4000000005
0.4000000003
1.453854515
21.39720522
24.9999998
24.99998232
25
25
25
25
25
25
25
25
25
25
25
25
25
25
25
25
25
25
25
25
25
25
25
0.4000000056
0.4
0.4
0.4
0.4
0.4
0.4
0.4
0.4
0.4000000075
0.4000000335
0.4000000014
0.4000000009
0.4000000005
5.253759006
23.98507646
24.99998105
25
25
25
25
25
25
25
25
25
25
25
25
25
25
25
25
25
25
25
25
25
25
25
0.4000000055
0.4
0.4
0.4
0.4
0.4
0.4
0.4
0.4
0.4000000053
0.4000000258
0.4000000009
0.4000000012
0.4000000008
0.4000000001
16.61534635
24.99998614
25
25
25
25
25
25
25
25
25
25
25
25
25
25
25
25
25
25
25
25
25
25
25
0.4000000054
0.4
0.4
0.4
0.4
0.4
0.4
0.4
6.019021777
4.618267014
0.4000000014
0.4000000002
0.4000000003
0.4000000002
0.4000000001
13.12940571
24.99998555
25
25
25
25
25
25
25
25
25
25
25
25
25
25
25
25
25
25
25
25
25
25
25
0.4000000053
0.4
0.4
0.4
0.4
0.4
0.4
0.4
8.534135493
2.824014613
0.8132585742
3.366951358
0.6250654699
0.4000000001
0.4000000002
12.08151825
24.99998476
25
25
25
25
25
25
25
25
25
25
25
25
25
25
25
25
25
25
25
25
25
25
25
0.4000000052
0.4
0.4
0.4
0.4
0.4
0.4
0.4
0.4000000001
0.4000000002
0.4000000003
1.637029106
0.5069797835
0.4000000002
0.4000000002
11.68845325
24.99999137
25
25
25
25
25
25
25
25
25
25
25
25
25
25
25
25
25
25
25
25
25
25
25
0.4000000051
0.4
0.4
0.4
0.4
0.4
0.4
0.4
0.4000000001
0.4000000002
0.4000000003
0.4000000005
0.4000000006
0.4000000004
0.4000000003
10.36172612
24.9999968
25
25
25
25
25
25
25
25
25
25
25
25
25
25
25
25
25
25
25
25
25
25
25
0.4000000049
0.4
0.4
0.4
0.4
0.4
0.4
0.4
0.4000000001
0.4000000002
0.4000000004
0.4000000005
0.4000000005
0.4000000004
0.4000000002
16.42081084
24.9999966
25
25
25
25
25
25
25
25
25
25
25
25
25
25
25
25
25
25
25
25
25
25
25
0.4000000048
0.4
0.4
0.4
0.4
0.4
0.4
0.4
0.4000000001
0.4000000002
0.4000000004
0.4000000005
0.4000000005
0.4000000003
4.75657506
24.76056366
24.99999292
25
25
25
25
25
25
25
25
25
25
25
25
25
25
25
25
25
25
25
25
25
25
25
0.4000000047
0.4
0.4
0.4
0.4
0.4
0.4
0.4
0.4000000001
0.4000000003
0.4000000005
0.4000000007
0.4000000007
0.4000000005
1.18904734
13.8185194
24.99999421
25
25
25
25
25
25
25
25
25
25
25
25
25
25
25
25
25
25
25
25
25
25
25
0.4000000046
0.4
0.4
0.4
0.4
0.4
0.4
0.4
0.4000000001
0.4000000003
0.4000000005
0.4000000007
0.4000000009
0.4000000009
0.4000000008
4.618468456
24.99999856
25
25
25
25
25
25
25
25
25
25
25
25
25
25
25
25
25
25
25
25
25
25
25
0.4000000045
0.4
0.4
0.4
0.4
0.4
0.4
0.4
0.4000000001
0.4000000002
0.4000000004
0.4000000006
0.4000000008
0.400000001
0.4000000011
4.702061515
24.99999737
25
25
25
25
25
25
25
25
25
25
25
25
25
25
25
25
25
25
25
25
25
25
25
0.4000000044
0.4
0.4
0.4
0.4
0.4
0.4
0.4
0.4
0.4000000001
0.4000000002
0.4000000004
0.4000000006
0.400000001
0.4000000012
4.863818076
24.99998074
25
25
25
25
25
25
25
25
25
25
25
25
25
25
25
25
25
25
25
25
25
25
25
0.4000000043
0.4
0.4
0.4
0.4
0.4
0.4
0.4
0.4
0.4
0.4000000001
0.4000000002
0.4000000005
0.400000001
0.4000000012
5.012058642
24.9999889
25
25
25
25
25
25
25
25
25
25
25
25
25
25
25
25
25
25
25
25
25
25
25
0.4000000042
0.4
0.4
0.4
0.4
0.4
0.4
0.4
0.4
0.4
0.4000000001
0.4000000002
0.4000000006
0.400000001
0.4000000012
5.17870892
24.99997495
25
25
25
25
25
25
25
25
25
25
25
25
25
25
25
25
25
25
25
25
25
25
25
0.4000000041
0.4
0.4
0.4
0.4
0.4
0.4
0.4
0.4
0.4
0.4000000001
0.4000000003
0.4000000006
0.400000001
0.4000000012
5.260208016
24.99998002
25
25
25
25
25
25
25
25
25
25
25
25
25
25
25
25
25
25
25
25
25
25
25
0.400000004
0.4
0.4
0.4
0.4
0.4
0.4
0.4
0.4
0.4
0.4000000001
0.4000000003
0.4000000006
0.400000001
0.4000000011
5.678604654
24.99999231
25
25
25
25
25
25
25
25
25
25
25
25
25
25
25
25
25
25
25
25
25
25
25
0.400000004
0.4
0.4
0.4
0.4
0.4
0.4
0.4
0.4
0.4
0.4000000001
0.4000000002
0.4000000005
0.400000001
0.4000000011
5.254978612
24.99998726
25
25
25
25
25
25
25
25
25
25
25
25
25
25
25
25
25
25
25
25
25
25
25
0.4000000039
0.4
0.4
0.4
0.4
0.4
0.4
0.4
0.4
0.4
0.4000000001
0.4000000002
0.4000000004
0.4000000008
0.4000000011
6.553095559
24.99998493
25
25
25
25
25
25
25
25
25
25
25
25
25
25
25
25
25
25
25
25
25
25
25
0.4000000038
0.4
0.4
0.4
0.4
0.4
0.4
0.4
0.4
0.4000000001
0.4000000002
0.4000000003
0.4000000004
0.4000000007
0.400000001
5.856853424
24.99998742
25
25
25
25
25
25
25
25
25
25
25
25
25
25
25
25
25
25
25
25
25
25
25
0.4000000038
0.4
0.4
0.4
0.4
0.4
0.4
0.4
0.4
0.4000000001
0.4000000003
0.4000000004
0.4000000004
0.4000000007
0.400000001
6.45650444
24.99998473
25
25
25
25
25
25
25
25
25
25
25
25
25
25
25
25
25
25
25
25
25
25
25
0.4000000037
0.4
0.4
0.4
0.4
0.4
0.4
0.4
0.4
0.4000000001
0.4000000005
0.4000000006
0.4000000005
0.4000000007
0.400000001
9.0337422
24.99997591
25
25
25
25
25
25
25
25
25
25
25
25
25
25
25
25
25
25
25
25
25
25
25
0.4000000037
0.4
0.4
0.4
0.4
0.4
0.4
0.4
0.4
0.4000000002
0.4000000007
0.4000000008
0.4000000007
0.4000000008
0.400000001
1.715471071
24.99997268
25
25
25
25
25
25
25
25
25
25
25
25
25
25
25
25
25
25
25
25
25
25
25
0.4000000036
0.4
0.4
0.4
0.4
0.4
0.4
0.4
0.4
0.4000000004
0.400000001
0.4000000012
0.4000000008
0.4000000008
0.400000001
1.656732241
24.99996652
25
25
25
25
25
25
25
25
25
25
25
25
25
25
25
25
25
25
25
25
25
25
25
0.4000000036
0.4
0.4
0.4
0.4
0.4
0.4
0.4
0.4000000002
0.4000000008
0.4000000014
0.4000000013
0.4000000009
0.4000000009
0.4000000007
15.24481698
24.99997971
25
25
25
25
25
25
25
25
25
25
25
25
25
25
25
25
25
25
25
25
25
25
25
0.4000000036
0.4
0.4
0.4
0.4
0.4
0.4
0.4
0.4000000004
0.4000000009
0.4000000013
0.4000000011
0.4000000009
0.4000000008
2.601875859
19.46686062
24.99995426
25
25
25
25
25
25
25
25
25
25
25
25
25
25
25
25
25
25
25
25
25
25
25
0.4000000035
0.4
0.4
0.4
0.4
0.4
0.4
0.4
0.4000000003
0.4000000008
0.4000000012
0.4000000012
0.4000000009
0.4000000009
0.400000003
1.864525364
24.99996827
25
25
25
25
25
25
25
25
25
25
25
25
25
25
25
25
25
25
25
25
25
25
25
0.4000000035
0.4
0.4
0.4
0.4
0.4
0.4
0.4
0.4000000002
0.4000000006
0.4000000012
0.4000000015
0.4000000016
0.4000000029
0.40000001
0.4000244407
24.99996537
25
25
25
25
25
25
25
25
25
25
25
25
25
25
25
25
25
25
25
25
25
25
25
0.4000000035
0.4
0.4
0.4
0.4
0.4
0.4
0.4
0.4000000001
0.4000000002
0.4000000007
0.4000000013
0.400000002
0.4000000052
0.4000000202
0.4
24.99997427
25
25
25
25
25
25
25
25
25
25
25
25
25
25
25
25
25
25
25
25
25
25
25
0.4000000035
0.4
0.4
0.4
0.4
0.4
0.4
0.4
0.4
0.4000000001
0.4000000002
0.4000000006
0.4000000012
0.4000000024
0.4000000013
0.4001630719
24.99999637
25
25
25
25
25
25
25
25
25
25
25
25
25
25
25
25
25
25
25
25
25
25
25
0.4000000035
0.4
0.4
0.4
0.4
0.4
0.4
0.4
0.4
0.4
0.4000000001
0.4000000002
0.4000000004
0.4000000008
0.4000000003
0.4000330106
24.9999964
25
25
25
25
25
25
25
25
25
25
25
25
25
25
25
25
25
25
25
25
25
25
25
0.4000000035
0.4
0.4
0.4
0.4
0.4
0.4
0.4
0.4
0.4
0.4
0.4
0.4000000001
0.4000000002
0.4000000001
0.400011633
24.99999277
25
25
25
25
25
25
25
25
25
25
25
25
25
25
25
25
25
25
25
25
25
25
25
0.4000000035
0.4
0.4
0.4
0.4
0.4
0.4
0.4
0.4
0.4
0.4
0.4
0.4
0.4
0.4
0.4000125291
24.99999008
25
25
25
25
25
25
25
25
25
25
25
25
25
25
25
25
25
25
25
25
25
25
25
0.4000000036
0.4
0.4
0.4
0.4
0.4
0.4
0.4
0.4
0.4
0.4
0.4
0.4
0.4
0.4
0.4000295349
24.99999117
25
25
25
25
25
25
25
25
25
25
25
25
25
25
25
25
25
25
25
25
25
25
25
0.4000000036
0.4
0.4
0.4
0.4
0.4
0.4
0.4
0.4
0.4
0.4
0.4
0.4
0.4
0.4000000002
0.4000079225
24.99999108
25
25
25
25
25
25
25
25
25
25
25
25
25
25
25
25
25
25
25
25
25
25
25
0.4000000036
0.4
0.4
0.4
0.4
0.4
0.4
0.4
0.4
0.4
0.4
0.4
0.4
0.4000000003
0.4000000031
0.4000003906
24.9999901
25
25
25
25
25
25
25
25
25
25
25
25
25
25
25
25
25
25
25
25
25
25
25
0.4000000037
0.4
0.4
0.4
0.4
0.4
0.4
0.4
0.4
0.4
0.4
0.4
0.4000000003
0.4000000023
0.4000000068
0.404023941
24.9999895
25
25
25
25
25
25
25
25
25
25
25
25
25
25
25
25
25
25
25
25
25
25
25
0.4000000037
0.4
0.4
0.4
0.4
0.4
0.4
0.4
0.4
0.4
0.4
0.4000000001
0.4000000012
0.4000000045
0.400000006
1.683353962
24.99999291
25
25
25
25
25
25
25
25
25
25
25
25
25
25
25
25
25
25
25
25
25
25
25
0.4000000038
0.4
0.4
0.4
0.4
0.4
0.4
0.4
0.4
0.4
0.4
0.4000000005
0.400000003
0.4000000072
0.4000000074
4.747257845
24.99999497
25
25
25
25
25
25
25
25
25
25
25
25
25
25
25
25
25
25
25
25
25
25
25
0.4000000038
0.4
0.4
0.4
0.4
0.4
0.4
0.4
0.4
0.4
0.4
0.4000000004
0.4000000024
0.400000006
0.4000000041
7.166297065
24.9999949
25
25
25
25
25
25
25
25
25
25
25
25
25
25
25
25
25
25
25
25
25
25
25
0.4000000039
0.4
0.4
0.4
0.4
0.4
0.4
0.4
0.4
0.4
0.4
0.4000000004
0.4000000022
0.4000000053
0.4000000027
8.308646772
24.99999358
25
25
25
25
25
25
25
25
25
25
25
25
25
25
25
25
25
25
25
25
25
25
25
0.400000004
0.4
0.4
0.4
0.4
0.4
0.4
0.4
0.4
0.4
0.4
0.4000000002
0.4000000014
0.4000000035
0.4000000015
8.199356029
25
25
25
25
25
25
25
25
25
25
25
25
25
25
25
25
25
25
25
25
25
25
25
25
0.400000004
0.4
0.4
0.4
0.4
0.4
0.4
0.4
0.4
0.4
0.4
0.4
0.4000000006
0.4000000013
0.4000000007
7.589510197
24.99999978
25
25
25
25
25
25
25
25
25
25
25
25
25
25
25
25
25
25
25
25
25
25
25
0.4000000041
0.4
0.4
0.4
0.4
0.4
0.4
0.4
0.4
0.4
0.4
0.4
0.4000000001
0.4000000003
0.4000000003
7.770159017
24.9999999
24.99999998
25
25
25
25
25
25
25
25
25
25
25
25
25
25
25
25
25
25
25
25
25
25
0.4000000042
0.4
0.4
0.4
0.4
0.4
0.4
0.4
0.4
0.4
0.4
0.4
0.4000000001
0.4000000002
0.4000000002
1.468120807
24.49803944
24.99999994
25
25
25
25
25
25
25
25
25
25
25
25
25
25
25
25
25
25
25
25
25
25
0.4000000043
0.4
0.4
0.4
0.4
0.4
0.4
0.4
0.4
0.4
0.4
0.4
0.4
0.4000000002
0.4000000001
0.4
17.21306531
24.99999999
25
25
25
25
25
25
25
25
25
25
25
25
25
25
25
25
25
25
25
25
25
25
0.4000000043
0.4
0.4
0.4
0.4
0.4
0.4
0.4
0.4
0.4
0.4
0.4
0.4
0.4
0.4
0.4
13.60588914
24.99999998
25
25
25
25
25
25
25
25
25
25
25
25
25
25
25
25
25
25
25
25
25
25
0.4000000044
0.4
0.4
0.4
0.4
0.4
0.4
0.4
0.4
0.4
0.4
0.4
0.4
0.4
0.4
0.4
11.19293788
24.99999999
25
25
25
25
25
25
25
25
25
25
25
25
25
25
25
25
25
25
25
25
25
25
0.4000000045
0.4
0.4
0.4
0.4
0.4
0.4
0.4
0.4
0.4
0.4
0.4
0.4
0.4
0.4
0.4
9.375513353
24.99999993
25
25
25
25
25
25
25
25
25
25
25
25
25
25
25
25
25
25
25
25
25
25
0.4000000045
0.4
0.4
0.4
0.4
0.4
0.4
0.4
0.4
0.4
0.4
0.4
0.4
0.4
0.4
0.4
8.468385578
24.99999994
25
25
25
25
25
25
25
25
25
25
25
25
25
25
25
25
25
25
25
25
25
25
0.4000000046
0.4
0.4
0.4
0.4
0.4
0.4
0.4
0.4
0.4
0.4
0.4
0.4
0.4
0.4
0.4
9.765388377
24.99999996
25
25
25
25
25
25
25
25
25
25
25
25
25
25
25
25
25
25
25
25
25
25
0.4000000046
0.4
0.4
0.4
0.4
0.4
0.4
0.4
0.4
0.4
0.4
0.4
0.4
0.4
0.4
0.4844644263
20.01707328
24.99999996
25
25
25
25
25
25
25
25
25
25
25
25
25
25
25
25
25
25
25
25
25
25
0.4000000047
0.4
0.4
0.4
0.4
0.4
0.4
0.4
0.4
0.4
0.4
0.4
0.4
0.4
0.4
9.213193313
25
25
25
25
25
25
25
25
25
25
25
25
25
25
25
25
25
25
25
25
25
25
25
25
0.4000000047
0.4
0.4
0.4
0.4
0.4
0.4
0.4
0.4
0.4
0.4
0.4
0.4
0.4
0.4
8.148098828
24.99999994
25
25
25
25
25
25
25
25
25
25
25
25
25
25
25
25
25
25
25
25
25
25
25
0.4000000048
0.4
0.4
0.4
0.4
0.4
0.4
0.4
0.4
0.4
0.4
0.4
0.4
0.4
0.4
23.13984516
24.99999998
24.99999997
25
25
25
25
25
25
25
25
25
25
25
25
25
25
25
25
25
25
25
25
25
25
0.4000000048
0.4
0.4
0.4
0.4
0.4
0.4
0.4
0.4
0.4
0.4
0.4
0.4
0.4
0.4
3.142368258
24.99901795
25
25
25
25
25
25
25
25
25
25
25
25
25
25
25
25
25
25
25
25
25
25
25
0.4000000048
0.4
0.4
0.4
0.4
0.4
0.4
0.4
)
;

boundaryField
{
    lowerWall
    {
        type            calculated;
        value           uniform 0;
    }
    atmosphere
    {
        type            calculated;
        value           uniform 0;
    }
    rightWall
    {
        type            empty;
    }
    leftWall
    {
        type            empty;
    }
    frontAndBack
    {
        type            calculated;
        value           uniform 0;
    }
}


// ************************************************************************* //
