/*--------------------------------*- C++ -*----------------------------------*\
| =========                 |                                                 |
| \\      /  F ield         | OpenFOAM: The Open Source CFD Toolbox           |
|  \\    /   O peration     | Version:  2506                                  |
|   \\  /    A nd           | Website:  www.openfoam.com                      |
|    \\/     M anipulation  |                                                 |
\*---------------------------------------------------------------------------*/
FoamFile
{
    version     2.0;
    format      ascii;
    arch        "LSB;label=32;scalar=64";
    class       volScalarField;
    location    "0.003";
    object      p;
}
// * * * * * * * * * * * * * * * * * * * * * * * * * * * * * * * * * * * * * //

dimensions      [1 -1 -2 0 0 0 0];

internalField   nonuniform List<scalar> 
3200
(
-0.8394904362
-7.5010141
4.111191993
5801.938692
15535.79934
10549.16484
20518.26227
22839.29433
22888.00434
17069.8792
14370.17377
12898.94419
11938.11969
11195.63285
10546.48382
9935.461768
9337.866955
8742.706174
8145.213609
7543.4503
6936.749695
6325.01458
5708.407312
5087.218464
4461.813319
3832.610283
3200.071008
2564.694046
1927.009061
1287.570799
646.952744
5.740482642
-0.07008390062
-0.07224052123
-0.07439714116
-0.07655376113
-0.07871038104
-0.08086700094
-0.08302362086
-0.08518024073
-2.149159636
-5.046131866
-2.953499269
-6.101666477
1.11995131
1.973152885
345.9792873
14344.87859
14372.52467
13950.69524
13141.69017
12388.52873
11719.77309
11102.28234
10508.33814
9922.012895
9335.409393
8745.012587
8149.45787
7548.360435
6941.756296
6329.858173
5712.960267
5091.406931
4465.585039
3835.922661
3202.887597
2566.984067
1928.747713
1288.739564
647.5396064
5.740482642
-0.0700839006
-0.07224052122
-0.07439714116
-0.07655376112
-0.07871038104
-0.08086700095
-0.08302362086
-0.08518024074
-0.431185772
-1.55933669
-1.276314783
-0.8485214932
2.589751467
1.458725348
3.696100417
2563.879686
8697.871349
11217.83134
11857.3585
11793.69049
11450.1373
10985.35291
10462.53436
9908.799819
9336.700666
8752.430697
8159.196803
7558.727414
6952.005915
6339.650852
5722.11975
5099.818172
4473.155583
3842.570964
3208.541434
2571.58175
1932.239386
1291.087877
648.7198608
5.740482643
-0.07008390059
-0.07224052122
-0.07439714116
-0.07655376112
-0.07871038104
-0.08086700095
-0.08302362086
-0.08518024074
-0.7000936164
-1.278887891
-0.9589914435
-0.1639293536
1.119155269
1.322041229
2.333371423
1503.332992
8231.517108
10364.51281
11276.21301
11478.72307
11301.71011
10926.42858
10447.61377
9913.917142
9350.126081
8768.772698
8176.128318
7575.301808
6967.843885
6354.575034
5736.006897
5112.550258
4484.611507
3852.631827
3217.097973
2578.539936
1937.523477
1294.64148
650.5058487
5.740482643
-0.07008390058
-0.07224052122
-0.07439714116
-0.07655376112
-0.07871038104
-0.08086700095
-0.08302362086
-0.08518024074
-0.3446079538
-0.3235244688
-0.1052525158
0.3166376545
0.9347170672
1.196746571
1.442026363
2021.332103
9354.086409
10733.25768
11404.24861
11543.26229
11351.52951
10971.01073
10487.54479
9949.095152
9381.076562
8796.365307
8201.199275
7598.463597
6989.448422
6374.754751
5754.740383
5129.724866
4500.072285
3866.215092
3228.651759
2587.934734
1944.656563
1299.437536
652.9159015
5.740482644
-0.07008390058
-0.07224052122
-0.07439714116
-0.07655376112
-0.07871038104
-0.08086700095
-0.08302362086
-0.08518024073
-0.2556550849
-0.2390586296
-0.07516390843
0.2468096817
0.6260907731
0.8498506067
1.064346945
3376.476088
10944.39732
11811.35334
12064.25161
11938.53075
11590.11314
11118.51295
10582.42945
10013.80817
9428.682156
8834.37248
8233.797731
7627.86146
7016.687556
6400.211706
5778.433037
5151.497098
4519.701742
3883.472824
3243.332318
2599.868785
1953.713795
1305.524843
655.9739416
5.740482645
-0.07008390058
-0.07224052122
-0.07439714116
-0.07655376112
-0.07871038104
-0.08086700094
-0.08302362086
-0.08518024073
-0.06816731319
-0.03685772642
0.08418418629
0.3044210702
0.3859544855
0.3561014193
0.2105119122
7106.729197
13557.62711
13504.39188
13102.86162
12556.47859
11951.8585
11330.47344
10709.82252
10094.99217
9485.434168
8878.604954
8271.716052
7662.454
7049.185148
6430.928381
5807.241306
5178.08957
4543.728976
3904.610465
3261.308818
2614.472116
1964.787961
1312.962472
659.7085618
5.740482645
-0.07008390058
-0.07224052122
-0.07439714116
-0.07655376112
-0.07871038104
-0.08086700094
-0.08302362085
-0.08518024073
-0.06142268759
-0.07824845372
-0.03787273788
0.2212417417
0.1573581994
-0.3580453608
-1.27141159
7180.936232
17292.36344
15546.01482
14286.31787
13232.65023
12330.3487
11541.67656
10831.3667
10170.87114
9539.421342
8922.858348
8311.966598
7701.011007
7086.62779
6467.032897
5841.473168
5209.852178
4572.478579
3929.89956
3282.79308
2631.9004
1977.986094
1321.816627
664.1512176
5.740482646
-0.07008390057
-0.07224052122
-0.07439714116
-0.07655376112
-0.07871038103
-0.08086700094
-0.08302362085
-0.08518024073
0.004400294838
0.01835513255
-0.02892039605
-0.196532647
-0.8584026578
-1.159005444
-0.8515944064
85.55440276
17060.78426
17080.31416
15263.74297
13757.44305
12595.19142
11674.4968
10903.07015
10217.67292
9578.486717
8961.402617
8352.240838
7742.954083
7129.240074
6509.060633
5881.726004
5247.329275
4606.398403
3959.684526
3308.036155
2652.327617
1993.421828
1332.154705
669.3330405
5.740482647
-0.07008390057
-0.07224052122
-0.07439714116
-0.07655376112
-0.07871038103
-0.08086700094
-0.08302362085
-0.08518024073
-0.02651497013
0.006454239635
-0.03162175244
-0.2439891802
-0.5899054783
-0.3488318641
1.326951138
3.72474059
219.2167104
19085.71617
15930.58355
13938.18504
12618.46095
11658.02755
10888.71778
10218.233
9595.415809
8991.987475
8392.600698
7789.283697
7178.276623
6558.2028
5929.001419
5291.30299
4646.066426
3994.372617
3337.312122
2675.929476
2011.201441
1344.035448
675.2797922
5.740482648
-0.07008390056
-0.07224052121
-0.07439714116
-0.07655376112
-0.07871038103
-0.08086700094
-0.08302362085
-0.08518024073
-0.06074863004
0.0241360276
0.08249972994
0.1108405634
0.06237976765
0.09365814609
-0.07509959117
0.9053139678
-2.140767702
4070.900461
15323.07322
13446.23904
12282.426
11450.41471
10775.51519
10171.09592
9592.922796
9018.494541
8436.852248
7843.263483
7236.339531
6616.432469
5984.734938
5342.777743
4692.157208
4034.396306
3370.883276
2702.854484
2031.401995
1357.494442
682.0046559
5.740482648
-0.07008390055
-0.07224052121
-0.07439714115
-0.07655376111
-0.07871038103
-0.08086700094
-0.08302362085
-0.08518024073
-0.08168312685
0.03092530517
0.1273285766
0.2092601909
0.2731336871
0.3197479038
-0.02116186936
-0.3663562159
-1.861761609
2955.433296
13051.02168
12243.51649
11614.57375
11085.67098
10591.80814
10097.68403
9586.652519
9052.180266
8493.012545
7910.539314
7307.345822
6686.41309
6050.689556
5402.878969
4745.354048
4080.141277
3408.943612
2733.181509
2054.041285
1372.524968
689.4989318
5.740482649
-0.07008390055
-0.07224052121
-0.07439714115
-0.07655376111
-0.07871038103
-0.08086700094
-0.08302362085
-0.08518024072
-0.06782363113
0.06823252814
0.2013838154
0.347217041
0.5077690906
0.6887530622
0.7377214093
0.4750655852
1.145098105
2108.021642
10774.35018
10862.37747
10846.66827
10685.86877
10408.33894
10041.15161
9603.791275
9110.526853
8572.4414
7998.497007
7396.052287
6771.145541
6128.693031
5472.657855
4806.204547
4131.840485
3451.542176
2766.86557
2079.041111
1389.055304
697.7211972
5.740482649
-0.07008390054
-0.07224052121
-0.07439714115
-0.07655376111
-0.07871038103
-0.08086700093
-0.08302362085
-0.08518024072
-0.06992720219
0.0712941229
0.2173947148
0.3750788342
0.5487815107
0.7442952763
0.876399363
1.020855121
1.270154688
60.58409235
8015.011841
9582.48151
10223.84024
10402.77869
10314.50425
10054.76481
9676.80308
9213.660546
8687.692927
8114.917312
7507.182425
6873.385459
6220.24152
5552.818579
4874.931882
4189.443541
3498.493181
2803.676913
2106.187384
1406.924688
706.5860113
5.74048265
-0.07008390054
-0.07224052121
-0.07439714115
-0.07655376111
-0.07871038103
-0.08086700093
-0.08302362084
-0.08518024072
-0.06302046902
0.08611564237
0.2393284811
0.4016012621
0.5677258524
0.7253476238
0.8639104129
0.7864052745
0.8094659677
49.20982361
7532.084606
9228.607884
10063.41895
10386.88319
10392.11186
10186.57334
9834.965277
9379.58605
8849.716763
8266.259645
7644.336845
6994.934728
6326.032078
5643.407464
4951.227571
4252.478752
3549.284699
2843.141399
2135.092381
1425.861172
715.953691
5.74048265
-0.07008390054
-0.07224052121
-0.07439714115
-0.07655376111
-0.07871038102
-0.08086700093
-0.08302362084
-0.08518024072
-0.07170845445
0.07755641998
0.2313549865
0.3892637593
0.5409499829
0.6673802496
0.773644179
0.6892332586
0.5587657491
49.76507003
8428.014194
9736.43786
10414.33071
10689.20486
10680.46428
10464.42477
10096.8687
9619.968823
9065.293232
8456.030762
7808.933114
7135.947387
6445.508383
5743.517007
5034.059987
4319.930341
3603.000848
2884.492002
2165.165422
1445.465112
725.6229133
5.74048265
-0.07008390054
-0.0722405212
-0.07439714115
-0.07655376111
-0.07871038102
-0.08086700093
-0.08302362084
-0.08518024072
-0.08710313054
0.0683834028
0.2262377751
0.3829858075
0.5231696101
0.6359174661
0.7518006373
0.7408808729
1.048151512
95.56792386
10373.24875
10874.79031
11168.24764
11275.1229
11176.09386
10893.76676
10468.08658
9938.094946
9335.421665
8683.600343
7999.380035
7294.376196
6576.501164
5851.058432
5121.534154
4390.154363
3658.272929
2926.641486
2195.598323
1465.202006
735.3278446
5.74048265
-0.07008390053
-0.0722405212
-0.07439714114
-0.0765537611
-0.07871038102
-0.08086700093
-0.08302362084
-0.08518024071
-0.1159824057
0.04964773791
0.2154632845
0.3766589999
0.5087381029
0.5886138634
0.6346292035
0.4350365746
-0.3364902198
892.0084181
13527.70241
12219.86578
12108.73419
12066.92787
11854.99966
11466.43583
10943.58678
10328.87054
9654.663242
8943.532142
8210.572731
7465.638458
6715.025302
5962.647883
5210.834019
4460.854146
3713.273079
2968.184859
2225.370913
1484.407689
744.7411645
5.74048265
-0.07008390053
-0.0722405212
-0.07439714114
-0.0765537611
-0.07871038102
-0.08086700092
-0.08302362084
-0.08518024071
-0.1639892694
0.01846662753
0.1999403537
0.3722308372
0.4918447904
0.5149092256
0.4707269663
0.1877028657
-0.9307958189
12.40473869
11093.84583
12366.06244
12979.88242
13028.83796
12710.52014
12173.36476
11510.9254
10779.10517
10010.79386
9225.255616
8433.702225
7642.540862
6855.276102
6073.639511
5298.270296
4529.130298
3765.759812
3007.437248
2253.279876
1502.307663
753.4837368
5.74048265
-0.07008390054
-0.0722405212
-0.07439714114
-0.0765537611
-0.07871038101
-0.08086700092
-0.08302362083
-0.08518024071
-0.2395092133
-0.02286385809
0.1933017076
0.3934582893
0.5354346141
0.6018804016
0.5318672061
0.856620982
-1.926516794
4.411953914
8517.073917
13172.03968
14415.88529
14358.00495
13784.85823
13005.55328
12147.6168
11265.79917
10384.11718
9512.958407
8656.40206
7815.507389
6989.859746
6178.328012
5379.446948
4591.612239
3813.178823
3042.508619
2277.991357
1518.050554
761.1408694
5.74048265
-0.07008390054
-0.0722405212
-0.07439714114
-0.0765537611
-0.07871038101
-0.08086700092
-0.08302362083
-0.08518024071
-0.3697283856
-0.1202442945
0.1438929613
0.4080041974
0.586807269
0.694555067
0.1472273027
-0.8865538429
-2.405423073
0.4588175163
15248.49628
17383.94434
17153.68113
16202.42233
15065.33527
13916.35055
12808.16264
11752.32709
10746.88475
9786.025203
8863.404793
7973.188868
7110.288387
6270.329029
5449.545656
4644.667527
3852.814819
3071.411587
2298.11444
1530.7538
767.2841968
5.74048265
-0.07008390054
-0.07224052119
-0.07439714113
-0.07655376109
-0.07871038101
-0.08086700092
-0.08302362083
-0.0851802407
-0.577534087
-0.2532084175
0.132578591
0.499195228
0.7933734842
1.247409473
0.7042927171
-4.912980588
-11.70932071
422.1724384
29585.57064
23965.14257
20612.45958
18232.65332
16357.69187
14786.3298
13416.33078
12188.43256
11065.03868
10020.82184
9037.9709
8103.520006
7207.738777
6343.117754
5503.707059
4684.671349
3881.981115
3092.192933
2312.289193
1539.557685
771.4973605
5.74048265
-0.07008390055
-0.07224052119
-0.07439714113
-0.07655376109
-0.07871038101
-0.08086700091
-0.08302362083
-0.0851802407
-0.9267214589
-0.5460501114
-0.07758909308
0.423607421
0.7153112103
1.791123419
111.2366418
4351.060564
14227.09798
34311.05792
37606.94673
28286.07778
23098.33674
19758.02447
17346.43043
15454.92368
13882.37207
12520.00394
11303.9842
10194.22195
9164.106815
8195.149684
7273.994827
6390.661763
5537.462121
4708.303593
3898.224867
3103.074122
2319.279879
1543.68219
773.4029361
5.740482649
-0.07008390055
-0.07224052119
-0.07439714113
-0.07655376109
-0.078710381
-0.08086700091
-0.08302362082
-0.0851802407
-1.451723271
-1.013490313
-0.672347561
-0.4594375274
-1.289154249
0.1125437512
16505.51142
30437.3674
29416.32332
43985.26244
35240.96104
28473.73151
23736.77772
20354.66115
17815.06142
15804.53792
14138.20241
12705.19548
11436.63814
10287.94169
9229.053585
8238.946223
7302.396907
6408.039816
5547.145843
4712.83036
3899.520183
3102.583036
2318.062184
1542.480165
772.6876313
5.740482649
-0.07008390056
-0.07224052118
-0.07439714113
-0.07655376109
-0.078710381
-0.08086700091
-0.08302362082
-0.0851802407
-2.36956715
-1.543240944
-0.9353221382
-0.8725664311
-2.151105699
56.95004307
25078.06713
30266.27608
36651.44424
35056.5384
30897.7551
26631.08177
23020.36856
20108.76515
17754.59458
15809.93868
14160.67701
12725.90608
11449.39534
10291.81703
9225.186219
8229.15308
7288.575027
6391.923113
5530.221593
4696.32653
3884.422117
3089.659888
2307.893861
1535.480644
769.1228889
5.740482649
-0.07008390057
-0.07224052118
-0.07439714112
-0.07655376108
-0.078710381
-0.08086700091
-0.08302362082
-0.08518024069
-3.901598864
-2.39437515
-0.5110861507
-0.3104734984
-3.269143494
-7.984354022
1207.72977
27048.35746
29796.99249
28691.73575
26662.41341
24132.45998
21604.8371
19305.42103
17284.59168
15519.92201
13968.63762
12588.32896
11343.18654
10204.70952
9150.687914
8163.873538
7230.795973
6340.825215
5485.462081
4657.807146
3852.161668
3063.724801
2288.36096
1522.417688
762.5787497
5.740482648
-0.07008390057
-0.07224052118
-0.07439714112
-0.07655376108
-0.078710381
-0.0808670009
-0.08302362081
-0.08518024069
-5.924872818
-3.148027099
0.4656440535
2.354922481
3.344681948
0.333231066
16.71337663
12201.52135
21442.50846
23251.15671
22927.69133
21631.49823
19961.08776
18223.47619
16558.40818
15016.50001
13605.60326
12315.56144
11130.28159
10033.1136
9008.951069
8044.827534
7129.88056
6255.090172
5412.966545
4597.254019
3802.672708
3024.701057
2259.395749
1503.242429
753.0298695
5.740482648
-0.07008390058
-0.07224052118
-0.07439714112
-0.07655376108
-0.07871038099
-0.0808670009
-0.08302362081
-0.08518024069
2518.717116
1446.192985
5.44389307
6.803531055
3.540628191
0.4990929996
10.11018184
7483.86645
18180.03882
19943.91891
20165.68892
19504.74537
18384.52771
17068.97342
15709.03995
14382.04405
13121.69334
11938.00541
10829.23153
9788.477878
8807.14373
7876.575842
6988.779934
6136.65994
5314.033102
4515.546145
3736.554611
2972.995511
2221.266841
1478.118409
740.5537037
5.740482647
-0.07008390059
-0.07224052117
-0.07439714111
-0.07655376107
-0.07871038099
-0.0808670009
-0.08302362081
-0.08518024068
5722.161445
420.0526516
19.1284399
790.6141274
3.197859718
-0.333752843
5.550866642
6419.026773
17609.07079
18180.38555
18286.39281
17837.25361
17003.28659
15958.83132
14826.70473
13680.91532
12561.09735
11485.50768
10460.12764
9484.388403
8554.538911
7665.523451
6811.975397
5988.709001
5190.933914
4414.320086
3654.985074
2909.444262
2174.545997
1447.402601
725.3218786
5.740482647
-0.0700839006
-0.07224052117
-0.07439714111
-0.07655376107
-0.07871038099
-0.08086700089
-0.08302362081
-0.08518024068
-3.131865413
-3.158678882
-0.7441363582
110.4539033
-4.703407351
-4.243616618
-0.7993617756
5693.415139
16350.28261
16883.77906
16962.23456
16554.57205
15832.51558
14936.33914
13958.01222
12953.79775
11956.25456
10982.77443
10041.35076
9134.376487
8261.070084
7418.975775
6604.86195
5815.240072
5046.648536
4295.793217
3559.602789
2835.235354
2120.058561
1411.615961
707.5864745
5.740482646
-0.07008390061
-0.07224052117
-0.07439714111
-0.07655376107
-0.07871038098
-0.08086700089
-0.0830236208
-0.08518024068
-0.3102793801
0.06392119182
2.255468687
2.348770021
-5.166170924
-7.083155014
-6.790867892
3930.864544
13879.25273
16043.45086
16124.18652
15586.26946
14835.86745
13995.9736
13115.17804
12219.98681
11327.32704
10447.95673
9588.09216
8750.665072
7936.360342
7144.420586
6373.230074
5620.715009
4884.602935
4162.580197
3452.379371
2751.820798
2058.82513
1371.407928
687.6632352
5.740482646
-0.07008390062
-0.07224052116
-0.0743971411
-0.07655376106
-0.07871038098
-0.08086700089
-0.0830236208
-0.08518024068
-0.220556599
0.002663647439
0.1648778968
-1.520019411
-6.71190478
-7.168344265
-14.55156723
10657.63715
18672.11874
17287.64976
15904.79347
14830.43187
13928.69546
13096.48428
12286.71364
11483.62384
10685.08728
9893.604158
9112.364029
8343.800845
7589.257887
6849.089894
6122.897004
5409.76204
4708.444878
4017.524678
3335.495897
2660.828374
1992.001321
1327.518967
665.9136326
5.740482645
-0.07008390063
-0.07224052116
-0.0743971411
-0.07655376106
-0.07871038098
-0.08086700088
-0.0830236208
-0.08518024067
-0.06157004296
0.1400727366
0.3150885596
-0.6195693968
-3.71246967
-3.544932694
729.3363005
28392.19212
27621.26299
18530.37314
15376.88682
13901.97545
12951.98561
12174.52976
11451.54642
10742.68842
10035.77036
9328.979129
8623.927985
7922.887465
7227.753878
6539.758608
5859.481001
5186.967211
4521.867571
3863.557744
3211.233621
2563.98052
1920.820779
1280.744444
642.7273653
5.740482645
-0.07008390064
-0.07224052116
-0.0743971411
-0.07655376106
-0.07871038097
-0.08086700088
-0.08302362079
-0.08518024067
0.163481794
0.5624738543
1.010507053
1.61604612
1.981979498
1.899465593
28.26652035
8310.623064
13048.23204
13834.78608
13170.41644
12448.59507
11802.72058
11198.07776
10602.23399
9999.793218
9386.30134
8762.584532
8131.451825
7496.03989
6859.086106
6222.684946
5588.276946
4956.735024
4328.478935
3703.585617
3081.882985
2463.024338
1846.544719
1231.902064
618.5064175
5.740482645
-0.07008390065
-0.07224052115
-0.07439714109
-0.07655376105
-0.07871038097
-0.08086700088
-0.08302362079
-0.08518024067
0.2325233712
0.7427290513
1.323103632
2.146710375
3.22851057
4.890130557
8.896239934
304.9715875
8742.420867
10586.29063
11021.41287
10919.25897
10612.20131
10212.80579
9759.500763
9267.928098
8747.030839
8203.577058
7643.227197
7070.708529
6489.841321
5903.594179
5314.183363
4723.194633
4131.70672
3540.403765
2949.671222
2359.674215
1770.419605
1181.804124
593.6513512
5.740482644
-0.07008390065
-0.07224052115
-0.07439714109
-0.07655376105
-0.07871038097
-0.08086700088
-0.08302362079
-0.08518024066
0.2701052737
0.8107978458
1.39776244
2.157240521
3.064133765
3.626284827
6.038496722
308.6896863
7280.972851
8744.882895
9409.683622
9594.810183
9513.999787
9281.426522
8955.017772
8565.365147
8130.290258
7661.438393
7167.145667
6653.701575
6125.953018
5587.643891
5041.645051
4490.131855
3934.729387
3376.632878
2816.707023
2255.566951
1693.643454
1131.235128
568.5501545
5.740482644
-0.07008390066
-0.07224052115
-0.07439714109
-0.07655376105
-0.07871038097
-0.08086700087
-0.08302362078
-0.08518024066
0.270846243
0.7959050774
1.334486429
1.944226275
2.63895804
2.919108938
3.948861093
368.3698854
6771.590566
7702.594623
8277.617411
8536.280878
8567.54543
8443.867912
8213.760121
7908.201037
7547.30091
7144.715364
6710.191732
6250.97623
5772.602666
5279.360868
4774.599247
4260.937538
3740.426535
3214.673145
2684.94048
2152.228713
1617.340606
1080.934811
543.56972
5.740482644
-0.07008390067
-0.07224052114
-0.07439714109
-0.07655376105
-0.07871038096
-0.08086700087
-0.08302362078
-0.08518024066
0.2518176318
0.7320982612
1.207464127
1.684150727
2.198444014
2.424521651
2.803138608
386.7858393
6381.824036
7016.284958
7461.897201
7705.136936
7776.02064
7712.724466
7547.933856
7306.354644
7005.972996
6659.907382
6277.907565
5867.387117
5434.098667
4982.575955
4516.432449
4038.5724
3551.34707
3056.67496
2556.136947
2051.052961
1542.544522
1031.586376
519.0498772
5.740482644
-0.07008390068
-0.07224052114
-0.07439714108
-0.07655376104
-0.07871038096
-0.08086700087
-0.08302362078
-0.08518024066
0.2279446021
0.6534405617
1.066157351
1.445568814
1.831474436
2.003459968
2.105492635
407.4749579
6076.091114
6518.816702
6848.539157
7046.33889
7118.663634
7083.059032
6958.875851
6763.288679
6510.307266
6211.012528
5874.123209
5506.544991
5113.80773
4700.390843
4269.961826
3825.553047
3369.695916
2904.525481
2431.863927
1953.288554
1470.188009
983.8095756
495.2998105
5.740482644
-0.07008390068
-0.07224052114
-0.07439714108
-0.07655376104
-0.07871038096
-0.08086700086
-0.08302362078
-0.08518024065
0.2051610318
0.5748044554
0.9365873861
1.25122595
1.557568158
1.695808617
1.68822485
413.5885406
5832.516776
6134.345051
6367.096384
6513.006368
6569.222718
6541.955029
6441.202397
6277.597009
6060.935198
5799.6927
5501.00787
5170.841572
4814.175887
4435.197556
4037.451231
3623.963097
3197.340127
2759.850546
2313.490042
1860.037127
1401.10018
938.1581584
472.5966246
5.740482644
-0.07008390069
-0.07224052114
-0.07439714108
-0.07655376104
-0.07871038095
-0.08086700086
-0.08302362077
-0.08518024065
0.1882593253
0.5003875939
0.8305201326
1.106893724
1.37575979
1.501548494
1.431123955
483.1738494
5628.753795
5818.945265
5972.488036
6069.357076
6103.251808
6074.319436
5986.364105
5844.94394
5656.125826
5425.796718
5159.354835
4861.617845
4536.836819
4188.752594
3820.663266
3435.48954
3035.833566
2624.030677
2202.194802
1772.258576
1336.009216
895.1210772
451.1857573
5.740482644
-0.0700839007
-0.07224052113
-0.07439714108
-0.07655376104
-0.07871038095
-0.08086700086
-0.08302362077
-0.08518024065
0.1779921432
0.4137521295
0.7514572206
1.000315566
1.288724145
1.410273713
1.314611818
382.1299381
5385.690106
5540.189131
5634.545722
5688.671071
5700.094493
5665.691912
5584.975081
5459.672713
5292.810619
5087.995799
4848.97839
4579.419116
4282.781728
3962.29364
3620.941015
3261.480293
2886.457168
2498.228781
2098.987174
1690.783099
1275.549809
855.1267089
431.2828711
5.740482644
-0.0700839007
-0.07224052113
-0.07439714107
-0.07655376103
-0.07871038095
-0.08086700086
-0.08302362077
-0.08518024065
0.1331324738
0.3537531555
0.6507523164
0.9312995656
1.237086642
1.373106947
1.32030727
662.8046621
5362.429745
5321.56973
5336.826567
5350.676514
5342.751153
5303.365609
5228.157684
5115.946301
4967.432131
4784.380435
4569.125976
4324.280135
4052.558724
3756.680642
3439.308656
3103.016066
2750.27002
2383.426042
2004.730375
1616.327875
1220.273913
818.5492106
413.0767954
5.740482644
-0.07008390071
-0.07224052113
-0.07439714107
-0.07655376103
-0.07871038095
-0.08086700086
-0.08302362077
-0.08518024064
0.07243611008
0.2567626091
0.5105675523
0.8066121439
1.12240761
1.293588249
1.362181945
452.3150978
5023.868125
5046.827714
5040.506782
5034.448095
5016.857609
4976.850165
4908.330978
4808.508607
4676.575878
4512.95152
4318.847825
4095.99902
3846.47433
3572.543448
3276.579205
2960.988563
2628.165648
2280.461971
1920.16989
1549.516186
1170.66326
785.7160327
396.7330426
5.740482644
-0.07008390071
-0.07224052113
-0.07439714107
-0.07655376103
-0.07871038095
-0.08086700085
-0.08302362076
-0.08518024064
-0.009067580103
0.1095159621
0.2854554999
0.5322762298
0.8334917468
1.060849573
1.333263304
620.2686472
5023.537921
4801.36138
4743.918306
4729.743657
4713.371907
4678.835961
4619.7955
4533.16794
4417.396717
4271.986395
4097.298389
3894.376694
3664.778576
3410.422011
3133.459054
2836.177371
2520.92784
2190.074354
1845.961572
1490.896708
1127.142056
756.9155755
382.3974031
5.740482644
-0.07008390072
-0.07224052112
-0.07439714107
-0.07655376103
-0.07871038094
-0.08086700085
-0.08302362076
-0.08518024064
-0.09805203025
-0.08497986565
-0.03301612234
0.06629854782
0.3087647394
0.6053712987
0.6497858351
1313.56674
4633.173394
4391.158297
4404.055956
4427.229488
4428.042131
4405.316503
4358.835891
4286.958378
4187.842931
4060.284183
3903.966922
3719.41427
3507.82425
3270.889951
3010.64126
2729.318964
2429.280807
2112.935123
1782.696816
1440.960735
1090.088298
732.4039999
370.199136
5.740482643
-0.07008390072
-0.07224052112
-0.07439714106
-0.07655376103
-0.07871038094
-0.08086700085
-0.08302362076
-0.08518024064
-0.1652695955
-0.2742050054
-0.4462096585
-0.5987385337
-0.4627723701
0.1634287416
0.2975695432
5.085865763
2637.169667
3726.038791
4053.912964
4147.070025
4166.242983
4155.542932
4123.262712
4067.975001
3986.719515
3877.326438
3738.855762
3571.473295
3376.197826
3154.656027
2908.881605
2641.162372
2353.92915
2049.678539
1730.922061
1400.155347
1059.842302
712.4103011
360.253327
5.740482643
-0.07008390072
-0.07224052112
-0.07439714106
-0.07655376102
-0.07871038094
-0.08086700085
-0.08302362076
-0.08518024064
-0.1344769252
-0.4423583841
-1.039228391
-1.649527765
-1.430835006
-0.1078718369
0.435590334
6.506848161
3062.894542
3821.91112
3938.482788
3940.888996
3934.309795
3927.341128
3910.687316
3874.948413
3813.721473
3723.432905
3602.641964
3451.410116
3270.822196
3062.639455
2829.05239
2572.506826
2295.583731
2000.918639
1691.150305
1368.890802
1036.711263
697.1389066
352.6620564
5.740482643
-0.07008390072
-0.07224052112
-0.07439714106
-0.07655376102
-0.07871038094
-0.08086700085
-0.08302362076
-0.08518024063
-0.03171610896
-0.5227799042
-1.524173092
-2.480442083
-1.959312
0.0462999299
-0.3626961137
6400.76589
6422.372981
4560.226291
3937.214162
3743.688226
3702.759619
3708.816717
3717.187962
3707.399498
3669.773444
3600.028986
3496.855366
3360.6887
3193.026926
2996.013145
2772.168547
2524.217024
2254.970095
1967.253434
1663.862801
1347.540883
1020.968992
686.7692664
347.5141274
5.740482643
-0.07008390073
-0.07224052112
-0.07439714106
-0.07655376102
-0.07871038094
-0.08086700084
-0.08302362076
-0.08518024063
0.02676699227
-0.3755157447
-1.321439062
-1.968652121
-1.426783638
0.04381854324
124.9582318
7698.787505
5909.996879
4059.410537
3506.455816
3393.885424
3424.217765
3487.970902
3541.839747
3567.678284
3557.932722
3510.042104
3424.048942
3301.449146
3144.570461
2956.204943
2739.379826
2497.211991
2232.81683
1949.254149
1649.499832
1336.435456
1012.850344
681.4521604
344.8832275
5.740482643
-0.07008390073
-0.07224052112
-0.07439714106
-0.07655376102
-0.07871038094
-0.08086700084
-0.08302362075
-0.08518024063
0.05092338772
-0.07999870661
-0.3941354005
-0.5101409052
-0.2400908624
-0.3733502153
-0.7379838827
19.32448183
1557.540704
2260.962468
2635.310038
2901.175587
3112.249503
3277.002456
3394.513606
3463.531662
3484.226461
3458.146336
3387.837207
3276.476406
3127.588956
2944.845009
2731.923307
2492.424717
2229.822479
1947.438845
1648.440247
1335.845153
1012.540357
681.3027531
344.8245466
5.740482643
-0.07008390073
-0.07224052111
-0.07439714106
-0.07655376102
-0.07871038093
-0.08086700084
-0.08302362075
-0.08518024063
0.07843710106
0.1792328433
0.2540643793
0.3973472487
0.6310316019
1.147521266
0.6495146824
1.440306026
-1712.951568
794.0534988
1872.643553
2463.25335
2846.596808
3113.269118
3295.672615
3407.69919
3457.285092
3450.468907
3392.666188
3289.019406
3144.453329
2963.652733
2751.034282
2510.732431
2246.601545
1962.231173
1660.970547
1345.958836
1020.158598
686.3907484
347.3700302
5.740482643
-0.07008390073
-0.07224052111
-0.07439714106
-0.07655376102
-0.07871038093
-0.08086700084
-0.08302362075
-0.08518024063
0.0975090441
0.3024531446
0.5286119753
0.7082585656
0.7107692512
0.7921347643
0.6510042441
1.306828855
-145.6523605
755.7615493
1597.963125
2232.593594
2697.61002
3033.798127
3267.200941
3414.298781
3486.736451
3493.768171
3443.329258
3342.471857
3197.54266
3014.269195
2797.820095
2552.861173
2283.612562
1993.906665
1687.245392
1366.855291
1035.739789
696.7283283
352.5226045
5.740482643
-0.07008390073
-0.07224052111
-0.07439714105
-0.07655376102
-0.07871038093
-0.08086700084
-0.08302362075
-0.08518024063
0.1156195113
0.3517301738
0.6047142815
0.8346026735
0.8941690041
0.9688853203
1.123953924
1.192936686
-2.675407923
774.1068766
1530.858972
2171.54416
2677.446479
3057.106259
3325.027072
3495.550542
3581.585175
3594.529077
3544.40177
3439.987195
3288.967546
3098.052887
2873.107719
2619.271985
2341.073581
2042.530592
1727.242603
1398.471426
1059.212293
712.2568887
360.2498601
5.740482643
-0.07008390072
-0.07224052111
-0.07439714105
-0.07655376101
-0.07871038093
-0.08086700084
-0.08302362075
-0.08518024063
0.1293769606
0.3872459741
0.6604429329
0.9354298487
1.122803388
1.348251543
1.454913492
1.60091963
-2.36011533
812.3030512
1579.81956
2245.27402
2783.520652
3192.147575
3480.243894
3661.283809
3749.516859
3758.353072
3699.753389
3584.099531
3420.279467
3215.859266
2977.278319
2710.038112
2418.872063
2107.892695
1780.716643
1440.569908
1090.376523
732.8338764
370.477827
5.740482643
-0.07008390072
-0.07224052111
-0.07439714105
-0.07655376101
-0.07871038093
-0.08086700084
-0.08302362075
-0.08518024063
0.1358236755
0.4080425849
0.7030333584
1.018290029
1.315241271
1.658014271
1.907301292
2.066426592
-1.90476418
897.6109752
1730.8407
2446.208304
3019.210051
3447.714161
3742.511028
3919.817299
3996.838363
3989.605647
3912.151818
3776.37074
3592.184197
3367.819111
3110.10099
2824.723002
2516.476937
2189.444828
1847.155194
1492.70963
1128.88566
758.2212284
383.0855676
5.740482643
-0.07008390072
-0.07224052111
-0.07439714105
-0.07655376101
-0.07871038093
-0.08086700084
-0.08302362075
-0.08518024063
0.1333072986
0.4059535202
0.7139482623
1.070215544
1.478968552
1.969037175
2.411128064
2.726475882
-1.247328962
1049.201606
1999.721864
2789.505249
3399.392986
3836.983105
4122.263155
4278.629964
4328.407205
4291.072551
4182.870637
4017.040552
3804.260604
3553.125143
3270.576715
2962.269203
2632.861207
2286.248111
1925.743799
1554.222653
1174.231184
788.076994
397.9013526
5.740482643
-0.07008390072
-0.07224052111
-0.07439714105
-0.07655376101
-0.07871038093
-0.08086700084
-0.08302362075
-0.08518024062
0.1190314933
0.3696380756
0.6696105466
1.055960142
1.575095672
2.2752468
3.074817608
3.862459557
-0.1609788554
1300.664372
2429.338078
3312.694829
3951.869745
4378.557547
4630.923169
4744.026439
4747.081773
4663.400193
4511.21099
4304.653587
4054.685918
3769.837593
3456.805024
3120.909441
2766.444263
2396.936607
2015.343759
1624.201285
1225.735706
821.95167
414.7011456
5.740482643
-0.07008390071
-0.07224052111
-0.07439714105
-0.07655376101
-0.07871038093
-0.08086700084
-0.08302362075
-0.08518024062
0.08970127072
0.2853186952
0.5380560903
0.9091180084
1.494899734
2.426459747
3.816377302
6.18813897
1.487802085
1724.067218
3104.270571
4080.063431
4716.830018
5094.449725
5278.840357
5319.465299
5252.487263
5104.229064
4893.913005
4635.670372
4339.985474
4014.727988
3665.890128
3298.113139
2915.063848
2519.704701
2114.488317
1701.498751
1282.555354
859.2905924
433.2100241
5.740482643
-0.07008390071
-0.07224052111
-0.07439714105
-0.07655376101
-0.07871038093
-0.08086700084
-0.08302362075
-0.08518024062
0.04388123605
0.1443764728
0.2908106789
0.5512377241
1.053574358
2.001440651
4.116232398
12.17191451
-118.353026
2489.21338
4183.618458
5186.455637
5740.933848
6003.566835
6070.518262
6002.501898
5839.167229
5607.109615
5324.535205
5004.123085
4654.851454
4283.192761
3893.908472
3490.583361
3075.987736
2652.324883
2221.401489
1784.746224
1343.693428
899.4433743
453.1069822
5.740482643
-0.0700839007
-0.07224052111
-0.07439714105
-0.07655376101
-0.07871038093
-0.08086700084
-0.08302362075
-0.08518024062
-0.01538577553
-0.04738079013
-0.07009642681
-0.03058950988
0.1766835195
0.3621545704
0.9934389841
9.868399283
-399.3653599
4166.0546
5954.562918
6741.204388
7056.879647
7108.361562
6997.159233
6780.851922
6494.564806
6160.501073
5792.988968
5401.429251
4992.098687
4569.277531
4135.962163
3694.318752
3245.973752
2792.200922
2334.042429
1872.387839
1408.026188
941.6808196
474.0332924
5.740482644
-0.0700839007
-0.07224052111
-0.07439714105
-0.07655376101
-0.07871038093
-0.08086700083
-0.08302362075
-0.08518024062
-0.07935240878
-0.266267015
-0.5041828132
-0.8007205018
-1.300371447
-3.414123073
-5.790252847
22.57254229
9280.354216
8612.586714
8727.44962
8766.917262
8637.015768
8375.836485
8028.900616
7629.177155
7197.733927
6747.335277
6285.484446
5816.500466
5342.831008
4865.851267
4386.33881
3904.750806
3421.382944
2936.458399
2450.175802
1962.733526
1474.340426
985.2189845
495.6042421
5.740482644
-0.07008390069
-0.07224052111
-0.07439714105
-0.07655376101
-0.07871038093
-0.08086700083
-0.08302362075
-0.08518024062
-0.1351835537
-0.4666484872
-0.8981613859
-1.569058249
-2.410227537
-5.88828518
-7.073655002
748.1544141
13326.77326
12270.56467
11575.72938
10961.99713
10348.42675
9729.063727
9113.424982
8509.217582
7919.853483
7345.616243
6785.10745
6236.251647
5696.868388
5164.952757
4638.786237
4116.958147
3598.344557
3082.070098
2567.465574
2054.027387
1541.381049
1029.249206
517.4236532
5.740482644
-0.07008390068
-0.07224052111
-0.07439714105
-0.07655376101
-0.07871038093
-0.08086700083
-0.08302362075
-0.08518024062
-0.1670276801
-0.5955462558
-1.063757932
-1.987987663
-2.659432963
-5.556155752
-7.941586108
2187.206172
16682.3119
15567.96601
14342.9034
13156.91275
12065.62709
11078.56245
10186.51377
9374.410318
8626.841455
7930.163761
7273.072351
6646.525248
6043.433307
5458.300501
4886.890761
4325.946723
3772.963092
3226.00835
2683.586033
2144.527024
1607.905444
1072.972047
539.1001928
5.740482644
-0.07008390068
-0.07224052111
-0.07439714105
-0.07655376101
-0.07871038093
-0.08086700083
-0.08302362075
-0.08518024062
-0.1779039932
-0.6043863604
-1.084995068
-1.809571782
-2.711991337
-4.162136889
-7.485493997
3286.775665
20451.24048
18977.701
17071.00316
15257.12156
13678.60365
12333.04141
11179.65346
10175.06411
9282.933725
8475.120355
7730.488241
7033.339036
6372.034575
5737.920805
5124.525346
4526.970855
3941.549017
3365.41089
2796.340422
2232.587053
1672.740089
1115.632367
560.2641478
5.740482645
-0.07008390067
-0.07224052111
-0.07439714105
-0.07655376101
-0.07871038093
-0.08086700083
-0.08302362075
-0.08518024062
-0.1739336614
-0.5473187397
-0.9519590595
-1.466782006
-2.244887566
-2.72726916
-5.520937367
3357.822746
25595.97232
22822.6597
19706.28581
17121.96512
15058.62145
13395.3426
12023.99072
10863.25439
9854.704364
8956.891193
8140.416758
7384.303653
6673.440818
5996.818573
5346.314865
4715.858429
4100.847638
3497.742613
2903.775079
2316.738626
1734.834032
1156.552284
580.5831404
5.740482645
-0.07008390066
-0.07224052111
-0.07439714105
-0.07655376101
-0.07871038093
-0.08086700083
-0.08302362075
-0.08518024062
-0.1590537419
-0.450388068
-0.7492777813
-1.041637622
-1.556076996
-1.488028902
-3.257657975
2893.726406
26780.66351
27013.21629
21809.51599
18465.83009
16038.57162
14165.71381
12657.70868
11399.25406
10315.73388
9357.319109
8489.979724
7690.013722
6940.602213
6229.593619
5548.053039
4889.296483
4248.236939
3620.933729
3004.27608
2395.756357
1793.303734
1195.158739
599.7752564
5.740482645
-0.07008390065
-0.07224052111
-0.07439714105
-0.07655376101
-0.07871038093
-0.08086700083
-0.08302362075
-0.08518024062
-0.1364500708
-0.3380138019
-0.5169301571
-0.619181222
-0.8066283497
-0.3267288536
-0.6444522993
2681.40131
26080.78109
25717.70444
22052.71298
18893.26544
16464.1187
14571.23014
13041.87272
11760.31537
10651.65408
9666.667737
8772.165259
7945.165087
7169.356411
6432.896392
5727.003033
5045.033572
4381.866293
3733.476144
3096.636582
2468.705025
1847.464443
1231.002847
617.618278
5.740482646
-0.07008390064
-0.07224052111
-0.07439714105
-0.07655376101
-0.07871038093
-0.08086700083
-0.08302362075
-0.08518024062
-0.1143687329
-0.2568757905
-0.3799260894
-0.4726240218
-0.5017102437
-0.3413615845
0.1456966914
53.00574033
26603.59119
27484.23414
21790.40324
18590.40044
16353.40524
14613.21262
13178.23322
11948.47695
10863.89571
9885.528799
8986.844535
8149.120732
7358.757566
6605.628075
5882.02478
5181.96435
4500.714765
3834.464743
3180.08646
2534.960746
1896.844804
1263.769096
633.9541352
5.740482646
-0.07008390064
-0.07224052111
-0.07439714105
-0.07655376101
-0.07871038093
-0.08086700083
-0.08302362075
-0.08518024062
-0.09211665486
-0.1922341711
-0.278597189
-0.3432489786
-0.3984028547
-0.4183590758
-0.07724206443
-1.406019001
12411.37016
20339.83659
19034.23517
17324.52565
15745.88751
14349.9792
13109.36738
11991.46016
10969.91959
10024.70363
9140.559436
8305.711478
7510.920526
6748.828921
6013.499061
5300.079918
4604.559735
3923.578247
3254.281084
2594.204689
1941.183551
1293.273752
648.6882789
5.740482647
-0.07008390063
-0.07224052111
-0.07439714105
-0.07655376101
-0.07871038093
-0.08086700083
-0.08302362075
-0.08518024062
-0.07191626329
-0.1418710612
-0.2046861867
-0.2524905255
-0.2879326206
-0.3138110946
-0.0484257536
-0.6768833713
7332.122808
16807.1727
16682.96257
15927.57623
14955.6382
13931.44668
12917.79398
11938.07358
10999.61552
10102.80311
9244.974185
8422.240891
7630.379477
6865.263166
6123.057773
5400.291919
4693.861882
4001.003941
3319.252173
2646.39132
1980.409542
1319.453201
661.7843167
5.740482647
-0.07008390062
-0.07224052111
-0.07439714105
-0.07655376101
-0.07871038093
-0.08086700084
-0.08302362075
-0.08518024062
-0.05095453708
-0.09620715803
-0.1387545458
-0.1682113293
-0.1863150477
-0.1800678872
0.0465530803
-0.2560343986
4594.163379
14750.04927
14963.52949
14747.17631
14217.64052
13502.37293
12692.28557
11843.42158
10987.66242
10141.91544
9314.289265
8507.89397
7723.088485
6958.78141
6213.171853
5484.163284
4769.587646
4067.319867
3375.329508
2691.696766
2014.608628
1342.344269
673.2548406
5.740482648
-0.07008390061
-0.07224052111
-0.07439714105
-0.07655376101
-0.07871038093
-0.08086700084
-0.08302362075
-0.08518024062
-0.03033829302
-0.05852324933
-0.09358955191
-0.1201539173
-0.1537207897
-0.1534195373
-0.08905550155
-0.1545499171
2933.366464
13040.42158
13674.73144
13879.95724
13665.37281
13168.11672
12505.55128
11755.66167
10965.69358
10162.90308
9362.369227
8571.952595
7795.294042
7033.596841
6286.679655
5553.596742
4833.00115
4123.354703
3423.046328
2730.455434
2043.982399
1362.05942
683.1497887
5.740482648
-0.0700839006
-0.07224052111
-0.07439714105
-0.07655376101
-0.07871038093
-0.08086700083
-0.08302362075
-0.08518024062
-0.01113965392
-0.02549091571
-0.059737135
-0.09588803096
-0.1575064796
-0.1820495822
-0.3086010555
0.1742153602
2109.465696
11055.16736
12815.84028
13432.54688
13395.77496
12999.16772
12406.13885
11707.97723
10956.54353
10181.63004
9400.327537
8622.248301
7852.533021
7093.626793
6346.347764
5610.53782
4885.461059
4170.047762
3463.04272
2763.094007
2068.804501
1378.76016
691.5438591
5.740482649
-0.0700839006
-0.07224052111
-0.07439714105
-0.07655376101
-0.07871038093
-0.08086700084
-0.08302362075
-0.08518024062
0.006244794837
0.006422056536
-0.02264656348
-0.07771663211
-0.204946709
-0.1694704228
-0.4980636053
0.6287455723
2516.332204
10695.5673
13101.02881
13638.61396
13486.01067
13026.6383
12411.85687
11713.56189
10970.86959
10206.74184
9435.057979
8664.175045
7898.957576
7142.023981
6394.541322
5656.740649
4928.253067
4208.328853
3495.979803
2790.071062
2089.379735
1392.631716
698.5244021
5.740482649
-0.07008390059
-0.07224052111
-0.07439714105
-0.07655376101
-0.07871038093
-0.08086700084
-0.08302362075
-0.08518024062
0.01584475894
0.03268882784
0.0233461755
-0.01289594538
0.04907770916
-0.01697459847
-0.4921864231
1.613446371
12068.00069
16435.43768
15252.88473
14534.86741
13883.01332
13209.5158
12501.08588
11763.54067
11006.62727
10239.40541
9468.982749
8700.431191
7937.092796
7180.964644
6433.047458
5693.625386
4962.477322
4239.031085
3522.473559
2811.828319
2106.009864
1403.861341
704.1808999
5.740482649
-0.07008390058
-0.07224052111
-0.07439714105
-0.07655376101
-0.07871038093
-0.08086700084
-0.08302362075
-0.08518024062
0.01599828114
0.03968150093
0.02054799181
-0.05413575973
-0.1061672591
-0.1970775123
-0.3886915374
2378.685547
19907.21044
19864.67543
16939.46174
15364.95497
14301.65697
13427.32344
12619.42746
11832.88419
11052.68934
10275.26526
9501.03154
8731.468954
7968.012288
7211.688798
6463.053144
5722.231224
4988.995446
4262.840934
3543.051975
2828.756328
2118.968168
1412.621578
708.5966834
5.740482649
-0.07008390058
-0.07224052111
-0.07439714105
-0.07655376101
-0.07871038093
-0.08086700084
-0.08302362075
-0.08518024063
0.01082502252
0.02918873937
0.02328753396
-0.03770781539
-0.1209686082
-0.2416097424
-0.02005362643
1989.359134
19647.72856
19788.64986
17275.26167
15683.8332
14531.33412
13578.69129
12716.4135
11895.87565
11095.97642
10307.93013
9528.404241
8756.395539
7991.793151
7234.719668
6485.239898
5743.246153
5008.42808
4280.281574
3558.133985
2841.174307
2128.48293
1419.058752
711.8430551
5.74048265
-0.07008390058
-0.07224052111
-0.07439714105
-0.07655376101
-0.07871038093
-0.08086700084
-0.08302362075
-0.08518024063
0.01537643137
0.0441309296
0.0682015045
0.09247007982
0.1012068302
-0.1306607055
0.8433900883
17455.78995
19976.02394
18028.08333
16689.13318
15563.77943
14561.15303
13639.69177
12771.65653
11938.2247
11127.40625
10332.06991
9548.254773
8773.910564
8008.03973
7250.151507
6499.93557
5757.080764
5021.184988
4291.719643
3568.024949
2849.32138
2134.72846
1423.286038
713.9755742
5.74048265
-0.07008390058
-0.07224052111
-0.07439714105
-0.07655376101
-0.07871038093
-0.08086700084
-0.08302362075
-0.08518024063
0.01304205135
0.03253828862
0.05256066273
0.09374617124
0.1499331862
0.1176079699
0.3984286602
122.7385665
13056.34319
15658.07904
15889.40309
15320.99604
14509.80464
13647.26364
12792.29288
11957.95647
11143.34963
10344.68382
9558.629406
8782.947017
8016.298414
7257.905865
6507.265176
5763.951788
5027.507342
4297.383403
3572.921619
2853.355162
2137.821432
1425.379948
715.0320019
5.74048265
-0.0700839006
-0.07224052112
-0.07439714105
-0.07655376102
-0.07871038093
-0.08086700084
-0.08302362075
-0.08518024062
)
;

boundaryField
{
    lowerWall
    {
        type            calculated;
        value           nonuniform List<scalar> 
80
(
-0.08625855068
-0.08625855068
-0.08625855068
-0.08625855068
-0.08625855068
-0.08625855068
-0.08625855068
-0.08625855068
-0.08625855068
-0.08625855067
-0.08625855067
-0.08625855067
-0.08625855067
-0.08625855067
-0.08625855067
-0.08625855066
-0.08625855066
-0.08625855066
-0.08625855066
-0.08625855065
-0.08625855065
-0.08625855065
-0.08625855065
-0.08625855064
-0.08625855064
-0.08625855064
-0.08625855064
-0.08625855063
-0.08625855063
-0.08625855063
-0.08625855062
-0.08625855062
-0.08625855062
-0.08625855061
-0.08625855061
-0.08625855061
-0.08625855061
-0.0862585506
-0.0862585506
-0.0862585506
-0.0862585506
-0.08625855059
-0.08625855059
-0.08625855059
-0.08625855059
-0.08625855059
-0.08625855058
-0.08625855058
-0.08625855058
-0.08625855058
-0.08625855058
-0.08625855058
-0.08625855058
-0.08625855057
-0.08625855057
-0.08625855057
-0.08625855057
-0.08625855057
-0.08625855057
-0.08625855057
-0.08625855057
-0.08625855057
-0.08625855057
-0.08625855057
-0.08625855057
-0.08625855057
-0.08625855057
-0.08625855057
-0.08625855057
-0.08625855057
-0.08625855057
-0.08625855057
-0.08625855057
-0.08625855057
-0.08625855057
-0.08625855057
-0.08625855057
-0.08625855057
-0.08625855057
-0.08625855057
)
;
    }
    atmosphere
    {
        type            calculated;
        value           nonuniform List<scalar> 
80
(
0
0
-0.286457417
-0.4636136465
-0.3167432113
-0.2785593038
-0.03986924503
0
0
-0.07848305136
-0.1217684253
-0.150538062
-0.135764453
-0.1392252606
-0.1342153322
-0.1429394106
-0.1608384156
-0.1930377718
-0.2443279457
-0.3209311125
-0.4456306997
-0.5961154421
-0.8618268463
-1.039316696
-2.018008857
-4.272915395
-0.5765671883
0
0
0
0
0
0
0
0
0
0
0
0
0
0
-0.0001270878229
-0.007864830763
-0.03104916392
-0.07556823945
-0.1342922288
-0.169614205
-0.1160243116
-0.01344442608
0
0
0
0
0
0
0
0
0
0
0
0
0
0
0
-0.003087387621
-0.01622769376
-0.03150949519
-0.04346120697
-0.04727156961
-0.04624416856
-0.04022186579
-0.03189912197
-0.01966776641
-0.008465395151
-0.0007187957336
0
0
0
0
0
)
;
    }
    rightWall
    {
        type            empty;
    }
    leftWall
    {
        type            empty;
    }
    frontAndBack
    {
        type            calculated;
        value           nonuniform List<scalar> 
80
(
-0.8394904362
-7.5010141
4.111191993
5801.938692
15535.79934
10549.16484
20518.26227
22839.29433
22888.00434
17069.8792
14370.17377
12898.94419
11938.11969
11195.63285
10546.48382
9935.461768
9337.866955
8742.706174
8145.213609
7543.4503
6936.749695
6325.01458
5708.407312
5087.218464
4461.813319
3832.610283
3200.071008
2564.694046
1927.009061
1287.570799
646.952744
5.740482642
-0.07008390062
-0.07224052123
-0.07439714116
-0.07655376113
-0.07871038104
-0.08086700094
-0.08302362086
-0.08518024073
0.01304205135
0.03253828862
0.05256066273
0.09374617124
0.1499331862
0.1176079699
0.3984286602
122.7385665
13056.34319
15658.07904
15889.40309
15320.99604
14509.80464
13647.26364
12792.29288
11957.95647
11143.34963
10344.68382
9558.629406
8782.947017
8016.298414
7257.905865
6507.265176
5763.951788
5027.507342
4297.383403
3572.921619
2853.355162
2137.821432
1425.379948
715.0320019
5.74048265
-0.0700839006
-0.07224052112
-0.07439714105
-0.07655376102
-0.07871038093
-0.08086700084
-0.08302362075
-0.08518024062
)
;
    }
}


// ************************************************************************* //
