/*--------------------------------*- C++ -*----------------------------------*\
| =========                 |                                                 |
| \\      /  F ield         | OpenFOAM: The Open Source CFD Toolbox           |
|  \\    /   O peration     | Version:  2506                                  |
|   \\  /    A nd           | Website:  www.openfoam.com                      |
|    \\/     M anipulation  |                                                 |
\*---------------------------------------------------------------------------*/
FoamFile
{
    version     2.0;
    format      ascii;
    arch        "LSB;label=32;scalar=64";
    class       volScalarField;
    location    "0.003";
    object      p_rgh;
}
// * * * * * * * * * * * * * * * * * * * * * * * * * * * * * * * * * * * * * //

dimensions      [1 -1 -2 0 0 0 0];

internalField   nonuniform List<scalar> 
3200
(
-0.8384726182
-7.497962345
4.116274031
5818.289379
15570.63029
10587.18947
20579.50636
22912.8557
22971.38931
17163.0742
14473.17877
13011.75919
12060.74469
11328.06785
10688.72882
10087.51677
9499.731955
8914.381174
8326.698609
7734.7453
7137.854695
6535.92958
5929.132312
5317.753464
4702.158319
4082.765283
3460.036008
2834.469046
2206.594061
1576.965799
946.157744
314.7554826
6.321632175e-06
6.248125053e-06
6.247336852e-06
6.24659918e-06
6.246025324e-06
6.245574032e-06
6.24524451e-06
6.245108808e-06
-2.14814108
-5.043077557
-2.94841234
-6.094551239
1.12909855
1.984335544
355.3296264
14408.53452
14455.90963
14043.89024
13244.69517
12501.34373
11842.39809
11234.71734
10650.58314
10074.06789
9497.274393
8916.687587
8330.94287
7739.655435
7142.861296
6540.773173
5933.685267
5321.941931
4705.930039
4086.077661
3462.852597
2836.759067
2208.332713
1578.134564
946.7446064
314.7554826
6.322030293e-06
6.248130783e-06
6.247334158e-06
6.246603197e-06
6.246024018e-06
6.245571241e-06
6.245246428e-06
6.245106018e-06
-0.4301665357
-1.556279922
-1.271222939
-0.8413974828
2.598907318
1.469914396
3.709324985
2594.102851
8781.256291
11311.02634
11960.3635
11906.50549
11572.7623
11117.78791
10604.77936
10060.85482
9498.565666
8924.105697
8340.681803
7750.022414
7153.110915
6550.565852
5942.84475
5330.353172
4713.500583
4092.725964
3468.506434
2841.35675
2211.824386
1580.482877
947.9248608
314.7554826
6.32230923e-06
6.248134549e-06
6.24733506e-06
6.246604778e-06
6.246024224e-06
6.245571208e-06
6.245247198e-06
6.245105695e-06
-0.6990739943
-1.275829759
-0.953896792
-0.1568008075
1.128315883
1.333234048
2.346599598
1525.964674
8314.902043
10457.70781
11379.21801
11591.53807
11424.33511
11058.86358
10589.85877
10065.97214
9511.991081
8940.447698
8357.613318
7766.596808
7168.948885
6565.490034
5956.731897
5343.085258
4724.956507
4102.786827
3477.062973
2848.314936
2217.108477
1584.03648
949.7108487
314.7554826
6.322745876e-06
6.248136302e-06
6.247336068e-06
6.24660572e-06
6.246024982e-06
6.24557222e-06
6.245248303e-06
6.245106931e-06
-0.343588367
-0.3204663371
-0.1001576156
0.3237668744
0.9438784752
1.207939656
1.455253019
2046.121768
9437.471284
10826.45268
11507.25361
11656.07729
11474.15451
11103.44573
10629.78979
10101.15015
9542.941562
8968.040307
8382.684275
7789.758597
7190.553422
6585.669751
5975.465383
5360.259866
4740.417285
4116.370092
3488.616759
2857.709734
2224.241563
1588.832536
952.1209015
314.7554826
6.323196232e-06
6.248136727e-06
6.247336486e-06
6.246606508e-06
6.246025823e-06
6.245573481e-06
6.245249696e-06
6.245108494e-06
-0.254635992
-0.2360018943
-0.07007109681
0.2539363974
0.6352494828
0.8610411262
1.077570916
3407.823531
11027.782
11904.54834
12167.25661
12051.34575
11712.73814
11250.94795
10724.67445
10165.86317
9590.547156
9006.04748
8415.282731
7819.15646
7217.792556
6611.126706
5999.158037
5382.032098
4760.046742
4133.627824
3503.297318
2869.643785
2233.298795
1594.919843
955.1789416
314.7554826
6.323700551e-06
6.248136957e-06
6.247336742e-06
6.246607272e-06
6.246026686e-06
6.245574648e-06
6.24525101e-06
6.245109865e-06
-0.06714913337
-0.03380365342
0.08927282824
0.3115425733
0.3951077009
0.3672872276
0.223732471
7150.035908
13641.01188
13597.58688
13205.86662
12669.29359
12074.4835
11462.90844
10852.06752
10247.04717
9647.299168
9050.279954
8453.201052
7853.749
7250.290148
6641.843381
6027.966306
5408.62457
4784.073976
4154.765465
3521.273818
2884.247116
2244.372961
1602.357472
958.9135618
314.7554826
6.324255928e-06
6.248137471e-06
6.247337227e-06
6.246608149e-06
6.246027637e-06
6.245575761e-06
6.245252245e-06
6.245111125e-06
-0.06040577257
-0.07519808036
-0.03278990841
0.2283559122
0.1665036703
-0.3468656664
-1.258187666
7224.659159
17375.74844
15639.20982
14389.32287
13345.46523
12452.9737
11674.11156
10973.6117
10322.92614
9701.286342
9094.533348
8493.451598
7892.306007
7287.73279
6677.947897
6062.198168
5440.387178
4812.823579
4180.05456
3542.75808
2901.6754
2257.571094
1611.211627
963.3562176
314.7554826
6.324839185e-06
6.248138255e-06
6.247338007e-06
6.246609166e-06
6.246028705e-06
6.245576923e-06
6.245253493e-06
6.245112366e-06
0.005415666564
0.02140098748
-0.02384472151
-0.1894277941
-0.8492681686
-1.147837872
-0.8383791579
90.32186023
17136.75977
17173.50916
15366.74797
13870.25805
12717.81642
11806.9318
11045.31515
10369.72792
9740.351717
9133.077617
8533.725838
7934.249083
7330.345074
6719.975633
6102.451004
5477.864275
4846.743403
4209.839526
3568.001155
2922.102617
2273.006828
1621.549705
968.5380405
314.7554826
6.325423469e-06
6.248139271e-06
6.247339034e-06
6.246610314e-06
6.246029894e-06
6.245578165e-06
6.245254793e-06
6.245113633e-06
-0.02550135882
0.009494950934
-0.02655430395
-0.2368954279
-0.5807857298
-0.3376860354
1.340122561
3.739926084
227.1298901
19178.23382
16033.58855
14051.00004
12741.08595
11790.46255
11030.96278
10370.288
9757.280809
9163.662475
8574.085698
7980.578697
7379.381623
6769.1178
6149.726419
5521.83799
4886.411426
4244.527617
3597.277122
2945.704476
2290.786441
1633.430448
974.4847922
314.7554826
6.325982615e-06
6.248140485e-06
6.247340262e-06
6.246611591e-06
6.246031205e-06
6.2455795e-06
6.245256164e-06
6.245114967e-06
-0.05973696582
0.0271710107
0.0875579608
0.1179220098
0.07148469327
0.1047865382
-0.06195249692
0.9204527087
-2.12373281
4108.166843
15426.07822
13559.05404
12405.051
11582.84971
10917.76019
10323.15092
9754.787796
9190.169541
8618.337248
8034.558483
7437.444531
6827.347469
6205.459938
5573.312743
4932.502208
4284.551306
3630.848276
2972.629484
2310.986995
1646.889442
981.2096559
314.7554826
6.326491361e-06
6.248141864e-06
6.24734166e-06
6.246613e-06
6.246032642e-06
6.245580942e-06
6.245257629e-06
6.245116398e-06
-0.0806735335
0.03395420136
0.1323771717
0.2163295309
0.282226185
0.3308673701
-0.008012966528
-0.3511891788
-1.844616843
2988.809903
13154.02668
12356.33149
11737.19875
11218.10598
10734.05314
10249.73903
9748.517519
9223.855266
8674.497545
8101.834314
7508.450822
6897.32809
6271.414556
5633.413969
4985.699048
4330.296277
3668.908612
3002.956509
2333.626285
1661.919968
988.7039318
314.7554826
6.326925625e-06
6.248143378e-06
6.247343208e-06
6.246614543e-06
6.246034209e-06
6.245582503e-06
6.245259203e-06
6.245117945e-06
-0.06681616616
0.0712552079
0.2064227851
0.3542749117
0.5168513323
0.6998696301
0.7508874719
0.4902955591
1.804226166
2139.439528
10877.35518
10975.19247
10969.29327
10818.30377
10550.58394
10193.20661
9765.656275
9282.201853
8753.9264
8189.792007
7597.157287
6982.060541
6349.418031
5703.192855
5046.549547
4381.995485
3711.507176
3036.64057
2358.626111
1678.450304
996.9261972
314.7554826
6.327267173e-06
6.248145025e-06
6.247344896e-06
6.24661622e-06
6.246035904e-06
6.24558419e-06
6.245260898e-06
6.24511962e-06
-0.06892188209
0.07431057114
0.2224240996
0.3821253656
0.5578537722
0.7554094147
0.8895835441
1.063556054
1.28766363
68.07243691
8118.016841
9695.29651
10346.46524
10535.21369
10456.74925
10206.81981
9838.66808
9385.335546
8869.177927
8306.212312
7708.287425
7084.300459
6440.96652
5783.353579
5115.276882
4439.598541
3758.458181
3073.451913
2385.772384
1696.319688
1005.791011
314.7554826
6.327498196e-06
6.248146801e-06
6.247346716e-06
6.246618029e-06
6.246037729e-06
6.245586006e-06
6.245262718e-06
6.245121425e-06
-0.06201730414
0.0891258129
0.2443481087
0.4086358421
0.5767862488
0.7364538553
0.8770972779
0.8017271762
0.8270184758
56.32618881
7635.089606
9341.422884
10186.04395
10519.31819
10534.35686
10338.62834
9996.830277
9551.26105
9031.201763
8457.554645
7845.441845
7205.849728
6546.757078
5873.942464
5191.572571
4502.633752
3809.249699
3112.916399
2414.677381
1715.256172
1015.158691
314.7554826
6.327605044e-06
6.248148705e-06
6.247348664e-06
6.246619969e-06
6.24603968e-06
6.245587951e-06
6.245264664e-06
6.245123361e-06
-0.07070746296
0.08056022463
0.2363645224
0.396285306
0.5499954422
0.6784707211
0.7868144157
0.7045359469
0.5762772983
56.2714515
8531.019193
9849.25286
10536.95571
10821.63986
10822.70928
10616.47977
10258.7337
9791.643823
9246.778232
8647.325762
8010.038114
7346.862387
6666.233383
5974.052007
5274.404987
4570.085341
3862.965848
3154.267002
2444.750422
1734.860112
1024.827913
314.7554826
6.327578755e-06
6.248150731e-06
6.247350734e-06
6.246622036e-06
6.246041756e-06
6.245590022e-06
6.245266736e-06
6.245125425e-06
-0.08610434661
0.07138070554
0.2312368318
0.3899932505
0.5321973773
0.6469855558
0.7649400255
0.7561353598
1.065571656
103.2558427
10476.25375
10987.60531
11290.87264
11407.5579
11318.33886
11045.82176
10629.95158
10109.76995
9516.906665
8874.895343
8200.485035
7505.291196
6797.226164
6081.593432
5361.879154
4640.309363
3918.237929
3196.416486
2475.183323
1754.597006
1034.532845
314.7554826
6.327412648e-06
6.248152875e-06
6.247352921e-06
6.246624224e-06
6.246043951e-06
6.245592214e-06
6.245268928e-06
6.245127612e-06
-0.1149858842
0.05263835669
0.2204514625
0.3836514516
0.5177461973
0.5996554718
0.6477303285
0.4502280743
-0.3191999515
911.4069264
13630.70741
12332.68078
12231.35919
12199.36287
11997.24466
11618.49083
11105.45178
10500.54554
9836.148242
9134.827142
8411.677731
7676.553458
6935.750302
6193.182883
5451.179019
4711.009146
3973.238079
3237.959859
2504.955913
1773.802689
1043.946164
314.7554826
6.327103714e-06
6.248155133e-06
6.247355223e-06
6.24662653e-06
6.246046262e-06
6.245594523e-06
6.245271235e-06
6.245129915e-06
-0.1629950931
0.02145032666
0.2049172806
0.379207734
0.5008322015
0.5259224967
0.4837882787
0.2028455705
-0.9135163766
14.63027869
11196.85083
12478.87744
13102.50742
13161.27296
12852.76514
12325.41976
11672.7904
10950.78017
10192.27886
9416.550616
8634.807225
7853.455862
7076.001102
6304.174511
5538.615296
4779.285298
4025.724812
3277.212248
2532.864876
1791.702663
1052.688737
314.7554826
6.326650331e-06
6.248157505e-06
6.247357635e-06
6.246628947e-06
6.246048682e-06
6.245596942e-06
6.245273652e-06
6.245132328e-06
-0.238517506
-0.01988739736
0.1982670185
0.4004194018
0.5444011859
0.6128642028
0.544883214
0.871698144
-1.909290387
4.43159119
8620.078853
13284.85468
14538.51029
14490.43995
13927.10323
13157.60828
12309.4818
11437.47417
10565.60218
9704.253407
8857.50706
8026.422389
7210.584746
6408.863012
5619.791948
4841.767239
4073.143823
3312.283619
2557.576357
1807.445554
1060.345869
314.7554826
6.32605598e-06
6.248159989e-06
6.247360155e-06
6.246631471e-06
6.246051206e-06
6.245599464e-06
6.245276171e-06
6.245134843e-06
-0.368739329
-0.1172755207
0.1488462539
0.4149496844
0.5957540289
0.705509516
0.1601872486
-0.8715957007
-2.388479681
1.874498356
15351.50128
17496.75934
17276.30613
16334.85733
15207.58027
14068.40555
12970.02764
11924.00209
10928.36975
9977.320203
9064.509793
8184.103868
7331.013387
6500.864029
5689.890656
4894.822527
4112.779819
3341.186587
2577.69944
1820.1488
1066.489197
314.7554826
6.325324877e-06
6.248162584e-06
6.247362778e-06
6.246634096e-06
6.246053828e-06
6.245602082e-06
6.245278785e-06
6.245137453e-06
-0.5765479317
-0.2502479562
0.1375193394
0.5061255946
0.8023032368
1.258339743
0.7171983765
-4.898166248
-11.69290407
430.5548819
29688.57564
24077.95757
20735.08458
18365.08832
16499.93687
14938.3848
13578.19578
12360.10756
11246.52368
10212.11684
9239.0759
8314.435006
7428.463777
6573.652754
5744.052059
4934.826349
4141.946115
3361.967933
2591.874193
1828.952685
1070.70236
314.7554826
6.324463477e-06
6.248165288e-06
6.247365499e-06
6.246636815e-06
6.24605654e-06
6.245604789e-06
6.245281487e-06
6.24514015e-06
-0.9257385115
-0.5430988032
-0.07266160241
0.4305236462
0.7242288737
1.802039919
114.613462
4376.407857
14275.22957
34394.21972
37709.95173
28398.89278
23220.96174
19890.45947
17488.67543
15606.97868
14044.23707
12691.67894
11485.4692
10385.51695
9365.211815
8406.064684
7494.719827
6621.196763
5777.807121
4958.458593
4158.189867
3372.849122
2598.864879
1833.07719
1072.607936
314.7554826
6.323481775e-06
6.248168097e-06
6.24736831e-06
6.24663962e-06
6.246059334e-06
6.245607575e-06
6.245284267e-06
6.245142925e-06
-1.45074382
-1.010549
-0.6674340971
-0.4525347212
-1.280243738
0.1234614352
16548.37349
30510.76661
29499.70832
44078.45744
35343.96604
28586.54651
23859.40272
20487.09615
17957.30642
15956.59292
14300.06741
12876.87048
11618.12314
10479.23669
9430.158585
8449.861223
7523.121907
6638.574816
5787.490843
4962.98536
4159.485183
3372.358036
2597.647184
1831.875165
1071.892631
314.7554826
6.32238983e-06
6.248171007e-06
6.247371204e-06
6.246642503e-06
6.246062202e-06
6.245610433e-06
6.245287116e-06
6.245145768e-06
-2.368591461
-1.54031061
-0.9304241495
-0.8656778625
-2.142194164
59.08033664
25132.02255
30339.66871
36734.82918
35149.7334
31000.7601
26743.89677
23142.99356
20241.20015
17896.83958
15961.99368
14322.54201
12897.58108
11630.88034
10483.11203
9426.291219
8440.06808
7509.300027
6622.458113
5770.566593
4946.48153
4144.387117
3359.434888
2587.478861
1824.875644
1068.327889
314.7554826
6.321201799e-06
6.248173992e-06
6.247374167e-06
6.246645451e-06
6.246065132e-06
6.245613351e-06
6.245290024e-06
6.245148669e-06
-3.900627157
-2.391456893
-0.5062059718
-0.3036086132
-3.260265515
-7.973442758
1219.516764
27118.60704
29880.37743
28784.93075
26765.41841
24245.27498
21727.4621
19437.85603
17426.83668
15671.97701
14130.50262
12760.00396
11524.67154
10396.00452
9351.792914
8374.788538
7451.520973
6571.360215
5725.807081
4907.962146
4112.126668
3333.499801
2567.94596
1811.812688
1061.78375
314.7554826
6.319931133e-06
6.24817705e-06
6.247377187e-06
6.246648454e-06
6.246068115e-06
6.245616318e-06
6.245292981e-06
6.245151619e-06
-5.923905511
-3.145123399
0.470503254
2.36175296
3.353512338
0.3440889283
16.72628791
12249.08231
21525.89341
23344.35171
23030.69633
21744.31323
20083.71276
18355.91119
16700.65318
15168.55501
13767.46826
12487.23644
11311.76659
10224.4086
9210.056069
8255.742534
7350.60556
6485.625172
5653.311545
4847.409019
4062.637708
3294.476057
2538.980749
1792.637429
1052.23487
314.7554826
6.318593257e-06
6.248180166e-06
6.247380252e-06
6.246651499e-06
6.246071137e-06
6.245619325e-06
6.245295976e-06
6.245154606e-06
2519.749413
1448.497972
5.448730607
6.810319422
3.549407391
0.5099141404
10.12311059
7520.826663
18263.42377
20037.11391
20268.69392
19617.56037
18507.15271
17201.40842
15851.28495
14534.09905
13283.55834
12109.68041
11010.71653
9979.772878
9008.24873
8087.490842
7209.504934
6367.19494
5554.378102
4765.701145
3996.519611
3242.770511
2500.851841
1767.513409
1039.758704
314.7554826
6.31720429e-06
6.248183324e-06
6.247383349e-06
6.246654575e-06
6.246074189e-06
6.245622359e-06
6.245298997e-06
6.245157619e-06
5723.677617
421.3625715
19.49954818
794.372412
3.566284254
-0.3229516995
5.563814433
6452.852499
17692.45574
18273.58055
18389.39781
17950.06861
17125.91159
16091.26632
14968.94973
13832.97032
12722.96235
11657.18268
10641.61264
9675.683403
8755.643911
7876.438451
7032.700397
6219.244001
5431.278914
4664.475086
3914.950074
3179.219262
2454.130997
1736.797601
1024.526879
314.7554826
6.315779786e-06
6.24818651e-06
6.247386466e-06
6.246657668e-06
6.246077256e-06
6.245625408e-06
6.245302033e-06
6.245160647e-06
-3.130896501
-3.155763143
-0.7392680187
112.0061821
-4.523594345
-4.232769726
-0.7863848619
5726.094272
16433.66758
16976.97406
17065.23956
16667.38705
15955.14058
15068.77414
14100.25722
13105.85275
12118.11956
11154.44943
10222.83576
9325.671487
8462.175084
7629.890775
6825.58695
6045.775072
5286.993536
4545.948217
3819.567789
3105.010354
2399.643561
1701.010961
1006.791474
314.7554826
6.314335714e-06
6.248189715e-06
6.247389591e-06
6.246660768e-06
6.246080329e-06
6.245628461e-06
6.245305072e-06
6.245163677e-06
-0.3092930592
0.06688536528
2.260415519
2.355684933
-5.157252568
-7.072211351
-6.777851501
3959.605595
13962.63772
16136.64586
16227.19152
15699.08446
14958.49245
14128.4086
13257.42304
12372.04181
11489.19204
10619.63173
9769.57716
8941.960072
8137.465342
7355.335586
6593.955074
5851.250009
5124.947935
4412.735197
3712.344371
3021.595798
2338.41013
1660.802928
986.8682352
314.7554826
6.312886779e-06
6.248192923e-06
6.24739271e-06
6.246663861e-06
6.246083394e-06
6.245631507e-06
6.245308103e-06
6.2451667e-06
-0.2195580128
0.005662314737
0.1698813893
-1.513008507
-6.702883313
-7.157314745
-14.53849143
10704.81994
18755.50372
17380.84476
16007.79847
14943.24687
14051.32046
13228.91928
12428.95864
11635.67884
10846.95228
10065.27916
9293.849029
8535.095845
7790.362887
7060.004894
6343.622004
5640.29704
4948.789878
4267.679678
3595.460897
2930.603374
2271.586321
1616.913967
965.1186326
314.7554826
6.311446638e-06
6.248196121e-06
6.247395813e-06
6.246666936e-06
6.246086441e-06
6.245634532e-06
6.245311114e-06
6.245169702e-06
-0.06056302337
0.1430954127
0.3201303167
-0.6125052569
-3.703382651
-3.533827766
740.0396988
28464.95198
27704.64797
18623.56814
15479.89182
14014.79045
13074.61061
12306.96476
11593.79142
10894.74342
10197.63536
9500.654129
8805.412985
8114.182465
7428.858878
6750.673608
6080.206001
5417.502211
4762.212571
4113.712744
3471.198621
2833.75552
2200.405779
1570.139444
941.9323653
314.7554826
6.310027163e-06
6.248199296e-06
6.247398886e-06
6.246669981e-06
6.246089457e-06
6.245637527e-06
6.245314095e-06
6.245172674e-06
0.1644947545
0.5655137187
1.01557639
1.623148585
1.991116207
1.910622815
30.18170517
8350.47777
13131.61702
13927.98108
13273.42144
12561.41007
11925.34558
11330.51276
10744.47899
10151.84822
9548.16634
8934.259532
8312.936825
7687.33489
7060.191106
6433.599946
5809.001946
5187.270024
4568.823935
3953.740617
3341.847985
2732.799338
2126.129719
1521.297064
917.7114175
314.7554826
6.308639479e-06
6.248202431e-06
6.247401917e-06
6.246672983e-06
6.24609243e-06
6.24564048e-06
6.245317033e-06
6.245175604e-06
0.2335407521
0.7457817189
1.328193484
2.15384143
3.237689972
4.901371012
8.909579435
317.6019725
8825.805862
10679.48563
11124.41787
11032.07397
10734.82631
10345.24079
9901.745763
9419.983098
8908.895839
8375.252058
7824.712197
7262.003529
6690.946321
6114.509179
5534.908363
4953.729633
4372.05172
3790.558765
3209.636222
2629.449215
2050.004605
1471.199124
892.8563512
314.7554826
6.307292567e-06
6.248205512e-06
6.247404893e-06
6.246675931e-06
6.246095351e-06
6.24564338e-06
6.24531992e-06
6.245178483e-06
0.2711261331
0.81386059
1.402868274
2.164393017
3.073340938
3.637563869
6.051885432
321.5700303
7364.357843
8838.077895
9512.688622
9707.625183
9636.624787
9413.861522
9097.262772
8717.420147
8292.155258
7833.113393
7348.630667
6844.996575
6327.058018
5798.558891
5262.370051
4720.666855
4175.074387
3626.787878
3076.672023
2525.341951
1973.228454
1420.630128
867.7551545
314.7554826
6.305994795e-06
6.248208527e-06
6.247407804e-06
6.246678815e-06
6.246098208e-06
6.245646218e-06
6.245322744e-06
6.245181299e-06
0.2718699791
0.7989761414
1.339605235
1.951395389
2.64818434
2.930407345
3.962260127
381.7339119
6854.975501
7795.789623
8380.622411
8649.095878
8690.17043
8576.302912
8356.005121
8060.256037
7709.16591
7316.390364
6891.676732
6442.27123
5973.707666
5490.275868
4995.324247
4491.472538
3980.771535
3464.828145
2944.90548
2422.003713
1896.925606
1370.329811
842.77472
314.7554826
6.304752447e-06
6.248211466e-06
6.247410639e-06
6.246681624e-06
6.246100992e-06
6.245648984e-06
6.245325497e-06
6.245184046e-06
0.2528438485
0.7351764961
1.212593987
1.691333517
2.207684923
2.435832816
2.816543433
400.593133
6465.208998
7109.479958
7564.902201
7817.951936
7898.64564
7845.159466
7690.178856
7458.409644
7167.837996
6831.582382
6459.392565
6058.682117
5635.203667
5193.490955
4737.157449
4269.1074
3791.69207
3306.82996
2816.101947
2320.827961
1822.129522
1320.981376
818.2548772
314.7554826
6.30357099e-06
6.248214308e-06
6.247413386e-06
6.24668435e-06
6.246103695e-06
6.24565167e-06
6.245328171e-06
6.245186713e-06
0.2289730324
0.6565252017
1.071297054
1.452763619
1.840727788
2.014781614
2.118902741
421.7805673
6159.476029
6612.011702
6951.544157
7159.15389
7241.288634
7215.494032
7101.120851
6915.343679
6672.172266
6382.687528
6055.608209
5697.839991
5314.91273
4911.305843
4490.686826
4056.088047
3610.040916
3154.680481
2691.828927
2223.063554
1749.773009
1273.204576
794.5048105
314.7554826
6.302453836e-06
6.248217052e-06
6.247416041e-06
6.246686985e-06
6.246106309e-06
6.245654268e-06
6.245330759e-06
6.245189295e-06
0.2061914945
0.5778949893
0.9417361684
1.258431841
1.56683295
1.707140076
1.701641472
428.1378477
5915.901709
6227.540051
6470.101384
6625.821368
6691.847718
6674.390029
6583.447397
6429.652009
6222.800198
5971.3677
5682.49287
5362.136572
5015.280887
4646.112556
4258.176231
3854.498097
3437.685127
3010.005546
2573.455042
2129.812127
1680.68518
1227.553158
771.8016246
314.7554826
6.30140477e-06
6.248219699e-06
6.247418599e-06
6.246689524e-06
6.246108828e-06
6.245656772e-06
6.245333253e-06
6.245191783e-06
0.1892916979
0.5034836862
0.8356775301
1.114110201
1.385035521
1.512889072
1.444543275
498.9742411
5712.138769
5912.140265
6075.493036
6182.172076
6225.876808
6206.754436
6128.609105
5996.99894
5817.990826
5597.471718
5340.839835
5052.912845
4737.941819
4399.667594
4041.388266
3666.02454
3276.178566
2874.185677
2462.159802
2042.033576
1615.594216
1184.516077
750.3907573
314.7554826
6.300425886e-06
6.248222236e-06
6.247421052e-06
6.24669196e-06
6.246111246e-06
6.245659176e-06
6.245335648e-06
6.245194174e-06
0.1790263408
0.4168535623
0.756622977
1.007542439
1.298010858
1.42162489
1.328046372
396.6636082
5469.075063
5633.384131
5737.550722
5801.486071
5822.719493
5798.126912
5727.220081
5611.727713
5454.675619
5259.670799
5030.46339
4770.714116
4483.886728
4173.20864
3841.666015
3492.015293
3126.802168
2748.383781
2358.952174
1960.558099
1555.134809
1144.521709
730.4878711
314.7554826
6.299517915e-06
6.248224654e-06
6.247423396e-06
6.246694289e-06
6.246113558e-06
6.245661476e-06
6.24533794e-06
6.245196461e-06
0.1341684369
0.356859789
0.6559263163
0.9385367302
1.246383861
1.384464937
1.333729839
681.2199463
5445.814693
5414.76473
5439.831567
5463.491514
5465.376153
5435.800609
5370.402684
5268.001301
5129.297131
4956.055435
4750.610976
4515.575135
4253.663724
3967.595642
3660.033656
3333.551066
2990.61502
2633.581042
2264.695375
1886.102875
1499.858913
1107.944211
712.2817954
314.7554826
6.298682143e-06
6.248226953e-06
6.247425627e-06
6.246696507e-06
6.246115762e-06
6.245663668e-06
6.245340124e-06
6.245198642e-06
0.07347379488
0.25987435
0.5157497739
0.813859727
1.131716317
1.304958835
1.375629173
468.648487
5107.253083
5140.022714
5143.511782
5147.263095
5139.482609
5109.285165
5050.575978
4960.563607
4838.440878
4684.62652
4500.332825
4287.29402
4047.57933
3783.458448
3497.304205
3191.523563
2868.510648
2530.616971
2180.13489
1819.291186
1450.24826
1075.111033
695.9380426
314.7554826
6.297919718e-06
6.248229132e-06
6.247427744e-06
6.246698612e-06
6.246117853e-06
6.245665749e-06
6.245342197e-06
6.245200712e-06
-0.008028210785
0.1126327019
0.2906457063
0.539533999
0.8428115971
1.072229584
1.346705163
638.3951057
5106.922869
4894.55638
4846.923306
4842.558657
4835.996907
4811.270961
4762.0405
4685.22294
4579.261717
4443.661395
4278.783389
4085.671694
3865.883576
3621.337011
3354.184054
3066.712371
2761.27284
2440.229354
2105.926572
1760.671708
1406.727056
1046.310576
681.6024031
314.7554826
6.29723207e-06
6.248231193e-06
6.247429745e-06
6.246700602e-06
6.246119829e-06
6.245667715e-06
6.245344158e-06
6.245202669e-06
-0.09701100452
-0.08185827205
-0.02781834487
0.07356602134
0.3180964152
0.6167663051
0.6632364453
1339.399625
4716.558312
4484.353297
4507.060956
4540.044488
4550.667131
4537.751503
4501.080891
4439.013378
4349.707931
4231.959183
4085.451922
3910.70927
3708.92925
3481.804951
3231.36626
2959.853964
2669.625807
2363.090123
2042.661816
1710.735735
1369.673298
1021.799
669.404136
314.7554826
6.296618926e-06
6.248233126e-06
6.247431629e-06
6.246702475e-06
6.24612169e-06
6.245669567e-06
6.245346004e-06
6.245204513e-06
-0.1642269086
-0.2710786856
-0.4410049471
-0.5914627124
-0.4534289381
0.1748553325
0.3111624706
9.035742266
2720.554574
3819.233791
4156.917964
4259.885025
4288.867983
4287.977932
4265.507712
4220.030001
4148.584515
4049.001438
3920.340762
3762.768295
3577.302826
3365.571027
3129.606605
2871.697372
2594.27415
2299.833539
1990.887061
1669.930347
1339.427302
1001.805301
659.458327
314.7554826
6.296081294e-06
6.248234934e-06
6.247433393e-06
6.246704231e-06
6.246123434e-06
6.245671302e-06
6.245347733e-06
6.24520624e-06
-0.1334325133
-0.43922736
-1.034017653
-1.642247319
-1.421491935
-0.09645713181
0.4491330152
10.28108451
3146.279429
3915.10612
4041.487788
4053.703996
4056.934795
4059.776128
4052.932316
4027.003413
3975.586473
3895.107905
3784.126964
3642.705116
3471.927196
3273.554455
3049.77739
2803.041826
2535.928731
2251.073639
1951.115305
1638.665802
1316.296263
986.5339066
651.8670564
314.7554826
6.295620169e-06
6.248236615e-06
6.24743504e-06
6.246705869e-06
6.246125061e-06
6.245672921e-06
6.245349347e-06
6.245207852e-06
-0.03066979349
-0.5196438498
-1.518956557
-2.47315994
-1.949981409
0.05765501512
-0.3493788514
6445.171057
6505.757912
4653.421291
4040.219162
3856.503226
3825.384619
3841.251717
3859.432962
3859.454498
3831.638444
3771.703986
3678.340366
3551.9837
3394.131926
3206.928145
2992.893547
2754.752024
2495.315095
2217.408434
1923.827801
1617.315883
1300.553992
976.1642664
646.7191274
314.7554826
6.29523719e-06
6.248238181e-06
6.247436572e-06
6.246707391e-06
6.246126572e-06
6.245674423e-06
6.245350844e-06
6.245209348e-06
0.02781555531
-0.3723735742
-1.316214301
-1.961362601
-1.417455422
0.05512669012
130.6785729
7755.817377
5993.381724
4152.605537
3609.460816
3506.700424
3546.842765
3620.405902
3684.084747
3719.733284
3719.797722
3681.717104
3605.533942
3492.744146
3345.675461
3167.119943
2960.104826
2727.746991
2473.16183
2199.409149
1909.464832
1606.210456
1292.435344
970.8471604
644.0882275
314.7554826
6.294933539e-06
6.248239624e-06
6.247437987e-06
6.246708796e-06
6.246127965e-06
6.245675809e-06
6.245352226e-06
6.245210728e-06
0.05197480318
-0.07684791245
-0.3888951655
-0.5028259791
-0.2307171747
-0.3619301189
-0.7245020547
23.72005872
1640.925597
2354.157468
2738.315038
3013.990587
3234.874503
3409.437456
3536.758606
3615.586662
3646.091461
3629.821336
3569.322207
3467.771406
3328.693956
3155.760009
2952.648307
2722.959717
2470.167479
2197.593845
1908.405247
1605.620153
1292.125357
970.6977531
644.0295466
314.7554826
6.294710843e-06
6.248240941e-06
6.247439286e-06
6.246710085e-06
6.246129244e-06
6.245677079e-06
6.245353492e-06
6.245211993e-06
0.07949201195
0.1823948831
0.2593264869
0.4047008603
0.6404752229
1.15907908
0.6632651675
1.456506057
-1629.566685
887.2484988
1975.648553
2576.06835
2969.221808
3245.704118
3437.917615
3559.75419
3619.150092
3622.143907
3574.151188
3480.314406
3345.558329
3174.567733
2971.759282
2741.267431
2486.946545
2212.386173
1920.935547
1615.733836
1299.743598
975.7857484
646.5750302
314.7554826
6.294570555e-06
6.248242136e-06
6.247440469e-06
6.246711258e-06
6.246130407e-06
6.245678236e-06
6.245354645e-06
6.245213145e-06
0.09856772072
0.3056274463
0.5338978572
0.715653205
0.7202794565
0.8037922113
0.6648724264
1.322996521
-62.26744772
848.9565493
1700.968125
2345.408594
2820.23502
3166.233127
3409.445941
3566.353781
3648.601451
3665.443171
3624.814258
3533.766857
3398.64766
3225.184195
3018.545095
2783.396173
2523.957562
2244.061665
1947.210392
1636.630291
1315.324789
986.1233283
651.7276045
314.7554826
6.294514355e-06
6.248243211e-06
6.247441538e-06
6.246712318e-06
6.246131458e-06
6.24567928e-06
6.245355686e-06
6.245214186e-06
0.1166818458
0.3549162584
0.6100224797
0.8420337882
0.9037323824
0.9806070052
1.137877063
1.209589438
80.70957979
867.3018766
1633.863972
2284.35916
2800.071479
3189.541259
3467.272072
3647.605542
3743.450175
3766.204077
3725.88677
3631.282195
3490.072546
3308.967887
3093.832719
2849.806985
2581.418581
2292.685592
1987.207603
1668.246426
1338.797293
1001.651889
659.4548601
314.7554826
6.294543823e-06
6.248244158e-06
6.247442492e-06
6.246713266e-06
6.246132398e-06
6.245680215e-06
6.245356618e-06
6.245215118e-06
0.1304425233
0.3904423419
0.6657700524
0.942890292
1.132406146
1.360015793
1.468867728
1.617189437
81.02487247
905.4980512
1682.82456
2358.08902
2906.145652
3324.582575
3622.488894
3813.338809
3911.381859
3930.028072
3881.238389
3775.394531
3621.384467
3426.774266
3198.003319
2940.573112
2659.217063
2358.047695
2040.681643
1710.344908
1369.961523
1022.228876
669.682827
314.7554826
6.294660026e-06
6.248244989e-06
6.247443336e-06
6.246714104e-06
6.246133229e-06
6.245681042e-06
6.245357443e-06
6.245215943e-06
0.1368918037
0.4112470282
0.7083749373
1.025771913
1.324871177
1.669806044
1.921274326
2.082633955
81.48021131
990.8059752
1833.8457
2559.023304
3141.835051
3580.149161
3884.756028
4071.872299
4158.703363
4161.280647
4093.636818
3967.66574
3793.289197
3578.734111
3330.82599
3055.258002
2756.821937
2439.599828
2107.120194
1762.48463
1408.47066
1047.616228
682.2905676
314.7554826
6.29486406e-06
6.248245702e-06
6.247444071e-06
6.246714835e-06
6.246133955e-06
6.245681764e-06
6.245358165e-06
6.245216667e-06
0.1343771894
0.4091634396
0.7192993745
1.077710968
1.488614682
1.980844526
2.425111046
2.742686261
82.13763741
1142.396606
2102.726864
2902.320249
3522.017986
3969.418105
4264.508155
4430.684964
4490.272205
4462.747551
4364.355637
4208.335552
4005.365604
3764.040143
3491.301715
3192.804203
2873.206207
2536.403111
2185.708799
1823.997653
1453.816184
1077.471994
697.1063526
314.7554826
6.295156631e-06
6.248246301e-06
6.247444702e-06
6.246715464e-06
6.246134579e-06
6.245682387e-06
6.245358787e-06
6.245217291e-06
0.1201022726
0.3728506808
0.6749660573
1.063461183
1.584747437
2.287058077
3.08880172
3.878720213
83.22399122
1393.859372
2532.343078
3425.509829
4074.494745
4510.992547
4773.168169
4896.081439
4908.946773
4835.075193
4692.69599
4495.948587
4255.790918
3980.752593
3677.530024
3351.444441
3006.789263
2647.091607
2275.308759
1893.976285
1505.320706
1111.34667
713.9061456
314.7554826
6.295536443e-06
6.248246793e-06
6.247445232e-06
6.246715993e-06
6.246135106e-06
6.245682914e-06
6.245359315e-06
6.245217821e-06
0.09077202688
0.2885310646
0.5434105562
0.9166160071
1.504544768
2.438259526
3.830348597
6.204335223
84.87277184
1817.262218
3207.275571
4192.878431
4839.455018
5226.884725
5421.085357
5471.520299
5414.352263
5275.904064
5075.398005
4826.965372
4541.090474
4225.642988
3886.615128
3528.648139
3155.408848
2769.859701
2374.453317
1971.273751
1562.140354
1148.685592
732.4150241
314.7554826
6.296002865e-06
6.24824718e-06
6.247445666e-06
6.246716428e-06
6.246135541e-06
6.245683351e-06
6.245359754e-06
6.245218263e-06
0.04495103385
0.1475855422
0.2961580852
0.5587221646
1.06319525
2.013202282
4.130158173
12.18808402
-34.96805951
2582.40838
4286.623458
5299.270637
5863.558848
6136.001835
6212.763262
6154.556898
6001.032229
5778.784615
5506.020205
5195.418085
4855.956454
4494.107761
4114.633472
3721.118361
3316.332736
2902.479883
2481.366489
2054.521224
1623.278428
1188.838374
752.3119822
314.7554826
6.296552715e-06
6.248247468e-06
6.247446007e-06
6.246716774e-06
6.246135889e-06
6.245683702e-06
6.245360108e-06
6.245218621e-06
-0.01431787192
-0.04417817433
-0.06476270472
-0.02313171678
0.1862540332
0.3738257845
1.007223181
9.89629086
-315.9803955
4259.2496
6057.567918
6854.019388
7179.504647
7240.796562
7139.404233
6932.906922
6656.429806
6332.176073
5974.473968
5592.724251
5193.203687
4780.192531
4356.687163
3924.853752
3486.318752
3042.355922
2594.007429
2142.162839
1687.611188
1231.07582
773.2382924
314.7554826
6.297182638e-06
6.248247668e-06
6.247446263e-06
6.246717036e-06
6.246136156e-06
6.245683974e-06
6.245360385e-06
6.245218903e-06
-0.07828727269
-0.2630738071
-0.4988691148
-0.7933026798
-1.290882166
-3.402626023
-5.776875417
26.18091768
9363.739192
8705.781714
8830.45462
8879.732262
8759.640768
8508.271485
8171.145616
7781.232155
7359.598927
6919.010277
6466.969446
6007.795466
5543.936008
5076.766267
4607.06381
4135.285806
3661.727944
3186.613399
2710.140802
2232.508526
1753.925426
1274.613984
794.8092421
314.7554826
6.297887962e-06
6.24824778e-06
6.247446438e-06
6.246717221e-06
6.246136347e-06
6.245684174e-06
6.24536059e-06
6.245219114e-06
-0.1341218954
-0.4634669161
-0.8928716843
-1.561685718
-2.400821212
-5.876937153
-7.06054417
760.4046522
13410.15825
12363.75967
11678.73438
11074.81213
10471.05175
9861.498727
9255.669982
8661.272582
8081.718483
7517.291243
6966.59245
6427.546647
5897.973388
5375.867757
4859.511237
4347.493147
3838.689557
3332.225098
2827.430574
2323.802387
1820.966049
1318.644206
816.6286532
314.7554826
6.298661862e-06
6.248247811e-06
6.247446537e-06
6.246717335e-06
6.246136469e-06
6.245684307e-06
6.24536073e-06
6.245219262e-06
-0.1659699745
-0.5923775552
-1.058493342
-1.980658419
-2.650097113
-5.544914647
-7.928608209
2206.382564
16765.69688
15661.16101
14445.9084
13269.72775
12188.25209
11210.99745
10328.75877
9526.465318
8788.706455
8101.838761
7454.557351
6837.820248
6244.538307
5669.215501
5107.615761
4556.481723
4013.308092
3476.16335
2943.551033
2414.302024
1887.490444
1362.367047
838.3051928
314.7554826
6.299496416e-06
6.248247775e-06
6.247446568e-06
6.246717384e-06
6.246136528e-06
6.24568438e-06
6.245360811e-06
6.245219354e-06
-0.1768504857
-0.6012309791
-1.079755188
-1.802282106
-2.702713273
-4.150973703
-7.472594864
3309.220674
20534.62546
19070.896
17174.00816
15369.93656
13801.22865
12465.47641
11321.89846
10327.11911
9444.798725
8646.795355
7911.973241
7224.634036
6573.139575
5948.835805
5345.250346
4757.505855
4181.894017
3615.56589
3056.305422
2502.362053
1952.325089
1405.027367
859.4691478
314.7554826
6.300382405e-06
6.248247685e-06
6.247446538e-06
6.246717374e-06
6.246136529e-06
6.245684399e-06
6.245360838e-06
6.245219394e-06
-0.172884377
-0.5441764478
-0.9467422628
-1.459526638
-2.235654413
-2.716156372
-5.508086491
3379.885586
25679.35732
22915.8547
19809.29081
17234.78012
15181.24645
13527.7776
12166.23572
11015.30939
10016.56936
9128.566193
8321.901758
7575.598653
6874.545818
6207.733573
5567.039865
4946.393429
4341.192638
3747.897613
3163.740079
2586.513626
2014.419032
1445.947284
879.7881404
314.7554826
6.301308641e-06
6.248247541e-06
6.247446453e-06
6.24671731e-06
6.246136475e-06
6.245684366e-06
6.245360814e-06
6.245219387e-06
-0.1580084962
-0.4472579863
-0.7440813513
-1.034409728
-1.546873985
-1.476937145
-3.244806763
2913.996976
26864.04738
27106.41129
21912.52099
18578.64509
16161.19662
14298.14881
12799.95368
11551.30906
10477.59888
9528.994109
8671.464724
7881.308722
7141.707213
6440.508619
5768.778039
5119.831483
4488.581939
3871.088729
3264.24108
2665.531357
2072.888734
1484.553739
898.9802564
314.7554826
6.302263081e-06
6.24824736e-06
6.247446325e-06
6.246717202e-06
6.246136372e-06
6.245684286e-06
6.245360743e-06
6.245219335e-06
-0.135408519
-0.3348945929
-0.5117507486
-0.6119734191
-0.7974404043
-0.3156253969
-0.6315021754
2702.344469
26164.15262
25810.89944
22155.71798
19006.08044
16586.7437
14703.66514
13184.11772
11912.37037
10813.51908
9838.342737
8953.650259
8136.460087
7370.461411
6643.811392
5947.728033
5275.568572
4622.211293
3983.631144
3356.601582
2738.480025
2127.049443
1520.397847
916.823278
314.7554826
6.303232438e-06
6.248247181e-06
6.247446182e-06
6.246717064e-06
6.246136228e-06
6.245684163e-06
6.245360625e-06
6.245219243e-06
-0.1133304339
-0.2537659045
-0.3747603451
-0.4654300614
-0.492527858
-0.33024072
0.1587032479
55.95440674
26685.08945
27577.42913
21893.40824
18703.21544
16476.03024
14745.64762
13320.47822
12100.53195
11025.76071
10057.2038
9168.329535
8340.415732
7559.862566
6816.543075
6102.74978
5412.49935
4741.059765
4084.619743
3440.05146
2804.735746
2176.429804
1553.164096
933.1591352
314.7554826
6.304202264e-06
6.248247044e-06
6.247446064e-06
6.246716927e-06
6.246136063e-06
6.245684005e-06
6.245360465e-06
6.245219113e-06
-0.09108113328
-0.1891320593
-0.2734421881
-0.336064329
-0.3892204781
-0.4072161184
-0.06417115183
-1.39102816
12467.47326
20433.03159
19137.24017
17437.34065
15868.51251
14482.4142
13251.61238
12143.51516
11131.78459
10196.37863
9322.044436
8497.006478
7712.025526
6959.743921
6234.224061
5530.614918
4844.904735
4173.733247
3514.246084
2863.979689
2220.768551
1582.668752
947.8932789
314.7554826
6.305158336e-06
6.248247002e-06
6.247446033e-06
6.246716844e-06
6.246135921e-06
6.245683841e-06
6.245360276e-06
6.245218952e-06
-0.07088305035
-0.138775288
-0.1995395427
-0.2453122803
-0.2787483943
-0.3026501689
-0.03531663338
-0.66185451
7375.784048
16900.3677
16785.96757
16040.39123
15078.2632
14063.88168
13060.03898
12090.12858
11161.48052
10274.47811
9426.459185
8613.535891
7831.484477
7076.178166
6343.782773
5630.826919
4934.206882
4251.158941
3579.217173
2916.16632
2259.994542
1608.848201
960.9893167
314.7554826
6.306085156e-06
6.248247099e-06
6.247446156e-06
6.246716885e-06
6.246135876e-06
6.24568373e-06
6.2453601e-06
6.245218784e-06
-0.04992320183
-0.09311647731
-0.1336144268
-0.1610377474
-0.1771287571
-0.1688923669
0.05969462794
-0.240948753
4629.63799
14843.24427
15066.53449
14859.99131
14340.26552
13634.80793
12834.53057
11995.47658
11149.52742
10313.59044
9495.774265
8699.18897
7924.193485
7169.69641
6433.896853
5714.698284
5009.932646
4317.474867
3635.294508
2961.471766
2294.193628
1631.739269
972.4598406
314.7554826
6.306968079e-06
6.24824733e-06
6.247446453e-06
6.246717086e-06
6.246135998e-06
6.245683748e-06
6.245360007e-06
6.245218664e-06
-0.02930845071
-0.05543658932
-0.08845450101
-0.1129838099
-0.1445325882
-0.1422320517
-0.07588697223
-0.1394162001
2962.732941
13133.61658
13777.73644
13992.77224
13787.99781
13300.55172
12647.79628
11907.71667
11127.55858
10334.57808
9543.854227
8763.247595
7996.399042
7244.511841
6507.404655
5784.131742
5073.34615
4373.509703
3683.011328
3000.230434
2323.567399
1651.45442
982.3547887
314.7554826
6.307792785e-06
6.248247542e-06
6.247446783e-06
6.246717319e-06
6.246136206e-06
6.245683864e-06
6.245360006e-06
6.245218631e-06
-0.01011096489
-0.02240734479
-0.05460593193
-0.08872047967
-0.1483166809
-0.1708525926
-0.2954102869
0.1893917169
2135.82534
11148.36236
12918.84528
13545.36188
13518.39996
13131.60272
12548.38385
11860.03223
11118.40853
10353.30504
9581.812537
8813.543301
8053.638021
7304.541793
6567.072764
5841.07282
5125.806059
4420.202762
3723.00772
3032.869007
2348.389501
1668.15516
990.7488591
314.7554826
6.308545127e-06
6.248247442e-06
6.247446817e-06
6.24671722e-06
6.24613616e-06
6.245683785e-06
6.2453599e-06
6.245218578e-06
0.00727262881
0.009503353457
-0.01751816115
-0.07055094737
-0.1957559576
-0.1582671311
-0.4848563891
0.6439594246
2547.126834
10788.7623
13204.03381
13751.42896
13608.63567
13159.0733
12554.10187
11865.61689
11132.73459
10378.41684
9616.542979
8855.470045
8100.062576
7352.938981
6615.266322
5887.275649
5168.598067
4458.483853
3755.944803
3059.846062
2368.964735
1682.026716
997.7294021
314.7554826
6.309214357e-06
6.248246891e-06
6.247446343e-06
6.246716525e-06
6.246135603e-06
6.245683223e-06
6.245359397e-06
6.245218229e-06
0.01687199811
0.03576857615
0.02847276879
-0.005731365577
0.05826898812
-0.005767789638
-0.4789694252
1.863916158
12134.17323
16528.63268
15355.88973
14647.68241
14005.63832
13341.9508
12643.33088
11915.59567
11168.49227
10411.08041
9650.467749
8891.726191
8138.197796
7391.879644
6653.772458
5924.160386
5202.822322
4489.186085
3782.438559
3081.603319
2385.594864
1693.256341
1003.3859
314.7554826
6.309789934e-06
6.248246229e-06
6.247445752e-06
6.246715607e-06
6.246134846e-06
6.245682385e-06
6.245358575e-06
6.245217484e-06
0.01702515566
0.04276036865
0.02567383719
-0.04697076295
-0.09697350625
-0.1858673897
-0.3754777475
2404.246555
19990.57237
19957.87043
17042.46674
15477.76997
14424.28197
13559.75844
12761.67246
11984.93919
11214.55434
10446.94026
9682.51654
8922.763954
8169.117288
7422.603798
6683.778144
5952.766224
5229.340446
4512.995934
3803.016975
3098.531328
2398.553168
1702.016578
1007.801683
314.7554826
6.310256522e-06
6.248245833e-06
6.24744559e-06
6.246715129e-06
6.24613445e-06
6.245681718e-06
6.24535784e-06
6.245216669e-06
0.01185172839
0.03226732583
0.02841367639
-0.03054072701
-0.1117695365
-0.230392105
-0.006842061867
2011.729778
19731.10912
19881.84486
17378.26667
15796.6482
14653.95912
13711.12629
12858.6585
12047.93065
11257.84142
10479.60513
9709.889241
8947.690539
8192.898151
7445.634668
6705.964898
5973.781153
5248.77308
4530.436574
3818.098985
3110.949307
2408.06793
1708.453752
1011.048055
314.7554826
6.310590675e-06
6.248244938e-06
6.247445423e-06
6.246714922e-06
6.246134323e-06
6.245681228e-06
6.245357299e-06
6.245216173e-06
0.01640310854
0.04720968515
0.07332882846
0.09964103055
0.1104157619
-0.1194218287
0.8566364889
17523.79293
20059.40894
18121.27833
16792.13818
15676.59443
14683.77803
13772.12677
12913.90153
12090.2797
11289.27125
10503.74491
9729.739773
8965.205564
8209.14473
7461.066507
6720.66057
5987.615764
5261.529988
4541.874643
3827.989949
3119.09638
2414.31346
1712.681038
1013.180574
314.7554826
6.310820839e-06
6.248241931e-06
6.247445054e-06
6.246713628e-06
6.24613409e-06
6.245681039e-06
6.245356344e-06
6.245216211e-06
0.01406875049
0.03561731369
0.05768924144
0.1009212446
0.1591544485
0.1288847592
0.4118005249
130.9551342
13139.72486
15751.27404
15992.40809
15433.81104
14632.42964
13779.69864
12934.53788
12110.01147
11305.21463
10516.35882
9740.114406
8974.242017
8217.403414
7468.820865
6727.990176
5994.486788
5267.852342
4547.538403
3832.886619
3123.130162
2417.406432
1714.774948
1014.237002
314.7554826
6.310720199e-06
6.248236184e-06
6.247447845e-06
6.246709093e-06
6.246134405e-06
6.245682764e-06
6.245353554e-06
6.24521804e-06
)
;

boundaryField
{
    lowerWall
    {
        type            fixedFluxPressure;
        gradient        uniform 0;
        value           nonuniform List<scalar> 
80
(
6.245108808e-06
6.245106018e-06
6.245105695e-06
6.245106931e-06
6.245108494e-06
6.245109865e-06
6.245111125e-06
6.245112366e-06
6.245113633e-06
6.245114967e-06
6.245116398e-06
6.245117945e-06
6.24511962e-06
6.245121425e-06
6.245123361e-06
6.245125425e-06
6.245127612e-06
6.245129915e-06
6.245132328e-06
6.245134843e-06
6.245137453e-06
6.24514015e-06
6.245142925e-06
6.245145768e-06
6.245148669e-06
6.245151619e-06
6.245154606e-06
6.245157619e-06
6.245160647e-06
6.245163677e-06
6.2451667e-06
6.245169702e-06
6.245172674e-06
6.245175604e-06
6.245178483e-06
6.245181299e-06
6.245184046e-06
6.245186713e-06
6.245189295e-06
6.245191783e-06
6.245194174e-06
6.245196461e-06
6.245198642e-06
6.245200712e-06
6.245202669e-06
6.245204513e-06
6.24520624e-06
6.245207852e-06
6.245209348e-06
6.245210728e-06
6.245211993e-06
6.245213145e-06
6.245214186e-06
6.245215118e-06
6.245215943e-06
6.245216667e-06
6.245217291e-06
6.245217821e-06
6.245218263e-06
6.245218621e-06
6.245218903e-06
6.245219114e-06
6.245219262e-06
6.245219354e-06
6.245219394e-06
6.245219387e-06
6.245219335e-06
6.245219243e-06
6.245219113e-06
6.245218952e-06
6.245218784e-06
6.245218664e-06
6.245218631e-06
6.245218578e-06
6.245218229e-06
6.245217484e-06
6.245216669e-06
6.245216173e-06
6.245216211e-06
6.24521804e-06
)
;
    }
    atmosphere
    {
        type            totalPressure;
        rho             rho;
        psi             none;
        gamma           1;
        p0              uniform 0;
        value           nonuniform List<scalar> 
80
(
0
0
-0.286457417
-0.4636136465
-0.3167432113
-0.2785593038
-0.03986924503
0
0
-0.07848305136
-0.1217684253
-0.150538062
-0.135764453
-0.1392252606
-0.1342153322
-0.1429394106
-0.1608384156
-0.1930377718
-0.2443279457
-0.3209311125
-0.4456306997
-0.5961154421
-0.8618268463
-1.039316696
-2.018008857
-4.272915395
-0.5765671883
0
0
0
0
0
0
0
0
0
0
0
0
0
0
-0.0001270878229
-0.007864830763
-0.03104916392
-0.07556823945
-0.1342922288
-0.169614205
-0.1160243116
-0.01344442608
0
0
0
0
0
0
0
0
0
0
0
0
0
0
0
-0.003087387621
-0.01622769376
-0.03150949519
-0.04346120697
-0.04727156961
-0.04624416856
-0.04022186579
-0.03189912197
-0.01966776641
-0.008465395151
-0.0007187957336
0
0
0
0
0
)
;
    }
    rightWall
    {
        type            empty;
    }
    leftWall
    {
        type            empty;
    }
    frontAndBack
    {
        type            fixedFluxPressure;
        gradient        nonuniform List<scalar> 
80
(
2.182725039e-06
6.548175104e-06
1.091362511e-05
-192.3949675
-102.9026892
-730.8922997
-75.19105123
-70.70775855
0
0
0
0
0
0
0
0
0
0
0
0
0
0
0
0
0
0
0
0
0
0
0
0
0.0001418772707
0.000146242575
0.000150608025
0.000154973475
0.000159338925
0.0001637043751
0.000168069825
0.0001724352748
2.182725002e-06
6.548175006e-06
1.0913625e-05
1.527907501e-05
1.964452502e-05
2.4009975e-05
2.837542503e-05
-5626.010885
0
0
0
0
0
0
0
0
0
0
0
0
0
0
0
0
0
0
0
0
0
0
0
0
0.0001418772486
0.0001462425751
0.000150608025
0.0001549734748
0.000159338925
0.000163704375
0.000168069825
0.000172435275
)
;
        value           nonuniform List<scalar> 
80
(
-0.838472618
-7.497962344
4.116274031
5818.277355
15570.62386
10587.14379
20579.50166
22912.85128
22971.38931
17163.0742
14473.17877
13011.75919
12060.74469
11328.06785
10688.72882
10087.51677
9499.731955
8914.381174
8326.698609
7734.7453
7137.854695
6535.92958
5929.132312
5317.753464
4702.158319
4082.765283
3460.036008
2834.469046
2206.594061
1576.965799
946.157744
314.7554826
6.330499504e-06
6.257265214e-06
6.256749853e-06
6.256285023e-06
6.255984007e-06
6.255805556e-06
6.255748874e-06
6.255886012e-06
0.01406875063
0.0356173141
0.05768924212
0.1009212456
0.1591544497
0.1288847607
0.4118005267
130.6035085
13139.72486
15751.27404
15992.40809
15433.81104
14632.42964
13779.69864
12934.53788
12110.01147
11305.21463
10516.35882
9740.114406
8974.242017
8217.403414
7468.820865
6727.990176
5994.486788
5267.852342
4547.538403
3832.886619
3123.130162
2417.406432
1714.774948
1014.237002
314.7554826
6.319587528e-06
6.257376345e-06
6.256860847e-06
6.256394935e-06
6.256093088e-06
6.255914287e-06
6.255857918e-06
6.255995244e-06
)
;
    }
}


// ************************************************************************* //
