/*--------------------------------*- C++ -*----------------------------------*\
| =========                 |                                                 |
| \\      /  F ield         | OpenFOAM: The Open Source CFD Toolbox           |
|  \\    /   O peration     | Version:  2506                                  |
|   \\  /    A nd           | Website:  www.openfoam.com                      |
|    \\/     M anipulation  |                                                 |
\*---------------------------------------------------------------------------*/
FoamFile
{
    version     2.0;
    format      ascii;
    arch        "LSB;label=32;scalar=64";
    class       volScalarField;
    location    "0.003";
    object      Qv;
}
// * * * * * * * * * * * * * * * * * * * * * * * * * * * * * * * * * * * * * //

dimensions      [1 0 -3 0 0 0 0];

internalField   nonuniform List<scalar> 
3200
(
12234078.15
12383320.11
12605774.77
12636802.02
12638395.85
12550798.33
12587814.09
12473813.99
129826.2493
2557.077924
1519.653537
1474.284829
1472.333541
1472.259593
1472.256806
1472.256684
1472.256677
1472.256677
1472.256677
1472.256677
1472.256677
1472.256677
1472.256677
1472.256677
1472.256676
1472.256669
1472.25661
1472.256177
1472.253464
1472.239377
1472.180977
1471.996839
1471.997354
1472.01559
1472.031356
1472.044587
1472.055233
1472.063252
1472.068615
1472.071302
12034283.34
12155124.35
12345966.55
12591753.66
12620552.18
12550507.28
12567333.47
12495939.28
146068.1812
2776.263053
1533.440199
1475.151726
1472.37764
1472.261652
1472.25691
1472.25669
1472.256678
1472.256677
1472.256677
1472.256677
1472.256677
1472.256677
1472.256677
1472.256677
1472.256676
1472.256669
1472.25661
1472.256177
1472.253464
1472.239377
1472.180977
1471.996839
1471.997354
1472.01559
1472.031356
1472.044587
1472.055233
1472.063252
1472.068615
1472.071302
11849089.83
11933168.01
12081886.11
12256266.14
12361585.57
12392910.06
12363804.78
12279394.33
136453.3499
2969.926506
1549.205653
1476.369329
1472.458783
1472.267124
1472.257316
1472.256722
1472.25668
1472.256677
1472.256677
1472.256677
1472.256677
1472.256677
1472.256677
1472.256677
1472.256676
1472.256669
1472.25661
1472.256177
1472.253464
1472.239377
1472.180977
1471.996839
1471.997354
1472.01559
1472.031356
1472.044587
1472.055233
1472.063252
1472.068615
1472.071302
11743306.66
11809375.92
11929975.55
12081754.76
12218805.75
12299927.08
12286821.01
12265639.13
161404.4495
3310.678603
1572.448898
1478.506873
1472.660009
1472.286883
1472.25926
1472.256905
1472.256696
1472.256679
1472.256677
1472.256677
1472.256677
1472.256677
1472.256677
1472.256677
1472.256676
1472.256669
1472.25661
1472.256177
1472.253464
1472.239377
1472.180977
1471.996839
1471.997354
1472.01559
1472.031356
1472.044587
1472.055233
1472.063252
1472.068615
1472.071302
11752791.41
11809453.29
11916547.73
12055875.38
12195229.69
12293901.92
12320016.82
12312779.22
213659.3496
3887.199426
1615.066803
1483.798623
1473.355062
1472.374818
1472.269459
1472.257972
1472.256797
1472.256687
1472.256678
1472.256677
1472.256677
1472.256677
1472.256677
1472.256677
1472.256676
1472.256669
1472.25661
1472.256177
1472.253464
1472.239377
1472.180977
1471.996839
1471.997354
1472.01559
1472.031356
1472.044587
1472.055233
1472.063252
1472.068615
1472.071302
11887723
11936482.36
12030195.22
12152885.24
12276367.14
12357527.28
12378256.52
12374667.33
300530.116
5101.641682
1728.233751
1503.015272
1476.508573
1472.827088
1472.325629
1472.264077
1472.257386
1472.256738
1472.256682
1472.256677
1472.256677
1472.256677
1472.256677
1472.256677
1472.256676
1472.256669
1472.25661
1472.256177
1472.253464
1472.239377
1472.180977
1471.996839
1471.997354
1472.01559
1472.031356
1472.044587
1472.055233
1472.063252
1472.068615
1472.071302
12136144.57
12177541.08
12256126.84
12353961.61
12440833.79
12473035.39
12449363.84
12453959.68
587472.6738
11486.76391
2302.971941
1601.646037
1492.887005
1475.171737
1472.6144
1472.29516
1472.260357
1472.256994
1472.256702
1472.256679
1472.256677
1472.256677
1472.256677
1472.256677
1472.256676
1472.256669
1472.25661
1472.256177
1472.253464
1472.239377
1472.180977
1471.996839
1471.997354
1472.01559
1472.031356
1472.044587
1472.055233
1472.063252
1472.068615
1472.071302
12477350.11
12509854.36
12568696
12634975.61
12671476.12
12621599.17
12372653.24
12337056.65
2958565.311
102776.7397
6363.777907
2056.200679
1560.284448
1484.545073
1473.753611
1472.416487
1472.27184
1472.257973
1472.256778
1472.256684
1472.256678
1472.256677
1472.256677
1472.256677
1472.256676
1472.256669
1472.25661
1472.256177
1472.253464
1472.239377
1472.180977
1471.996839
1471.997354
1472.01559
1472.031356
1472.044587
1472.055233
1472.063252
1472.068615
1472.071302
12888739.29
12910970.95
12949246.8
12988617.96
12996194.98
12917377.95
12562603.48
12121383.17
12222748.74
1982930.309
57955.4172
4084.401208
1771.457351
1511.615578
1476.957676
1472.751953
1472.303127
1472.260604
1472.256979
1472.256698
1472.256678
1472.256677
1472.256677
1472.256677
1472.256676
1472.256669
1472.25661
1472.256177
1472.253464
1472.239377
1472.180977
1471.996839
1471.997354
1472.01559
1472.031356
1472.044587
1472.055233
1472.063252
1472.068615
1472.071302
13350959.02
13360949.67
13380691.39
13404187.27
13425255.43
13434904.95
13448113.23
13644799.19
14472597.84
11630825.97
592655.6945
12370.81254
2227.262952
1561.298286
1482.54223
1473.317323
1472.354299
1472.264789
1472.257292
1472.25672
1472.25668
1472.256677
1472.256677
1472.256677
1472.256676
1472.256669
1472.25661
1472.256177
1472.253464
1472.239377
1472.180977
1471.996839
1471.997354
1472.01559
1472.031355
1472.044587
1472.055233
1472.063252
1472.068615
1472.071302
13852779.77
13852927.8
13855392.14
13856370.67
13848258.2
13842150.46
13930088.65
14444998.29
16152552.1
16855709.65
1551187.738
28370.97106
2746.229246
1607.896424
1487.310517
1473.758694
1472.390552
1472.267461
1472.257471
1472.256731
1472.25668
1472.256677
1472.256677
1472.256677
1472.256676
1472.256669
1472.25661
1472.256177
1472.253464
1472.239377
1472.180977
1471.996839
1471.997354
1472.01559
1472.031355
1472.044587
1472.055233
1472.063252
1472.068615
1472.071302
14375307.97
14364875.28
14341586.11
14292551.89
14196391.26
14046267.26
13893457.49
13976204.86
14642789.41
14790927.3
1760671.75
40695.56683
3120.351118
1639.015466
1490.283566
1474.002865
1472.407085
1472.268353
1472.257505
1472.256731
1472.25668
1472.256677
1472.256677
1472.256677
1472.256676
1472.256669
1472.25661
1472.256177
1472.253464
1472.239377
1472.180977
1471.996839
1471.997354
1472.01559
1472.031355
1472.044587
1472.055233
1472.063252
1472.068615
1472.071302
14900064.15
14876004.49
14816937.27
14697967.92
14478988.24
14109186.03
13548778.8
12877883.86
12320340.94
11998295
1642463.998
42935.79933
3178.269656
1639.861979
1489.758015
1473.884042
1472.390852
1472.266643
1472.257353
1472.256719
1472.25668
1472.256677
1472.256677
1472.256677
1472.256676
1472.256669
1472.25661
1472.256177
1472.253464
1472.239377
1472.180977
1471.996839
1471.997354
1472.01559
1472.031355
1472.044587
1472.055233
1472.063252
1472.068615
1472.071302
15416133.75
15376419.84
15280189.62
15091703.47
14750812.12
14161289.29
13178921.91
11695661.81
8745609.227
6519035.602
1662667.178
43793.36621
3127.832887
1628.722915
1487.819885
1473.626544
1472.363342
1472.264159
1472.257157
1472.256706
1472.256679
1472.256677
1472.256677
1472.256677
1472.256676
1472.256669
1472.25661
1472.256177
1472.253464
1472.239377
1472.180977
1471.996839
1471.997354
1472.01559
1472.031355
1472.044587
1472.055233
1472.063252
1472.068615
1472.071302
15921719.08
15868410.24
15741441.01
15499311.04
15070867.07
14339857.56
13121458.97
11185168.26
7977340.222
6421421.51
2036271.386
50822.03604
3164.776119
1621.874755
1486.189128
1473.399086
1472.339379
1472.26207
1472.256999
1472.256695
1472.256678
1472.256677
1472.256677
1472.256677
1472.256676
1472.256669
1472.25661
1472.256177
1472.253464
1472.239377
1472.180977
1471.996839
1471.997354
1472.01559
1472.031355
1472.044587
1472.055233
1472.063252
1472.068615
1472.071302
16418319.15
16354794.63
16207488.21
15935070.68
15468181.49
14695343.73
13456084.7
11543582.03
8690084.66
7354383.5
3086713.216
72960.90248
3397.159546
1626.31455
1485.500759
1473.253907
1472.322735
1472.260615
1472.256892
1472.256688
1472.256678
1472.256677
1472.256677
1472.256677
1472.256676
1472.256669
1472.25661
1472.256177
1472.253464
1472.239377
1472.180977
1471.996839
1471.997354
1472.01559
1472.031355
1472.044587
1472.055233
1472.063252
1472.068615
1472.071302
16909069.98
16838505.22
16679439.28
16396005.16
15929523.78
15191685.49
14067356.15
12429752.17
10276045.47
9432899.182
3760077.142
90789.27865
3505.210841
1623.081978
1484.367071
1473.102684
1472.308399
1472.259511
1472.256819
1472.256684
1472.256677
1472.256677
1472.256677
1472.256677
1472.256676
1472.256669
1472.25661
1472.256177
1472.253464
1472.239377
1472.180977
1471.996839
1471.997354
1472.01559
1472.031355
1472.044587
1472.055233
1472.063252
1472.068615
1472.071302
17397729.73
17321973.13
17156379.08
16873607.82
16430024.57
15764132.54
14803402.96
13543915.1
12408946.07
12484601.12
5393051.791
129723.4483
3766.397849
1627.704516
1483.928986
1473.014415
1472.299418
1472.258824
1472.256775
1472.256681
1472.256677
1472.256677
1472.256677
1472.256677
1472.256676
1472.256669
1472.25661
1472.256177
1472.253464
1472.239377
1472.180977
1471.996839
1471.997354
1472.01559
1472.031355
1472.044587
1472.055233
1472.063252
1472.068615
1472.071302
17889069.1
17807789.83
17635706.47
17355712.27
16942106.36
16359091.56
15543010.06
14369187.08
12554994.43
10697812.42
6078320.372
124565.779
3503.979314
1604.773508
1481.631026
1472.827044
1472.286756
1472.258086
1472.256737
1472.256679
1472.256677
1472.256677
1472.256677
1472.256677
1472.256676
1472.256669
1472.25661
1472.256177
1472.253464
1472.239377
1472.180977
1471.996839
1471.997354
1472.01559
1472.031355
1472.044587
1472.055233
1472.063252
1472.068615
1472.071302
18389652.48
18300020.13
18115777.41
17831150.4
17444181.44
16960721.7
16358154.81
15444030.38
13387496.14
7680730.999
6838702.053
93946.74672
2910.36616
1561.46953
1477.997035
1472.576223
1472.272257
1472.257357
1472.256704
1472.256678
1472.256677
1472.256677
1472.256677
1472.256677
1472.256676
1472.256669
1472.25661
1472.256177
1472.253464
1472.239377
1472.180977
1471.996839
1471.997354
1472.01559
1472.031356
1472.044587
1472.055233
1472.063252
1472.068615
1472.071302
18907998.97
18804900.47
18596677.82
18288436.34
17909950.73
17546221.18
17331371.31
17268645.61
17334957.44
15526294.03
7377871.585
58052.08393
2369.315088
1523.719566
1475.168477
1472.401007
1472.263056
1472.256934
1472.256687
1472.256677
1472.256677
1472.256677
1472.256677
1472.256677
1472.256676
1472.256669
1472.25661
1472.256177
1472.253464
1472.239377
1472.180977
1471.996839
1471.997354
1472.01559
1472.031356
1472.044587
1472.055233
1472.063252
1472.068615
1472.071302
19452866.86
19330158.18
19081326.37
18718261.27
18302456.61
18025490.46
18251676.9
19292139.79
22775679.93
26947258.73
4387125.204
12044.80172
1742.653912
1486.646123
1472.9913
1472.291129
1472.258165
1472.256737
1472.256679
1472.256677
1472.256677
1472.256677
1472.256677
1472.256677
1472.256676
1472.256669
1472.25661
1472.256177
1472.253464
1472.239377
1472.180977
1471.996839
1471.997354
1472.01559
1472.031356
1472.044587
1472.055233
1472.063252
1472.068615
1472.071302
20028412.49
19883762.75
19574153.31
19108332.34
18577754.11
18305483.17
18532726.62
19340473.41
22046005.39
21116966.74
492406.7532
2555.652811
1518.374741
1474.837608
1472.397141
1472.26376
1472.257005
1472.256691
1472.256678
1472.256677
1472.256677
1472.256677
1472.256677
1472.256677
1472.256676
1472.256669
1472.25661
1472.256177
1472.253464
1472.239377
1472.180977
1471.996839
1471.997354
1472.01559
1472.031356
1472.044587
1472.055233
1472.063252
1472.068615
1472.071302
20625865.58
20459784.86
20073878.47
19465505.9
18731138.8
18256776.84
18283421.49
17078816.22
6395140.927
204884.9981
4255.655747
1630.704057
1484.297983
1473.097868
1472.308569
1472.259517
1472.256816
1472.256683
1472.256677
1472.256677
1472.256677
1472.256677
1472.256677
1472.256677
1472.256676
1472.256669
1472.25661
1472.256177
1472.253464
1472.239377
1472.180977
1471.996839
1471.997354
1472.01559
1472.031356
1472.044587
1472.055233
1472.063252
1472.068615
1472.071302
21235081.92
21061285.5
20600866.56
19830701.21
18705678.56
17886289.35
18319372.9
17209979.67
2369921.43
34181.18422
2613.758716
1569.084815
1480.367593
1472.839145
1472.29275
1472.258639
1472.256772
1472.256681
1472.256677
1472.256677
1472.256677
1472.256677
1472.256677
1472.256677
1472.256676
1472.256669
1472.25661
1472.256177
1472.253464
1472.239377
1472.180977
1471.996839
1471.997354
1472.01559
1472.031356
1472.044587
1472.055233
1472.063252
1472.068615
1472.071302
21846769.13
21686726.39
21177246.65
20407650.61
19394684
18350608.15
18205019.79
17893196.04
1942226.162
25299.37758
2412.42156
1553.337794
1478.936635
1472.725574
1472.285023
1472.258182
1472.256748
1472.25668
1472.256677
1472.256677
1472.256677
1472.256677
1472.256677
1472.256677
1472.256676
1472.256669
1472.25661
1472.256177
1472.253464
1472.239377
1472.180977
1471.996839
1471.997354
1472.01559
1472.031356
1472.044587
1472.055233
1472.063252
1472.068615
1472.071302
22484676.66
22390176.15
21814827.73
21193553.92
20309518.18
19258543.09
18092786.18
18004776.3
1534474.667
20178.37746
2275.727058
1541.405693
1477.822712
1472.63738
1472.279105
1472.257838
1472.256731
1472.256679
1472.256677
1472.256677
1472.256677
1472.256677
1472.256677
1472.256677
1472.256676
1472.256669
1472.25661
1472.256177
1472.253464
1472.239377
1472.180977
1471.996839
1471.997354
1472.01559
1472.031356
1472.044587
1472.055233
1472.063252
1472.068615
1472.071302
22583175.98
22587078.12
22448808.76
22110528.26
21237889.66
19864641.42
17810511.1
17648485.79
1198136.201
16406.09681
2164.484215
1531.466211
1476.90819
1472.56657
1472.274464
1472.257574
1472.256717
1472.256679
1472.256677
1472.256677
1472.256677
1472.256677
1472.256677
1472.256677
1472.256676
1472.256669
1472.25661
1472.256177
1472.253464
1472.239377
1472.180977
1471.996839
1471.997354
1472.015591
1472.031356
1472.044587
1472.055233
1472.063252
1472.068615
1472.071302
22575967.76
22581025.37
22481088.98
22387905.75
22078733.21
20226947.07
17510265.24
17260976.58
962560.749
13719.08641
2075.109897
1523.311859
1476.169594
1472.510644
1472.270884
1472.257376
1472.256708
1472.256678
1472.256677
1472.256677
1472.256677
1472.256677
1472.256677
1472.256677
1472.256676
1472.256669
1472.25661
1472.256177
1472.253464
1472.239377
1472.180977
1471.996839
1471.997354
1472.015591
1472.031356
1472.044587
1472.055233
1472.063252
1472.068615
1472.071302
22276056.81
21857246.64
21664500.86
22372705.04
21963458.96
19575938.06
17042399.85
16815554.83
789886.8853
11715.87656
2001.299437
1516.491724
1475.562566
1472.465685
1472.26807
1472.257223
1472.2567
1472.256678
1472.256677
1472.256677
1472.256677
1472.256677
1472.256677
1472.256677
1472.256676
1472.256669
1472.25661
1472.256177
1472.253464
1472.239377
1472.180977
1471.99684
1471.997354
1472.015591
1472.031356
1472.044587
1472.055233
1472.063252
1472.068615
1472.071302
19471606.04
19164438.86
18974852.22
19484103.87
18732530.19
17839517.21
16374484.14
16244561.66
665866.083
10164.8326
1938.572155
1510.661546
1475.054198
1472.428941
1472.265827
1472.257105
1472.256695
1472.256678
1472.256677
1472.256677
1472.256677
1472.256677
1472.256677
1472.256677
1472.256676
1472.256669
1472.25661
1472.256177
1472.253464
1472.239377
1472.180977
1471.99684
1471.997354
1472.015591
1472.031356
1472.044587
1472.055233
1472.063252
1472.068615
1472.071302
17006068.79
16797387.39
16557884.49
16399838.31
16190947.35
16097665.7
15307649.37
15472777.56
564083.292
8883.629254
1883.876809
1505.598326
1474.622813
1472.398553
1472.26402
1472.257012
1472.256691
1472.256678
1472.256677
1472.256677
1472.256677
1472.256677
1472.256677
1472.256677
1472.256676
1472.256669
1472.25661
1472.256177
1472.253464
1472.239377
1472.180977
1471.99684
1471.997354
1472.015591
1472.031356
1472.044587
1472.055233
1472.063252
1472.068615
1472.071302
15049269.8
14917929.59
14725342.19
14529263.32
14407302.53
14435242.68
14322964.46
14677132.34
447760.0818
7799.15891
1835.451527
1501.134238
1474.250655
1472.37292
1472.262526
1472.256936
1472.256687
1472.256677
1472.256677
1472.256677
1472.256677
1472.256677
1472.256677
1472.256677
1472.256676
1472.256669
1472.25661
1472.256177
1472.253464
1472.239377
1472.180977
1471.99684
1471.997354
1472.015591
1472.031356
1472.044587
1472.055233
1472.063252
1472.068615
1472.071302
13543518.14
13456829.48
13304796.67
13110720.5
12994485.13
13288059.99
14153912
12274639.49
348887.0385
6919.599712
1792.780122
1497.223107
1473.932785
1472.351616
1472.261318
1472.256877
1472.256685
1472.256677
1472.256677
1472.256677
1472.256677
1472.256677
1472.256677
1472.256677
1472.256676
1472.256669
1472.25661
1472.256177
1472.253464
1472.239377
1472.180977
1471.99684
1471.997354
1472.015591
1472.031356
1472.044587
1472.055233
1472.063252
1472.068615
1472.071302
12361373.7
12311768.48
12196396.53
11991140.92
11667663.53
11163978.99
10007255.78
8515158.043
291896.7495
6174.37277
1753.704651
1493.676446
1473.652077
1472.333336
1472.260311
1472.256829
1472.256683
1472.256677
1472.256677
1472.256677
1472.256677
1472.256677
1472.256677
1472.256677
1472.256676
1472.256669
1472.25661
1472.256177
1472.253464
1472.239377
1472.180977
1471.99684
1471.997354
1472.015591
1472.031356
1472.044587
1472.055233
1472.063252
1472.068616
1472.071302
11398249.27
11380246.62
11305604.93
11127810.65
10776358.81
10104002.2
8763679.484
8316266.259
248093.8026
5455.858242
1713.78174
1490.087623
1473.37536
1472.315834
1472.259377
1472.256785
1472.256681
1472.256677
1472.256677
1472.256677
1472.256677
1472.256677
1472.256677
1472.256677
1472.256676
1472.256669
1472.25661
1472.256177
1472.253464
1472.239377
1472.180977
1471.99684
1471.997354
1472.015591
1472.031356
1472.044587
1472.055233
1472.063252
1472.068616
1472.071302
10582719.53
10593709.42
10567813.03
10447507.64
10157049.42
9572961.748
8510068.343
8261204.006
205396.9269
4790.126353
1674.955415
1486.641806
1473.116906
1472.299966
1472.258555
1472.256748
1472.256679
1472.256677
1472.256677
1472.256677
1472.256677
1472.256677
1472.256677
1472.256677
1472.256676
1472.256669
1472.25661
1472.256177
1472.253464
1472.239377
1472.180977
1471.99684
1471.997354
1472.015591
1472.031356
1472.044587
1472.055233
1472.063253
1472.068616
1472.071302
9867822.634
9905119.338
9930504.718
9882223.336
9683015.325
9228492.264
8376528.775
8181840.346
173652.1362
4303.16937
1645.644016
1484.121791
1472.936104
1472.289355
1472.258029
1472.256726
1472.256679
1472.256677
1472.256677
1472.256677
1472.256677
1472.256677
1472.256677
1472.256677
1472.256676
1472.256669
1472.25661
1472.256177
1472.253464
1472.239377
1472.180977
1471.99684
1471.997354
1472.015591
1472.031356
1472.044587
1472.055233
1472.063253
1472.068616
1472.071302
9222562.91
9283263.345
9357479.091
9382150.745
9278669.384
8947905.341
8256925.568
8098656.897
149000.4742
3932.24159
1622.93134
1482.240665
1472.807451
1472.282166
1472.25769
1472.256712
1472.256678
1472.256677
1472.256677
1472.256677
1472.256677
1472.256677
1472.256677
1472.256677
1472.256676
1472.256669
1472.25661
1472.256177
1472.253464
1472.239377
1472.180977
1471.99684
1471.997354
1472.015591
1472.031356
1472.044587
1472.055233
1472.063253
1472.068616
1472.071302
8625521.335
8706707.734
8825304.522
8918362.887
8906092.278
8685798.602
8109559.655
7955064.139
128060.7527
3624.038395
1603.746917
1480.700151
1472.706217
1472.276738
1472.257445
1472.256703
1472.256678
1472.256677
1472.256677
1472.256677
1472.256677
1472.256677
1472.256677
1472.256677
1472.256676
1472.256669
1472.25661
1472.256177
1472.253464
1472.239377
1472.180977
1471.99684
1471.997354
1472.015591
1472.031356
1472.044587
1472.055233
1472.063253
1472.068616
1472.071302
8061931.386
8160386.413
8317968.18
8473794.138
8549053.299
8442240.306
8049360.656
7981113.775
111677.5065
3364.097397
1587.062079
1479.392607
1472.623218
1472.272448
1472.257258
1472.256695
1472.256678
1472.256677
1472.256677
1472.256677
1472.256677
1472.256677
1472.256677
1472.256677
1472.256676
1472.256669
1472.25661
1472.256177
1472.253464
1472.239377
1472.180977
1471.99684
1471.997354
1472.015591
1472.031356
1472.044587
1472.055233
1472.063253
1472.068616
1472.071302
7522361.625
7634325.456
7824461.351
8036064.509
8189996.24
8158770.92
7703495.752
7493829.339
94120.74867
3128.026586
1572.136961
1478.262512
1472.554045
1472.268999
1472.257113
1472.25669
1472.256677
1472.256677
1472.256677
1472.256677
1472.256677
1472.256677
1472.256677
1472.256677
1472.256676
1472.256669
1472.25661
1472.256177
1472.253464
1472.239377
1472.180977
1471.99684
1471.997354
1472.015591
1472.031356
1472.044587
1472.055233
1472.063253
1472.068616
1472.071302
7000952.531
7122242.017
7337535.977
7602206.685
7846089.563
7977163.247
7978204.695
8031170.577
86517.11103
2949.510621
1559.538
1477.309763
1472.497265
1472.266265
1472.257003
1472.256686
1472.256677
1472.256677
1472.256677
1472.256677
1472.256677
1472.256677
1472.256677
1472.256677
1472.256676
1472.256669
1472.25661
1472.256177
1472.253464
1472.239377
1472.180977
1471.99684
1471.997354
1472.015591
1472.031356
1472.044587
1472.055233
1472.063253
1472.068616
1472.071302
6494380.996
6620885.671
6852750.753
7162953.445
7469475.512
7639571.557
7418349.182
7254938.714
71065.86245
2766.234637
1548.14459
1476.502231
1472.45125
1472.264135
1472.25692
1472.256684
1472.256677
1472.256677
1472.256677
1472.256677
1472.256677
1472.256677
1472.256677
1472.256677
1472.256676
1472.256669
1472.25661
1472.256177
1472.253464
1472.239377
1472.180977
1471.99684
1471.997354
1472.015591
1472.031356
1472.044587
1472.055233
1472.063253
1472.068616
1472.071302
6002122.64
6133028.812
6383502.622
6734052.294
7103906.234
7386792.731
7541105.715
7555790.607
67088.49375
2649.719053
1539.045022
1475.820754
1472.412228
1472.262346
1472.256852
1472.256681
1472.256677
1472.256677
1472.256677
1472.256677
1472.256677
1472.256677
1472.256677
1472.256677
1472.256676
1472.256669
1472.25661
1472.256177
1472.253464
1472.239377
1472.180977
1471.99684
1471.997354
1472.015591
1472.031356
1472.044587
1472.055233
1472.063253
1472.068616
1472.071302
5522935.905
5663260.991
5941297.09
6326642.071
6716258.008
6984424.157
7344929.952
7606589.882
59704.03058
2497.149067
1528.373856
1475.087121
1472.373001
1472.260653
1472.25679
1472.256679
1472.256677
1472.256677
1472.256677
1472.256677
1472.256677
1472.256677
1472.256677
1472.256677
1472.256676
1472.256669
1472.25661
1472.256177
1472.253464
1472.239377
1472.180977
1471.99684
1471.997354
1472.015591
1472.031356
1472.044587
1472.055233
1472.063253
1472.068616
1472.071302
5049126.638
5211478.687
5539830.948
5977901.415
6332090.38
6140590.651
4199665.842
1984028.749
27069.82073
2220.431593
1515.048757
1474.339011
1472.337542
1472.259251
1472.256743
1472.256678
1472.256677
1472.256677
1472.256677
1472.256677
1472.256677
1472.256677
1472.256677
1472.256677
1472.256676
1472.256669
1472.25661
1472.256177
1472.253464
1472.239377
1472.180977
1471.99684
1471.997354
1472.015591
1472.031356
1472.044587
1472.055233
1472.063253
1472.068616
1472.071302
4566604.344
4769099.035
5194673.98
5785526.856
6343798.036
6457963.141
5276969.884
3360352.689
30283.43783
2169.263002
1508.36314
1473.84298
1472.312331
1472.258267
1472.256711
1472.256677
1472.256677
1472.256677
1472.256677
1472.256677
1472.256677
1472.256677
1472.256677
1472.256677
1472.256676
1472.256669
1472.25661
1472.256177
1472.253464
1472.239377
1472.180977
1471.99684
1471.997354
1472.015591
1472.031356
1472.044587
1472.055233
1472.063253
1472.068616
1472.071302
4048305.896
4306351.284
4866990.325
5714740.022
6752000.653
8061452.006
10356042.4
10587531.37
60156.97732
2180.413445
1502.44057
1473.395506
1472.291543
1472.257538
1472.25669
1472.256677
1472.256677
1472.256677
1472.256677
1472.256677
1472.256677
1472.256677
1472.256677
1472.256677
1472.256676
1472.256669
1472.25661
1472.256177
1472.253464
1472.239377
1472.180977
1471.99684
1471.997354
1472.015591
1472.031356
1472.044587
1472.055233
1472.063253
1472.068616
1472.071302
3459875.763
3761298.635
4411469.805
5413657.219
6832064.091
9320622.528
11167042.77
9899734.044
40337.13323
1953.566316
1490.732141
1472.867964
1472.27308
1472.257011
1472.256678
1472.256676
1472.256677
1472.256677
1472.256677
1472.256677
1472.256677
1472.256677
1472.256677
1472.256677
1472.256676
1472.256669
1472.25661
1472.256177
1472.253464
1472.239377
1472.180977
1471.99684
1471.997355
1472.015591
1472.031356
1472.044587
1472.055233
1472.063253
1472.068616
1472.071302
2758555.853
3033317.586
3588324.579
4398910.237
5365305.931
6323799.161
6648192.392
3100815.619
7405.549907
1646.598858
1478.866023
1472.45442
1472.261319
1472.256739
1472.256674
1472.256676
1472.256677
1472.256677
1472.256677
1472.256677
1472.256677
1472.256677
1472.256677
1472.256677
1472.256676
1472.256669
1472.25661
1472.256177
1472.253464
1472.239377
1472.180977
1471.99684
1471.997355
1472.015591
1472.031356
1472.044587
1472.055233
1472.063253
1472.068616
1472.071302
1984082.774
2171815.122
2521999.692
2967359.346
3264630.892
2910410.896
1426330.037
13249.48817
1876.395415
1495.152749
1473.176328
1472.286218
1472.257616
1472.256712
1472.256678
1472.256677
1472.256677
1472.256677
1472.256677
1472.256677
1472.256677
1472.256677
1472.256677
1472.256677
1472.256676
1472.256669
1472.25661
1472.256177
1472.253464
1472.239377
1472.180977
1471.99684
1471.997355
1472.015591
1472.031356
1472.044587
1472.055233
1472.063253
1472.068616
1472.071302
1278374.814
1375782.467
1539269.711
1686758.46
1623793.715
1091814.883
299513.9538
2186.287315
1518.932461
1475.240366
1472.414586
1472.267917
1472.257788
1472.256785
1472.256686
1472.256678
1472.256677
1472.256677
1472.256677
1472.256677
1472.256677
1472.256677
1472.256677
1472.256677
1472.256676
1472.256669
1472.25661
1472.256177
1472.253464
1472.239377
1472.180977
1471.99684
1471.997355
1472.015591
1472.031356
1472.044587
1472.055233
1472.063253
1472.068616
1472.071302
742659.8267
780877.5479
830568.6772
835814.0973
705103.8265
392888.7873
87558.01942
1810.02994
1487.745769
1473.154334
1472.30493
1472.260196
1472.256989
1472.2567
1472.256678
1472.256677
1472.256677
1472.256677
1472.256677
1472.256677
1472.256677
1472.256677
1472.256677
1472.256677
1472.256676
1472.256669
1472.25661
1472.256177
1472.253464
1472.239377
1472.180977
1471.99684
1471.997355
1472.015591
1472.031356
1472.044587
1472.055233
1472.063253
1472.068616
1472.071302
401702.86
410670.2287
412834.4106
381561.9081
288689.1109
145637.5859
33501.09927
1688.255392
1480.725
1472.673657
1472.268297
1472.255912
1472.256438
1472.256638
1472.256672
1472.256676
1472.256677
1472.256677
1472.256677
1472.256677
1472.256677
1472.256677
1472.256677
1472.256677
1472.256676
1472.256669
1472.25661
1472.256177
1472.253464
1472.239377
1472.180977
1471.99684
1471.997355
1472.015591
1472.031356
1472.044587
1472.055233
1472.063253
1472.068616
1472.071302
216938.9624
215635.8714
205744.9888
177303.2143
124933.5724
61627.84773
16327.0612
1621.47705
1477.533894
1472.491644
1472.257154
1472.254707
1472.25628
1472.256619
1472.25667
1472.256676
1472.256677
1472.256677
1472.256677
1472.256677
1472.256677
1472.256677
1472.256677
1472.256677
1472.256676
1472.256669
1472.25661
1472.256177
1472.253464
1472.239377
1472.180977
1471.99684
1471.997355
1472.015591
1472.031356
1472.044587
1472.055233
1472.063253
1472.068616
1472.071302
130003.3687
126596.434
116720.6916
96856.31564
66809.11731
34066.28293
10605.25715
1587.663292
1476.045834
1472.433992
1472.256432
1472.25472
1472.256271
1472.256617
1472.25667
1472.256676
1472.256677
1472.256677
1472.256677
1472.256677
1472.256677
1472.256677
1472.256677
1472.256677
1472.256676
1472.256669
1472.25661
1472.256177
1472.253464
1472.239377
1472.180977
1471.99684
1471.997355
1472.015591
1472.031356
1472.044587
1472.055233
1472.063253
1472.068616
1472.071302
97109.00176
94182.12899
86793.75254
73042.89168
52628.92565
29216.45216
10198.44271
1585.160136
1475.687727
1472.449777
1472.260919
1472.255216
1472.256313
1472.25662
1472.25667
1472.256676
1472.256677
1472.256677
1472.256677
1472.256677
1472.256677
1472.256677
1472.256677
1472.256677
1472.256676
1472.256669
1472.25661
1472.256177
1472.253464
1472.239377
1472.180977
1471.99684
1471.997354
1472.015591
1472.031356
1472.044587
1472.055233
1472.063253
1472.068616
1472.071302
98107.99215
97117.1639
93989.07698
86517.39962
71811.57609
47855.72246
18433.82478
1646.004226
1476.698169
1472.546202
1472.27137
1472.256273
1472.256412
1472.256629
1472.256671
1472.256676
1472.256677
1472.256677
1472.256677
1472.256677
1472.256677
1472.256677
1472.256677
1472.256677
1472.256676
1472.256669
1472.25661
1472.256177
1472.253464
1472.239377
1472.180977
1471.99684
1471.997354
1472.015591
1472.031356
1472.044587
1472.055233
1472.063253
1472.068616
1472.071302
134736.7293
139740.0871
149890.1395
164497.3344
178016.5717
168475.8037
90872.66979
2488.086308
1495.511386
1473.34414
1472.310102
1472.259171
1472.256682
1472.256653
1472.256673
1472.256676
1472.256677
1472.256677
1472.256677
1472.256677
1472.256677
1472.256677
1472.256677
1472.256677
1472.256676
1472.256669
1472.25661
1472.256177
1472.253464
1472.239377
1472.180977
1471.99684
1471.997354
1472.015591
1472.031356
1472.044587
1472.055233
1472.063253
1472.068616
1472.071302
232502.2236
256473.1712
314280.3812
430784.9099
650752.9741
989849.9315
1203421.954
535873.3569
2369.020426
1491.87079
1472.793154
1472.275522
1472.257589
1472.256724
1472.256678
1472.256677
1472.256677
1472.256677
1472.256677
1472.256677
1472.256677
1472.256677
1472.256677
1472.256677
1472.256676
1472.256669
1472.25661
1472.256177
1472.253464
1472.239377
1472.180977
1471.99684
1471.997354
1472.015591
1472.031356
1472.044587
1472.055233
1472.063253
1472.068616
1472.071302
444569.5072
517466.7049
708248.1948
1150439.101
2186509.919
4553165.956
9404292.297
13230695.35
10771.90521
1600.874449
1476.528308
1472.400338
1472.261912
1472.256905
1472.256688
1472.256678
1472.256677
1472.256677
1472.256677
1472.256677
1472.256677
1472.256677
1472.256677
1472.256677
1472.256676
1472.256669
1472.25661
1472.256177
1472.253464
1472.239377
1472.180977
1471.99684
1471.997354
1472.015591
1472.031356
1472.044587
1472.055233
1472.063253
1472.068616
1472.071302
838731.7357
1001264.15
1428513.471
2394747.844
4458581.94
8416495.86
14769682.17
16094660.92
112917.2721
2004.660246
1492.070215
1473.028172
1472.284967
1472.257669
1472.25671
1472.256678
1472.256677
1472.256677
1472.256677
1472.256677
1472.256677
1472.256677
1472.256677
1472.256677
1472.256676
1472.256669
1472.25661
1472.256177
1472.253464
1472.239377
1472.180977
1471.99684
1471.997354
1472.015591
1472.031356
1472.044587
1472.055233
1472.063253
1472.068616
1472.071302
1459843.822
1738052.549
2442985.904
3907352.375
6673246.551
11174028.18
17053883.91
17672714.93
1075832.765
3390.943962
1540.370999
1475.340053
1472.387309
1472.261823
1472.256867
1472.256683
1472.256677
1472.256677
1472.256677
1472.256677
1472.256677
1472.256677
1472.256677
1472.256677
1472.256676
1472.256669
1472.25661
1472.256177
1472.253464
1472.239377
1472.180977
1471.99684
1471.997354
1472.015591
1472.031356
1472.044587
1472.055233
1472.063253
1472.068616
1472.071302
2301196.21
2693389.805
3644642.494
5464883.557
8545458.779
13064450.3
18288271.33
18762774.72
4770674.805
8509.801287
1663.761496
1482.01037
1472.730739
1472.277988
1472.25757
1472.256712
1472.256678
1472.256677
1472.256677
1472.256677
1472.256677
1472.256677
1472.256677
1472.256677
1472.256676
1472.256669
1472.25661
1472.256177
1472.253464
1472.239377
1472.180977
1471.99684
1471.997354
1472.015591
1472.031356
1472.044587
1472.055233
1472.063253
1472.068616
1472.071302
3300285.152
3779469.096
4891599.958
6882128.295
9983738.412
14220632.51
18991404.69
19484704.4
10428347.58
28275.25791
1938.439465
1498.028251
1473.676659
1472.328753
1472.260069
1472.256826
1472.256683
1472.256677
1472.256677
1472.256677
1472.256677
1472.256677
1472.256677
1472.256677
1472.256676
1472.256669
1472.25661
1472.256177
1472.253464
1472.239377
1472.180977
1471.99684
1471.997354
1472.015591
1472.031356
1472.044587
1472.055233
1472.063253
1472.068616
1472.071302
4361546.262
4884888.08
6052701.425
8031972.646
10927634.32
14681309.05
18969374.74
19549600.68
12062101.54
82145.42246
2475.906794
1530.843391
1475.894047
1472.46375
1472.267533
1472.257207
1472.256701
1472.256678
1472.256677
1472.256677
1472.256677
1472.256677
1472.256677
1472.256677
1472.256676
1472.256669
1472.25661
1472.256177
1472.253464
1472.239377
1472.180977
1471.99684
1471.997354
1472.015591
1472.031356
1472.044587
1472.055233
1472.063253
1472.068616
1472.071302
5393487.859
5917034.987
7045961.845
8870777.084
11390504.02
14412693.29
17438918.12
17647677.13
12446420.61
197496.0515
3460.967808
1589.829907
1480.424121
1472.776328
1472.286888
1472.258303
1472.256759
1472.256681
1472.256677
1472.256677
1472.256677
1472.256677
1472.256677
1472.256677
1472.256676
1472.256669
1472.25661
1472.256177
1472.253464
1472.239377
1472.180977
1471.99684
1471.997354
1472.015591
1472.031356
1472.044587
1472.055233
1472.063253
1472.068616
1472.071302
6332059.886
6822248.89
7848627.361
9444475.168
11559426.21
14016152.35
16500887.09
17537583.08
15949455.73
416204.0624
5140.102174
1683.860229
1488.587077
1473.416502
1472.331294
1472.261088
1472.25692
1472.25669
1472.256678
1472.256677
1472.256677
1472.256677
1472.256677
1472.256677
1472.256676
1472.256669
1472.25661
1472.256177
1472.253464
1472.239377
1472.180977
1471.99684
1471.997354
1472.015591
1472.031356
1472.044587
1472.055233
1472.063253
1472.068616
1472.071302
7145192.822
7583259.009
8478860.843
9827407.485
11558796.15
13505852.07
15376765.95
16774322.23
16778612.94
709533.6522
7990.465521
1825.070349
1501.97301
1474.598896
1472.422918
1472.267445
1472.257322
1472.256713
1472.256679
1472.256677
1472.256677
1472.256677
1472.256677
1472.256677
1472.256676
1472.256669
1472.25661
1472.256177
1472.253464
1472.239377
1472.180977
1471.99684
1471.997354
1472.015591
1472.031356
1472.044587
1472.055233
1472.063253
1472.068616
1472.071302
7824041.179
8204167.097
8966926.521
10088902.42
11500617.24
13080253.76
14668700.42
16202970.19
16303281.94
1008093.104
12488.23006
2026.246942
1522.350769
1476.605141
1472.595591
1472.280639
1472.258236
1472.256771
1472.256682
1472.256677
1472.256677
1472.256677
1472.256677
1472.256677
1472.256676
1472.256669
1472.25661
1472.256177
1472.253464
1472.239377
1472.180977
1471.99684
1471.997354
1472.015591
1472.031356
1472.044587
1472.055233
1472.063253
1472.068616
1472.071302
8375695.752
8701580.861
9345969.894
10278075.41
11435219.95
12727432.11
14044634.29
15316767.36
15386606.74
1352641.274
19270.20451
2301.257149
1551.4696
1479.768051
1472.895895
1472.305769
1472.260127
1472.256901
1472.256691
1472.256678
1472.256677
1472.256677
1472.256677
1472.256677
1472.256676
1472.256669
1472.25661
1472.256177
1472.253464
1472.239377
1472.180977
1471.99684
1471.997354
1472.015591
1472.031356
1472.044587
1472.055233
1472.063252
1472.068616
1472.071302
8812916.612
9092682.185
9638914.582
10418324.9
11374412.77
12433982.92
13511073.07
14534444.82
14596954.13
1586534.861
28761.64156
2664.023626
1590.750921
1484.418956
1473.378986
1472.349696
1472.263693
1472.257164
1472.256708
1472.256679
1472.256677
1472.256677
1472.256677
1472.256677
1472.256676
1472.256669
1472.25661
1472.256177
1472.253464
1472.239377
1472.180977
1471.99684
1471.997354
1472.015591
1472.031356
1472.044587
1472.055233
1472.063252
1472.068616
1472.071302
9149370.771
9391914.072
9860417.546
10521238.2
11323667.91
12198816.87
13062565.76
13816959.91
13856364.32
1740852.717
40122.07256
3109.296863
1640.048788
1490.733412
1474.090984
1472.419448
1472.269746
1472.257638
1472.256742
1472.256681
1472.256677
1472.256677
1472.256677
1472.256677
1472.256676
1472.256669
1472.25661
1472.256177
1472.253464
1472.239377
1472.180977
1471.99684
1471.997354
1472.015591
1472.031356
1472.044587
1472.055233
1472.063252
1472.068616
1472.071302
9397914.461
9611396.912
10021163.28
10596385.57
11293427.04
12042168.24
12726337.64
13168100.92
13170966.55
1846583.89
52008.30971
3610.760944
1696.788141
1498.519564
1475.03495
1472.518131
1472.278815
1472.258384
1472.256798
1472.256685
1472.256678
1472.256677
1472.256677
1472.256677
1472.256676
1472.256669
1472.25661
1472.256177
1472.253464
1472.239377
1472.180977
1471.99684
1471.997354
1472.015591
1472.031356
1472.044587
1472.055233
1472.063252
1472.068616
1472.071302
9570294.769
9760442.027
10124761.1
10640871.75
11276813.2
11954591.44
12525465.88
12720283.63
12712125.88
2085670.863
64606.38611
4125.806804
1754.940767
1506.944234
1476.122456
1472.638452
1472.290433
1472.259382
1472.256875
1472.25669
1472.256678
1472.256677
1472.256677
1472.256677
1472.256676
1472.256669
1472.25661
1472.256177
1472.253464
1472.239377
1472.180977
1471.99684
1471.997354
1472.015591
1472.031356
1472.044587
1472.055233
1472.063252
1472.068616
1472.071302
9675706.736
9844963.849
10167390.2
10623652.27
11199757.37
11872317.91
12593778.61
12654856.64
12603071.8
2348247.707
77261.20616
4583.683234
1804.47843
1514.352839
1477.128461
1472.755386
1472.302233
1472.260435
1472.25696
1472.256697
1472.256678
1472.256677
1472.256677
1472.256677
1472.256676
1472.256669
1472.25661
1472.256177
1472.253464
1472.239377
1472.180977
1471.99684
1471.997354
1472.015591
1472.031356
1472.044587
1472.055233
1472.063252
1472.068616
1472.071302
9724333.791
9871840.778
10150157.42
10538496.92
11033740.55
11683833.87
12637686.42
12793937.2
12204064.75
2165920.39
74405.99739
4639.269817
1819.096333
1517.290606
1477.598687
1472.816362
1472.308898
1472.261069
1472.257013
1472.256701
1472.256679
1472.256677
1472.256677
1472.256677
1472.256676
1472.256669
1472.25661
1472.256177
1472.253464
1472.239377
1472.180977
1471.99684
1471.997354
1472.015591
1472.031356
1472.044587
1472.055233
1472.063252
1472.068615
1472.071302
9732530.04
9855490.479
10082263.71
10381232.22
10724634.3
11147020.07
11912627.94
12001290.98
7048392.438
1111583.88
43237.7825
3853.386353
1759.343826
1510.612101
1476.877995
1472.747014
1472.302948
1472.260609
1472.256981
1472.256699
1472.256678
1472.256677
1472.256677
1472.256677
1472.256676
1472.256669
1472.25661
1472.256177
1472.253464
1472.239377
1472.180977
1471.99684
1471.997354
1472.015591
1472.031356
1472.044587
1472.055233
1472.063252
1472.068615
1472.071302
9726118.352
9829503.683
10010077.29
10212804.43
10334979.69
10170178.52
9175630.469
8321891.352
2121370.138
256149.4075
14580.81792
2688.721049
1643.129577
1495.919206
1475.146102
1472.566138
1472.286122
1472.259198
1472.256873
1472.256691
1472.256678
1472.256677
1472.256677
1472.256677
1472.256676
1472.256669
1472.25661
1472.256177
1472.253464
1472.239377
1472.180977
1471.99684
1471.997354
1472.015591
1472.031356
1472.044587
1472.055233
1472.063252
1472.068615
1472.071302
)
;

boundaryField
{
    lowerWall
    {
        type            calculated;
        value           nonuniform List<scalar> 
80
(
1472.071302
1472.071302
1472.071302
1472.071302
1472.071302
1472.071302
1472.071302
1472.071302
1472.071302
1472.071302
1472.071302
1472.071302
1472.071302
1472.071302
1472.071302
1472.071302
1472.071302
1472.071302
1472.071302
1472.071302
1472.071302
1472.071302
1472.071302
1472.071302
1472.071302
1472.071302
1472.071302
1472.071302
1472.071302
1472.071302
1472.071302
1472.071302
1472.071302
1472.071302
1472.071302
1472.071302
1472.071302
1472.071302
1472.071302
1472.071302
1472.071302
1472.071302
1472.071302
1472.071302
1472.071302
1472.071302
1472.071302
1472.071302
1472.071302
1472.071302
1472.071302
1472.071302
1472.071302
1472.071302
1472.071302
1472.071302
1472.071302
1472.071302
1472.071302
1472.071302
1472.071302
1472.071302
1472.071302
1472.071302
1472.071302
1472.071302
1472.071302
1472.071302
1472.071302
1472.071302
1472.071302
1472.071302
1472.071302
1472.071302
1472.071302
1472.071302
1472.071302
1472.071302
1472.071302
1472.071302
)
;
    }
    atmosphere
    {
        type            calculated;
        value           nonuniform List<scalar> 
80
(
12234078.15
12034283.34
11849089.83
11743306.66
11752791.41
11887723
12136144.57
12477350.11
12888739.29
13350959.02
13852779.77
14375307.97
14900064.15
15416133.75
15921719.08
16418319.15
16909069.98
17397729.73
17889069.1
18389652.48
18907998.97
19452866.86
20028412.49
20625865.58
21235081.92
21846769.13
22484676.66
22583175.98
22575967.76
22276056.81
19471606.04
17006068.79
15049269.8
13543518.14
12361373.7
11398249.27
10582719.53
9867822.634
9222562.91
8625521.335
8061931.386
7522361.625
7000952.531
6494380.996
6002122.64
5522935.905
5049126.638
4566604.344
4048305.896
3459875.763
2758555.853
1984082.774
1278374.814
742659.8267
401702.86
216938.9624
130003.3687
97109.00176
98107.99215
134736.7293
232502.2236
444569.5072
838731.7357
1459843.822
2301196.21
3300285.152
4361546.262
5393487.859
6332059.886
7145192.822
7824041.179
8375695.752
8812916.612
9149370.771
9397914.461
9570294.769
9675706.736
9724333.791
9732530.04
9726118.352
)
;
    }
    rightWall
    {
        type            empty;
    }
    leftWall
    {
        type            empty;
    }
    frontAndBack
    {
        type            calculated;
        value           nonuniform List<scalar> 
80
(
12234041
12383283.14
12605738.08
12636765.37
12638359.2
12550761.57
12587777.37
12473777.13
129820.6701
2556.80022
1519.472086
1474.107846
1472.15675
1472.082809
1472.080023
1472.079901
1472.079894
1472.079894
1472.079894
1472.079894
1472.079894
1472.079894
1472.079894
1472.079894
1472.079893
1472.079886
1472.079827
1472.079394
1472.076681
1472.062596
1472.004201
1471.820082
1471.820596
1471.838831
1471.854595
1471.867824
1471.878469
1471.886488
1471.89185
1471.894537
9726078.734
9829464.138
10010037.88
10212765.18
10334940.53
10170139.23
9175590.516
8321851.066
2121341.111
256140.5712
14579.70925
2688.43178
1642.936098
1495.740089
1474.969033
1472.389324
1472.109336
1472.082415
1472.08009
1472.079908
1472.079895
1472.079894
1472.079894
1472.079894
1472.079893
1472.079886
1472.079827
1472.079394
1472.076681
1472.062596
1472.004201
1471.820082
1471.820596
1471.838831
1471.854595
1471.867825
1471.878469
1471.886488
1471.891851
1471.894537
)
;
    }
}


// ************************************************************************* //
