/*--------------------------------*- C++ -*----------------------------------*\
| =========                 |                                                 |
| \\      /  F ield         | OpenFOAM: The Open Source CFD Toolbox           |
|  \\    /   O peration     | Version:  2506                                  |
|   \\  /    A nd           | Website:  www.openfoam.com                      |
|    \\/     M anipulation  |                                                 |
\*---------------------------------------------------------------------------*/
FoamFile
{
    version     2.0;
    format      ascii;
    arch        "LSB;label=32;scalar=64";
    class       volScalarField;
    location    "0.003";
    object      T;
}
// * * * * * * * * * * * * * * * * * * * * * * * * * * * * * * * * * * * * * //

dimensions      [0 0 0 1 0 0 0];

internalField   nonuniform List<scalar> 
3200
(
1686.660144
1699.242428
1718.116841
1720.761217
1720.892717
1713.439012
1716.587909
1706.906073
494.3827682
315.1066123
300.8269126
300.0358296
300.0013586
300.0000515
300.0000023
300.0000001
300
300
300
300
300
300
300
300
300
299.9999999
299.9999988
299.9999912
299.9999432
299.9996942
299.9986619
299.9954067
299.9954158
299.9957382
299.9960169
299.9962508
299.996439
299.9965808
299.9966756
299.9967231
1669.91287
1680.028993
1696.087294
1716.922647
1719.373092
1713.413977
1714.84446
1708.785089
503.1113433
317.4912836
301.0634579
300.0511319
300.0021381
300.0000879
300.0000041
300.0000002
300
300
300
300
300
300
300
300
300
299.9999999
299.9999988
299.9999912
299.9999432
299.9996942
299.9986619
299.9954067
299.9954158
299.9957382
299.9960169
299.9962508
299.996439
299.9965808
299.9966756
299.9967231
1654.485027
1661.478149
1673.893179
1688.526755
1697.405907
1700.053146
1697.594449
1690.476102
498.0307312
319.4742722
301.3318213
300.0726124
300.0035723
300.0001847
300.0000113
300.0000008
300.0000001
300
300
300
300
300
300
300
300
299.9999999
299.9999988
299.9999912
299.9999432
299.9996942
299.9986619
299.9954067
299.9954158
299.9957382
299.9960169
299.9962508
299.996439
299.9965808
299.9966756
299.9967231
1645.712391
1651.188201
1661.212283
1673.882185
1685.376089
1692.203977
1691.099938
1689.316295
510.7585341
322.7222519
301.7234082
300.1102869
300.0071285
300.0005339
300.0000457
300.000004
300.0000003
300
300
300
300
300
300
300
300
299.9999999
299.9999988
299.9999912
299.9999432
299.9996942
299.9986619
299.9954067
299.9954158
299.9957382
299.9960169
299.9962508
299.996439
299.9965808
299.9966756
299.9967231
1646.497808
1651.19462
1660.094316
1671.717534
1683.39519
1691.69621
1693.898109
1693.288103
533.593957
327.6485514
302.4292171
300.2033622
300.0194093
300.0020882
300.0002259
300.0000229
300.0000021
300.0000002
300
300
300
300
300
300
300
299.9999999
299.9999988
299.9999912
299.9999432
299.9996942
299.9986619
299.9954067
299.9954158
299.9957382
299.9960169
299.9962508
299.996439
299.9965808
299.9966756
299.9967231
1657.696026
1661.754193
1669.571324
1679.84118
1690.219039
1697.063387
1698.815055
1698.51217
564.4119385
336.3523614
304.2318445
300.5390795
300.075068
300.0100811
300.0012188
300.0001308
300.0000125
300.0000011
300.0000001
300
300
300
300
300
300
299.9999999
299.9999988
299.9999912
299.9999432
299.9996942
299.9986619
299.9954067
299.9954158
299.9957382
299.9960169
299.9962508
299.996439
299.9965808
299.9966756
299.9967231
1678.437479
1681.909965
1688.515055
1696.762243
1704.108259
1706.83694
1704.832198
1705.222269
637.2783225
365.408825
312.1241901
302.2086189
300.3625803
300.0514851
300.0063225
300.0006802
300.000065
300.0000056
300.0000004
300
300
300
300
300
300
299.9999999
299.9999988
299.9999912
299.9999432
299.9996942
299.9986619
299.9954067
299.9954158
299.9957382
299.9960169
299.9962508
299.996439
299.9965808
299.9966756
299.9967231
1707.202643
1709.960344
1714.960487
1720.605068
1723.719256
1719.465176
1698.345728
1695.343345
936.4948419
477.9773694
343.7867163
308.9589713
301.5190674
300.2164694
300.026449
300.0028247
300.000268
300.0000229
300.0000018
300.0000001
300
300
300
300
300
299.9999999
299.9999988
299.9999912
299.9999432
299.9996942
299.9986619
299.9954067
299.9954158
299.9957382
299.9960169
299.9962508
299.996439
299.9965808
299.9966756
299.9967231
1742.340712
1744.254524
1747.553197
1750.951177
1751.605705
1744.806429
1714.442365
1677.196826
1685.691667
837.3795974
442.142669
329.1983184
304.8948438
300.6881855
300.0829866
300.0087534
300.000821
300.0000694
300.0000053
300.0000004
300
300
300
300
300
299.9999999
299.9999988
299.9999912
299.9999432
299.9996942
299.9986619
299.9954067
299.9954158
299.9957382
299.9960169
299.9962508
299.996439
299.9965808
299.9966756
299.9967231
1782.463766
1783.338944
1785.06933
1787.130541
1788.980418
1789.828224
1790.989259
1808.350267
1883.025592
1636.415135
638.3646457
368.322445
311.1838125
301.536148
300.1812886
300.0187426
300.0017255
300.0001434
300.0000109
300.0000008
300
300
300
300
300
299.9999999
299.9999988
299.9999912
299.9999432
299.9996942
299.9986619
299.9954067
299.9954158
299.9957382
299.9960169
299.9962508
299.996439
299.9965808
299.9966756
299.9967231
1826.86318
1826.876414
1827.096733
1827.184223
1826.459002
1825.91316
1833.78576
1880.491739
2043.872404
2115.602044
786.8590033
404.5322888
317.1737741
302.3115451
300.2649814
300.0265387
300.0023663
300.0001906
300.000014
300.000001
300.0000001
300
300
300
300
299.9999999
299.9999988
299.9999912
299.9999432
299.9996942
299.9986619
299.9954067
299.9954158
299.9957382
299.9960169
299.9962508
299.996439
299.9965808
299.9966756
299.9967231
1874.107615
1873.153633
1871.02565
1866.552559
1857.808777
1844.232032
1830.502806
1837.926077
1898.722319
1912.486666
812.0855942
422.6653568
320.9434134
302.8191509
300.3170527
300.0308508
300.0026585
300.0002064
300.0000146
300.000001
300.0000001
300
300
300
300
299.9999999
299.9999988
299.9999912
299.9999432
299.9996942
299.9986619
299.9954067
299.9954158
299.9957382
299.9960169
299.9962508
299.996439
299.9965808
299.9966756
299.9967231
1922.689222
1920.435449
1914.913366
1903.838075
1883.612874
1849.911361
1799.857779
1741.406792
1693.925038
1666.90702
798.0364063
425.5029296
321.4938131
302.832848
300.3078542
300.0287524
300.0023716
300.0001762
300.000012
300.0000008
300
300
300
300
300
299.9999999
299.9999988
299.9999912
299.9999432
299.9996942
299.9986619
299.9954067
299.9954158
299.9957382
299.9960169
299.9962508
299.996439
299.9965808
299.9966756
299.9967231
1971.677158
1967.862296
1958.650333
1940.734931
1908.749845
1854.626258
1767.446988
1641.770403
1406.255876
1233.503094
800.4702865
426.5600987
321.0149754
302.652144
300.2739088
300.0242047
300.0018854
300.0001323
300.0000085
300.0000005
300
300
300
300
300
299.9999999
299.9999988
299.9999912
299.9999432
299.9996942
299.9986619
299.9954067
299.9954158
299.9957382
299.9960169
299.9962508
299.996439
299.9965808
299.9966756
299.9967231
2020.936399
2015.680236
2003.221443
1979.692173
1938.764692
1870.867797
1762.453419
1599.875269
1346.63302
1225.882191
843.2587411
434.6942706
321.3663139
302.540545
300.2453187
300.0201869
300.0014618
300.0000953
300.0000057
300.0000003
300
300
300
300
300
299.9999999
299.9999988
299.9999912
299.9999432
299.9996942
299.9986619
299.9954067
299.9954158
299.9957382
299.9960169
299.9962508
299.996439
299.9965808
299.9966756
299.9967231
2070.644966
2064.209295
2049.373951
2022.255209
1976.688508
1903.594478
1791.69016
1629.225224
1401.935465
1298.396699
948.5009027
455.8569055
323.5033067
302.6129408
300.2332426
300.0176223
300.0011676
300.0000696
300.0000038
300.0000002
300
300
300
300
300
299.9999999
299.9999988
299.9999912
299.9999432
299.9996942
299.9986619
299.9954067
299.9954158
299.9957382
299.9960169
299.9962508
299.996439
299.9965808
299.9966756
299.9967231
2121.16612
2113.811843
2097.34623
2068.381695
2021.707197
1950.217207
1846.133878
1703.169959
1526.635121
1459.96264
1009.047779
469.718674
324.4569141
302.5602462
300.2133443
300.0149506
300.0009142
300.0000501
300.0000025
300.0000001
300
300
300
300
300
299.9999999
299.9999988
299.9999912
299.9999432
299.9996942
299.9986619
299.9954067
299.9954158
299.9957382
299.9960169
299.9962508
299.996439
299.9965808
299.9966756
299.9967231
2172.968022
2164.834531
2147.188739
2117.466378
2071.833374
2005.441872
1913.650259
1799.428461
1701.409279
1707.817622
1144.685017
494.3251696
326.6676523
302.6355724
300.2056517
300.013391
300.0007555
300.000038
300.0000017
300.0000001
300
300
300
300
300
299.9999999
299.9999988
299.9999912
299.9999432
299.9996942
299.9986619
299.9954067
299.9954158
299.9957382
299.9960169
299.9962508
299.996439
299.9965808
299.9966756
299.9967231
2226.685272
2217.680544
2198.773061
2168.452114
2124.619851
2064.643888
1983.916789
1873.547857
1713.795267
1560.414293
1198.998563
491.3938232
324.4461798
302.2601607
300.1652699
300.0100803
300.0005317
300.0000249
300.0000011
300
300
300
300
300
300
299.9999999
299.9999988
299.9999912
299.9999432
299.9996942
299.9986619
299.9954067
299.9954158
299.9957382
299.9960169
299.9962508
299.996439
299.9965808
299.9966756
299.9967231
2283.239366
2272.970577
2252.060325
2220.263672
2177.974426
2126.568977
2064.549135
1974.36149
1785.66609
1323.66696
1258.393131
471.9656468
318.875868
301.5390321
300.101305
300.0056478
300.0002754
300.000012
300.0000005
300
300
300
300
300
300
299.9999999
299.9999988
299.9999912
299.9999432
299.9996942
299.9986619
299.9954067
299.9954158
299.9957382
299.9960169
299.9962508
299.996439
299.9965808
299.9966756
299.9967231
2343.9158
2331.666691
2307.20458
2271.648109
2229.006506
2189.02376
2165.841458
2159.132144
2166.225833
1982.299636
1300.216099
442.2388723
312.9277399
300.8968585
300.0514276
300.0025511
300.0001128
300.0000045
300.0000002
300
300
300
300
300
300
299.9999999
299.9999988
299.9999912
299.9999432
299.9996942
299.9986619
299.9954067
299.9954158
299.9957382
299.9960169
299.9962508
299.996439
299.9965808
299.9966756
299.9967231
2410.23673
2395.060802
2364.719212
2321.443789
2273.248873
2241.908492
2267.45843
2390.387847
2889.743443
3851.745069
1062.551847
367.2674827
304.4545292
300.2533333
300.0129826
300.000609
300.0000263
300.0000011
300
300
300
300
300
300
300
299.9999999
299.9999988
299.9999912
299.9999432
299.9996942
299.9986619
299.9954067
299.9954158
299.9957382
299.9960169
299.9962508
299.996439
299.9965808
299.9966756
299.9967231
2483.408374
2464.698996
2425.379363
2367.984758
2304.999418
2273.594634
2299.764277
2396.331024
2770.886633
2631.852496
616.2394785
315.0905726
300.8048823
300.045588
300.0024828
300.0001252
300.0000058
300.0000002
300
300
300
300
300
300
300
299.9999999
299.9999988
299.9999912
299.9999432
299.9996942
299.9986619
299.9954067
299.9954158
299.9957382
299.9960169
299.9962508
299.996439
299.9965808
299.9966756
299.9967231
2563.12966
2540.558912
2489.335083
2411.808045
2322.959217
2268.039067
2271.075915
2138.985256
1223.828525
530.0456212
330.4960787
302.6843572
300.2121312
300.0148655
300.0009172
300.0000502
300.0000025
300.0000001
300
300
300
300
300
300
300
299.9999999
299.9999988
299.9999912
299.9999432
299.9996942
299.9986619
299.9954067
299.9954158
299.9957382
299.9960169
299.9962508
299.996439
299.9965808
299.9966756
299.9967231
2648.846103
2623.905832
2559.711315
2457.890893
2319.96441
2226.376512
2275.182352
2152.880681
878.6342145
413.6922987
315.7387413
301.667028
300.1430458
300.0102941
300.0006376
300.0000347
300.0000017
300.0000001
300
300
300
300
300
300
300
299.9999999
299.9999988
299.9999912
299.9999432
299.9996942
299.9986619
299.9954067
299.9954158
299.9957382
299.9960169
299.9962508
299.996439
299.9965808
299.9966756
299.9967231
2739.988078
2715.613145
2640.501784
2533.540394
2403.023101
2278.758387
2262.155847
2227.143775
832.8463302
399.1030307
313.440075
301.4017882
300.1178561
300.0082872
300.000501
300.0000266
300.0000013
300.0000001
300
300
300
300
300
300
300
299.9999999
299.9999988
299.9999912
299.9999432
299.9996942
299.9986619
299.9954067
299.9954158
299.9957382
299.9960169
299.9962508
299.996439
299.9965808
299.9966756
299.9967231
2841.216766
2825.787724
2735.09216
2642.849989
2520.414062
2386.269643
2249.469331
2239.588076
784.778623
388.8151653
311.7887264
301.1993305
300.0982333
300.0067286
300.0003964
300.0000205
300.0000009
300
300
300
300
300
300
300
300
299.9999999
299.9999988
299.9999912
299.9999432
299.9996942
299.9986619
299.9954067
299.9954158
299.9957382
299.9960169
299.9962508
299.996439
299.9965808
299.9966756
299.9967231
2857.468071
2858.115496
2835.342091
2781.029085
2649.252348
2462.24225
2217.981248
2200.169933
740.2423663
379.8674304
310.3840571
301.0296966
300.0821141
300.0054772
300.0003144
300.0000159
300.0000007
300
300
300
300
300
300
300
300
299.9999999
299.9999988
299.9999912
299.9999432
299.9996942
299.9986619
299.9954067
299.9954158
299.9957382
299.9960169
299.9962508
299.996439
299.9965808
299.9966756
299.9967231
2856.272847
2857.11137
2840.628124
2825.418965
2776.022718
2509.453618
2185.122104
2158.313639
705.0551226
372.4682684
309.2121781
300.8898518
300.0690898
300.0044888
300.0002511
300.0000124
300.0000005
300
300
300
300
300
300
300
300
299.9999999
299.9999988
299.9999912
299.9999432
299.9996942
299.9986619
299.9954067
299.9954158
299.9957382
299.9960169
299.9962508
299.996439
299.9965808
299.9966756
299.9967231
2807.362715
2741.597478
2712.258657
2822.952376
2758.008817
2425.603263
2135.14702
2111.426594
676.1707257
366.1802772
308.2128671
300.772415
300.0583814
300.0036942
300.0002014
300.0000097
300.0000004
300
300
300
300
300
300
300
300
299.9999999
299.9999988
299.9999912
299.9999432
299.9996942
299.9986619
299.9954067
299.9954158
299.9957382
299.9960169
299.9962508
299.996439
299.9965808
299.9966756
299.9967231
2412.566981
2374.790287
2351.908208
2414.122996
2323.12304
2221.189808
2066.201564
2053.09614
653.1457583
360.7063394
307.3396397
300.6716796
300.0494107
300.0030448
300.0001617
300.0000076
300.0000003
300
300
300
300
300
300
300
300
299.9999999
299.9999988
299.9999912
299.9999432
299.9996942
299.9986619
299.9954067
299.9954158
299.9957382
299.9960169
299.9962508
299.996439
299.9965808
299.9966756
299.9967231
2131.326215
2109.540739
2084.866435
2068.770281
2047.715717
2038.392523
1961.274443
1977.131676
632.3037775
355.6662608
306.559152
300.5839362
300.0417965
300.0025077
300.0001298
300.0000059
300.0000002
300
300
300
300
300
300
300
300
299.9999999
299.9999988
299.9999912
299.9999432
299.9996942
299.9986619
299.9954067
299.9954158
299.9957382
299.9960169
299.9962508
299.996439
299.9965808
299.9966756
299.9967231
1936.72463
1924.364443
1906.380936
1888.238241
1877.036055
1879.596862
1869.325706
1901.904121
605.5019632
350.9310042
305.8524982
300.5063739
300.0352262
300.0020547
300.0001034
300.0000046
300.0000002
300
300
300
300
300
300
300
300
299.9999999
299.9999988
299.9999912
299.9999432
299.9996942
299.9986619
299.9954067
299.9954158
299.9957382
299.9960169
299.9962508
299.996439
299.9965808
299.9966756
299.9967231
1799.393424
1791.755664
1778.424429
1761.521457
1751.457972
1776.96168
1853.957716
1690.049257
579.0890964
346.6915482
305.2170374
300.4382631
300.0296132
300.0016781
300.000082
300.0000035
300.0000001
300
300
300
300
300
300
300
300
299.9999999
299.9999988
299.9999912
299.9999432
299.9996942
299.9986619
299.9954067
299.9954158
299.9957382
299.9960169
299.9962508
299.996439
299.9965808
299.9966756
299.9967231
1697.388168
1693.202158
1683.493191
1666.310752
1639.456545
1598.149178
1505.266699
1388.338014
561.6346451
342.7507575
304.6241609
300.3763728
300.0246557
300.001355
300.0000642
300.0000027
300.0000001
300
300
300
300
300
300
300
300
299.9999999
299.9999988
299.9999912
299.9999432
299.9996942
299.9986619
299.9954067
299.9954158
299.9957382
299.9960169
299.9962508
299.996439
299.9965808
299.9966756
299.9967231
1617.288472
1615.813285
1609.704875
1595.205211
1566.741571
1512.94469
1407.662426
1372.900534
546.6499646
338.5748363
304.0071339
300.3136235
300.0197678
300.0010456
300.0000477
300.0000019
300.0000001
300
300
300
300
300
300
300
300
299.9999999
299.9999988
299.9999912
299.9999432
299.9996942
299.9986619
299.9954067
299.9954158
299.9957382
299.9960169
299.9962508
299.996439
299.9965808
299.9966756
299.9967231
1551.164379
1552.046549
1549.968176
1540.328905
1517.160811
1470.969985
1387.942949
1368.630168
530.2554093
334.2933764
303.3956411
300.2532576
300.0152019
300.0007652
300.0000332
300.0000013
300
300
300
300
300
300
300
300
300
299.9999999
299.9999988
299.9999912
299.9999432
299.9996942
299.9986619
299.9954067
299.9954158
299.9957382
299.9960169
299.9962508
299.996439
299.9965808
299.9966756
299.9967231
1494.226449
1497.176802
1499.186079
1495.365375
1479.636425
1443.940002
1377.575837
1362.477354
516.5157411
330.8486872
302.9262505
300.2090375
300.0120074
300.0005776
300.0000239
300.0000009
300
300
300
300
300
300
300
300
300
299.9999999
299.9999988
299.9999912
299.9999432
299.9996942
299.9986619
299.9954067
299.9954158
299.9957382
299.9960169
299.9962508
299.996439
299.9965808
299.9966756
299.9967231
1443.475914
1448.228703
1454.045246
1455.980233
1447.86886
1422.017336
1368.298408
1356.030912
504.6147356
328.0080111
302.5577886
300.1759881
300.0097341
300.0004505
300.0000179
300.0000006
300
300
300
300
300
300
300
300
300
299.9999999
299.9999988
299.9999912
299.9999432
299.9996942
299.9986619
299.9954067
299.9954158
299.9957382
299.9960169
299.9962508
299.996439
299.9965808
299.9966756
299.9967231
1396.914524
1403.228682
1412.46116
1419.713458
1418.756755
1401.602056
1356.875708
1344.907781
493.3891843
325.4786106
302.2432512
300.1488971
300.0079451
300.0003546
300.0000136
300.0000005
300
300
300
300
300
300
300
300
300
299.9999999
299.9999988
299.9999912
299.9999432
299.9996942
299.9986619
299.9954067
299.9954158
299.9957382
299.9960169
299.9962508
299.996439
299.9965808
299.9966756
299.9967231
1353.185518
1360.814516
1373.032549
1385.125873
1390.971429
1382.676001
1352.211661
1346.925286
483.6786081
323.2066233
301.967173
300.1258849
300.0064784
300.0002788
300.0000103
300.0000003
300
300
300
300
300
300
300
300
300
299.9999999
299.9999988
299.9999912
299.9999432
299.9996942
299.9986619
299.9954067
299.9954158
299.9957382
299.9960169
299.9962509
299.996439
299.9965808
299.9966756
299.9967231
1311.405682
1320.074308
1334.794624
1351.181654
1363.109541
1360.68931
1325.429366
1309.19639
472.0879028
321.0168262
301.7181845
300.1059823
300.0052559
300.0002178
300.0000077
300.0000002
300
300
300
300
300
300
300
300
300
299.9999999
299.9999988
299.9999912
299.9999432
299.9996942
299.9986619
299.9954068
299.9954158
299.9957382
299.9960169
299.9962509
299.996439
299.9965808
299.9966756
299.9967231
1270.994936
1280.404912
1297.091588
1317.587668
1336.469222
1346.619314
1346.699975
1350.802549
466.588084
319.2702581
301.5064858
300.0891932
300.0042524
300.0001695
300.0000058
300.0000002
300
300
300
300
300
300
300
300
300
299.9999999
299.9999988
299.9999912
299.9999432
299.9996942
299.9986619
299.9954068
299.9954158
299.9957382
299.9960169
299.9962509
299.996439
299.9965808
299.9966756
299.9967231
1231.579281
1241.443743
1259.484998
1283.561749
1307.31054
1320.480457
1303.35119
1290.691833
454.2450595
317.3855772
301.3138302
300.0749561
300.0034391
300.0001318
300.0000043
300.0000001
300
300
300
300
300
300
300
300
300
299.9999999
299.9999988
299.9999912
299.9999432
299.9996942
299.9986619
299.9954068
299.9954158
299.9957382
299.9960169
299.9962509
299.996439
299.9965808
299.9966756
299.9967231
1193.004308
1203.296561
1222.918796
1250.254888
1278.982865
1300.907098
1312.857001
1313.993994
450.7582692
316.1340323
301.1591233
300.0629365
300.0027494
300.0001002
300.0000031
300.0000001
300
300
300
300
300
300
300
300
300
299.9999999
299.9999988
299.9999912
299.9999432
299.9996942
299.9986619
299.9954068
299.9954158
299.9957382
299.9960169
299.9962509
299.996439
299.9965808
299.9966756
299.9967231
1155.057848
1166.219411
1188.212294
1218.471753
1248.87019
1269.71198
1297.66438
1317.927019
443.8651081
314.4257431
300.9767358
300.0499918
300.0020561
300.0000703
300.000002
300
300
300
300
300
300
300
300
300
300
299.9999999
299.9999988
299.9999912
299.9999432
299.9996942
299.9986619
299.9954068
299.9954158
299.9957382
299.9960169
299.9962509
299.996439
299.9965808
299.9966756
299.9967231
1116.996809
1130.109963
1156.404093
1191.096858
1218.898042
1203.890268
1046.787204
837.5013734
402.2895943
311.0976844
300.7475127
300.0367862
300.0014293
300.0000455
300.0000012
300
300
300
300
300
300
300
300
300
300
299.9999999
299.9999988
299.9999912
299.9999432
299.9996942
299.9986619
299.9954068
299.9954158
299.9957382
299.9960169
299.9962509
299.996439
299.9965808
299.9966756
299.9967231
1077.488207
1094.174729
1128.756344
1175.909559
1219.813947
1228.736332
1135.377516
973.5771174
407.6916891
310.4455963
300.6318792
300.0280273
300.0009837
300.0000281
300.0000006
300
300
300
300
300
300
300
300
300
300
299.9999999
299.9999988
299.9999912
299.9999432
299.9996942
299.9986619
299.9954068
299.9954158
299.9957382
299.9960169
299.9962509
299.996439
299.9965808
299.9966756
299.9967231
1033.923005
1055.780678
1102.184294
1170.303164
1251.651302
1353.148379
1533.017717
1551.550603
444.305262
310.5887579
300.5290907
300.0201237
300.0006163
300.0000152
300.0000002
300
300
300
300
300
300
300
300
300
300
299.9999999
299.9999988
299.9999912
299.9999432
299.9996942
299.9986619
299.9954068
299.9954158
299.9957382
299.9960169
299.9962509
299.996439
299.9965808
299.9966756
299.9967231
982.5273909
1009.154339
1064.586463
1146.33344
1257.877176
1451.155898
1598.398715
1496.750673
422.2006475
307.5504526
300.3249018
300.0108033
300.0002899
300.0000059
300
300
300
300
300
300
300
300
300
300
300
299.9999999
299.9999988
299.9999912
299.9999432
299.9996942
299.9986619
299.9954068
299.9954158
299.9957382
299.9960169
299.9962509
299.996439
299.9965808
299.9966756
299.9967231
917.3734394
943.520167
993.9584865
1063.537139
1142.46362
1218.249302
1243.570924
949.8113251
349.0832497
302.941649
300.1166125
300.0034951
300.0000821
300.0000011
299.9999999
300
300
300
300
300
300
300
300
300
300
299.9999999
299.9999988
299.9999912
299.9999432
299.9996942
299.9986619
299.9954068
299.9954158
299.9957382
299.9960169
299.9962509
299.996439
299.9965808
299.9966756
299.9967231
837.5073614
857.9049281
894.0701796
937.3245878
964.8864152
931.9355321
771.0425031
371.0617813
306.4509573
300.4021494
300.0162517
300.0005222
300.0000166
300.0000006
300
300
300
300
300
300
300
300
300
300
300
299.9999999
299.9999988
299.9999912
299.9999432
299.9996942
299.9986619
299.9954068
299.9954158
299.9957382
299.9960169
299.9962509
299.996439
299.9965808
299.9966756
299.9967231
751.3859193
764.446899
785.3766033
803.3544785
795.7746085
724.8630491
564.0877484
310.6639329
300.8144922
300.0526962
300.0027911
300.0001987
300.0000196
300.0000019
300.0000002
300
300
300
300
300
300
300
300
300
300
299.9999999
299.9999988
299.9999912
299.9999432
299.9996942
299.9986619
299.9954068
299.9954158
299.9957382
299.9960169
299.9962509
299.996439
299.9965808
299.9966756
299.9967231
667.6654045
674.5709406
683.2694739
684.1704413
660.6786464
591.3563342
467.3608323
305.4753976
300.27261
300.0158631
300.0008529
300.0000622
300.0000055
300.0000004
300
300
300
300
300
300
300
300
300
300
300
299.9999999
299.9999988
299.9999912
299.9999432
299.9996942
299.9986619
299.9954068
299.9954158
299.9957382
299.9960169
299.9962509
299.996439
299.9965808
299.9966756
299.9967231
593.7081237
596.0679287
596.6326156
588.2849623
560.5892206
502.8888252
412.6836926
303.6064057
300.1493343
300.0073697
300.0002054
299.9999865
299.9999958
299.9999993
299.9999999
300
300
300
300
300
300
300
300
300
300
299.9999999
299.9999988
299.9999912
299.9999432
299.9996942
299.9986619
299.9954068
299.9954158
299.9957382
299.9960169
299.9962509
299.996439
299.9965808
299.9966756
299.9967231
534.8952024
534.3797599
530.3978448
518.1782806
491.6056268
445.718139
379.6636967
302.5340521
300.0931436
300.004153
300.0000084
299.9999652
299.999993
299.999999
299.9999999
300
300
300
300
300
300
300
300
300
300
299.9999999
299.9999988
299.9999912
299.9999432
299.9996942
299.9986619
299.9954068
299.9954158
299.9957382
299.9960169
299.9962509
299.996439
299.9965808
299.9966756
299.9967231
494.4819244
492.5578446
486.7682535
473.9891936
450.5077826
413.5229559
362.323625
301.9771624
300.0669069
300.0031341
299.9999957
299.9999654
299.9999928
299.9999989
299.9999999
300
300
300
300
300
300
300
300
300
300
299.9999999
299.9999988
299.9999912
299.9999432
299.9996942
299.9986619
299.9954068
299.9954158
299.9957382
299.9960169
299.9962509
299.996439
299.9965808
299.9966756
299.9967231
474.1628864
472.1309911
466.7941014
455.9259572
436.6500521
405.9482402
360.8316743
301.9355511
300.0605897
300.0034131
300.000075
299.9999742
299.9999936
299.999999
299.9999999
300
300
300
300
300
300
300
300
300
300
299.9999999
299.9999988
299.9999912
299.9999432
299.9996942
299.9986619
299.9954068
299.9954158
299.9957382
299.9960169
299.9962509
299.996439
299.9965808
299.9966756
299.9967231
474.8464582
474.1684916
471.9954034
466.5882992
454.8829933
431.3695555
384.8529509
302.9320603
300.0784112
300.0051173
300.0002597
299.9999929
299.9999953
299.9999991
299.9999999
300
300
300
300
300
300
300
300
300
300
299.9999999
299.9999988
299.9999912
299.9999432
299.9996942
299.9986619
299.9954068
299.9954158
299.9957382
299.9960169
299.9962509
299.996439
299.9965808
299.9966756
299.9967231
497.0978018
499.7945352
505.0668401
512.23977
518.5003915
514.1174313
469.7787273
314.3216242
300.4084081
300.0192163
300.0009443
300.0000441
300.0000001
299.9999996
299.9999999
300
300
300
300
300
300
300
300
300
300
299.9999999
299.9999988
299.9999912
299.9999432
299.9996942
299.9986619
299.9954068
299.9954158
299.9957382
299.9960169
299.9962509
299.996439
299.9965808
299.9966756
299.9967231
540.8978548
549.6432492
568.7308261
601.2468659
650.1756435
709.3508947
740.9880319
626.1370584
312.9242117
300.344817
300.0094814
300.0003331
300.0000161
300.0000008
300
300
300
300
300
300
300
300
300
300
300
299.9999999
299.9999988
299.9999912
299.9999432
299.9996942
299.9986619
299.9954068
299.9954158
299.9957382
299.9960169
299.9962509
299.996439
299.9965808
299.9966756
299.9967231
604.709902
622.0074042
661.2716951
733.4350875
859.468978
1076.374824
1457.717385
1771.95561
362.9218672
302.1958901
300.075416
300.0025393
300.0000925
300.000004
300.0000002
300
300
300
300
300
300
300
300
300
300
299.9999999
299.9999988
299.9999912
299.9999432
299.9996942
299.9986619
299.9954068
299.9954158
299.9957382
299.9960169
299.9962509
299.996439
299.9965808
299.9966756
299.9967231
684.6702145
711.1286682
771.3247783
881.1807266
1068.516022
1380.677585
1910.506751
2038.093003
484.4470651
308.2590179
300.3483037
300.0136341
300.0005001
300.0000175
300.0000006
300
300
300
300
300
300
300
300
300
300
299.9999999
299.9999988
299.9999912
299.9999432
299.9996942
299.9986619
299.9954068
299.9954158
299.9957382
299.9960169
299.9962509
299.996439
299.9965808
299.9966756
299.9967231
775.3520597
809.4320287
886.0983161
1021.82381
1245.522013
1598.967681
2136.356507
2202.82152
722.4843047
323.4477097
301.1817137
300.0544553
300.002309
300.000091
300.0000033
300.0000001
300
300
300
300
300
300
300
300
300
299.9999999
299.9999988
299.9999912
299.9999432
299.9996942
299.9986619
299.9954068
299.9954158
299.9957382
299.9960169
299.9962509
299.996439
299.9965808
299.9966756
299.9967231
871.5274472
911.0330672
998.9300231
1150.42684
1390.692156
1757.51015
2271.629279
2326.688112
1094.303944
354.0881945
303.2171842
300.1719396
300.0083785
300.0003767
300.0000158
300.0000006
300
300
300
300
300
300
300
300
300
299.9999999
299.9999988
299.9999912
299.9999432
299.9996942
299.9986619
299.9954067
299.9954158
299.9957382
299.9960169
299.9962509
299.996439
299.9965808
299.9966756
299.9967231
968.1332599
1010.738284
1104.192388
1261.767759
1503.402697
1860.009489
2353.89317
2414.1978
1538.796128
404.3699957
307.3377682
300.4522963
300.0250898
300.001274
300.00006
300.0000026
300.0000001
300
300
300
300
300
300
300
300
299.9999999
299.9999988
299.9999912
299.9999432
299.9996942
299.9986619
299.9954067
299.9954158
299.9957382
299.9960169
299.9962509
299.996439
299.9965808
299.9966756
299.9967231
1060.411031
1103.644927
1196.984259
1350.864681
1578.961966
1902.29219
2351.251864
2422.302321
1672.220781
463.2681061
314.1812109
301.0190371
300.0642294
300.00366
300.0001919
300.0000094
300.0000004
300
300
300
300
300
300
300
300
299.9999999
299.9999988
299.9999912
299.9999432
299.9996942
299.9986619
299.9954067
299.9954158
299.9957382
299.9960169
299.9962508
299.996439
299.9965808
299.9966756
299.9967231
1144.719914
1186.299037
1274.487814
1416.004054
1616.653713
1877.529884
2177.406378
2200.081394
1704.567775
526.9776622
324.069357
302.0131357
300.1440405
300.0091841
300.000534
300.0000287
300.0000014
300.0000001
300
300
300
300
300
300
300
299.9999999
299.9999988
299.9999912
299.9999432
299.9996942
299.9986619
299.9954067
299.9954158
299.9957382
299.9960169
299.9962508
299.996439
299.9965808
299.9966756
299.9967231
1218.895656
1257.1142
1336.665719
1460.871474
1630.529601
1841.519208
2079.044751
2188.085603
2023.677137
597.5081779
336.599537
303.5369068
300.2873501
300.0204946
300.0013189
300.000078
300.0000043
300.0000002
300
300
300
300
300
300
300
299.9999999
299.9999988
299.9999912
299.9999432
299.9996942
299.9986619
299.9954067
299.9954158
299.9957382
299.9960169
299.9962508
299.996439
299.9965808
299.9966756
299.9967231
1282.184653
1316.120704
1385.51931
1491.031686
1630.47772
1796.07155
1967.895509
2107.149398
2107.594003
661.513704
351.8025612
305.6990252
300.5209618
300.0413743
300.0029384
300.0001903
300.0000114
300.0000006
300
300
300
300
300
300
300
299.9999999
299.9999988
299.9999912
299.9999432
299.9996942
299.9986619
299.9954067
299.9954158
299.9957382
299.9960169
299.9962508
299.996439
299.9965808
299.9966756
299.9967231
1334.762092
1364.208024
1423.501119
1511.745406
1625.69116
1758.879408
1901.122959
2048.920865
2059.007473
712.1870636
368.6970996
308.5539493
300.8733289
300.0767708
300.0059901
300.0004236
300.0000275
300.0000017
300.0000001
300
300
300
300
300
300
299.9999999
299.9999988
299.9999912
299.9999432
299.9996942
299.9986619
299.9954067
299.9954158
299.9957382
299.9960169
299.9962508
299.996439
299.9965808
299.9966756
299.9967231
1377.511197
1402.829808
1453.142824
1526.796944
1620.320311
1728.501186
1844.084839
1962.14659
1968.840101
761.387192
386.7868509
312.1031717
301.3701742
300.1324943
300.0112969
300.0008677
300.000061
300.000004
300.0000002
300
300
300
300
300
300
299.9999999
299.9999988
299.9999912
299.9999432
299.9996942
299.9986619
299.9954067
299.9954158
299.9957382
299.9960169
299.9962508
299.996439
299.9965808
299.9966756
299.9967231
1411.496276
1433.319337
1476.161699
1537.994612
1615.335403
1703.528138
1796.531702
1888.715553
1894.482814
791.223741
405.1904596
316.2900629
302.0284156
300.2142552
300.0198319
300.0016442
300.000124
300.0000086
300.0000006
300
300
300
300
300
300
299.9999999
299.9999988
299.9999912
299.9999432
299.9996942
299.9986619
299.9954067
299.9954158
299.9957382
299.9960169
299.9962508
299.996439
299.9965808
299.9966756
299.9967231
1437.750227
1456.74616
1493.640911
1546.233321
1611.181919
1683.69649
1757.346922
1823.663388
1827.183656
809.7613913
421.9203453
320.8374266
302.83587
300.324924
300.0324068
300.002877
300.000231
300.000017
300.0000012
300.0000001
300
300
300
300
300
299.9999999
299.9999988
299.9999912
299.9999432
299.9996942
299.9986619
299.9954067
299.9954158
299.9957382
299.9960169
299.9962508
299.996439
299.9965808
299.9966756
299.9967231
1457.216943
1473.994862
1506.369672
1552.261401
1608.709483
1670.571745
1728.407562
1766.505795
1766.755004
822.0246758
435.9839377
325.3658024
303.7409078
300.4608566
300.0490711
300.0046212
300.0003913
300.0000302
300.0000021
300.0000001
300
300
300
300
300
299.9999999
299.9999988
299.9999912
299.9999432
299.9996942
299.9986619
299.9954067
299.9954158
299.9957382
299.9960169
299.9962508
299.996439
299.9965808
299.9966756
299.9967231
1470.760163
1485.743262
1514.594046
1555.83489
1607.352046
1663.262969
1711.285953
1727.88975
1727.19218
848.6438411
448.5057348
329.5160412
304.6430811
300.6072838
300.0682583
300.0067476
300.0005967
300.0000478
300.0000035
300.0000002
300
300
300
300
300
299.9999999
299.9999988
299.9999912
299.9999432
299.9996942
299.9986619
299.9954067
299.9954158
299.9957382
299.9960169
299.9962508
299.996439
299.9965808
299.9966756
299.9967231
1479.060398
1492.419204
1517.983208
1554.451241
1601.064263
1656.41517
1717.095063
1722.300813
1717.887786
876.402194
459.4056843
332.8689908
305.3924705
300.7354958
300.0859973
300.008814
300.0008052
300.0000664
300.000005
300.0000003
300
300
300
300
300
299.9999999
299.9999988
299.9999912
299.9999432
299.9996942
299.9986619
299.9954067
299.9954158
299.9957382
299.9960169
299.9962508
299.996439
299.9965808
299.9966756
299.9967231
1482.894298
1494.544206
1516.61279
1547.61684
1587.561392
1640.792671
1720.836203
1734.197231
1684.140084
857.2762617
457.0658681
333.2574969
305.6103822
300.7861935
300.0942855
300.0098915
300.0009231
300.0000776
300.0000059
300.0000004
300
300
300
300
300
299.9999999
299.9999988
299.9999912
299.9999432
299.9996942
299.9986619
299.9954067
299.9954158
299.9957382
299.9960169
299.9962508
299.996439
299.9965808
299.9966756
299.9967231
1483.540831
1493.251359
1511.218246
1535.029779
1562.57357
1596.768412
1659.767624
1667.157139
1274.676406
727.7801155
425.8769713
327.3764952
304.7103862
300.6708239
300.0815818
300.0086661
300.0008179
300.0000695
300.0000054
300.0000004
300
300
300
300
300
299.9999999
299.9999988
299.9999912
299.9999432
299.9996942
299.9986619
299.9954067
299.9954158
299.9957382
299.9960169
299.9962508
299.996439
299.9965808
299.9966756
299.9967231
1483.035059
1491.19733
1505.490572
1521.597042
1531.336154
1518.204981
1439.803772
1373.336857
852.5012448
549.5287978
374.9548392
316.5578611
302.8856656
300.4155237
300.0510327
300.0054696
300.0005205
300.0000446
300.0000035
300.0000002
300
300
300
300
300
299.9999999
299.9999988
299.9999912
299.9999432
299.9996942
299.9986619
299.9954067
299.9954158
299.9957382
299.9960169
299.9962508
299.996439
299.9965808
299.9966756
299.9967231
)
;

boundaryField
{
    lowerWall
    {
        type            zeroGradient;
    }
    atmosphere
    {
        type            zeroGradient;
    }
    rightWall
    {
        type            empty;
    }
    leftWall
    {
        type            empty;
    }
    frontAndBack
    {
        type            fixedGradient;
        gradient        uniform -50;
    }
}


// ************************************************************************* //
