/*--------------------------------*- C++ -*----------------------------------*\
| =========                 |                                                 |
| \\      /  F ield         | OpenFOAM: The Open Source CFD Toolbox           |
|  \\    /   O peration     | Version:  2506                                  |
|   \\  /    A nd           | Website:  www.openfoam.com                      |
|    \\/     M anipulation  |                                                 |
\*---------------------------------------------------------------------------*/
FoamFile
{
    version     2.0;
    format      ascii;
    arch        "LSB;label=32;scalar=64";
    class       volScalarField;
    location    "0.003";
    object      TLiquidus;
}
// * * * * * * * * * * * * * * * * * * * * * * * * * * * * * * * * * * * * * //

dimensions      [0 0 0 1 0 0 0];

internalField   nonuniform List<scalar> 
3200
(
10.00000001
10.00000001
10
1723
1723
1723
1723
1723
1723
1723
1723
1723
1723
1723
1723
1723
1723
1723
1723
1723
1723
1723
1723
1723
1723
1723
1723
1723
1723
1723
1723
1723
10.00000039
10
10
10
10
10
10
10
10.00000002
10.00000003
10.00000003
10.00000004
10.00000002
10.00000001
1723
1723
1723
1723
1723
1723
1723
1723
1723
1723
1723
1723
1723
1723
1723
1723
1723
1723
1723
1723
1723
1723
1723
1723
1723
1723
10.00000039
10
10
10
10
10
10
10
10.00000001
10.00000002
10.00000003
10.00000004
10.00000005
10.00000004
10.00000003
1723
1723
1723
1723
1723
1723
1723
1723
1723
1723
1723
1723
1723
1723
1723
1723
1723
1723
1723
1723
1723
1723
1723
1723
1723
10.00000039
10
10
10
10
10
10
10
10
10.00000001
10.00000002
10.00000003
10.00000004
10.00000004
10.00000004
1723
1723
1723
1723
1723
1723
1723
1723
1723
1723
1723
1723
1723
1723
1723
1723
1723
1723
1723
1723
1723
1723
1723
1723
1723
10.0000004
10
10
10
10
10
10
10
10
10
10.00000001
10.00000002
10.00000003
10.00000003
10.00000004
1723
1723
1723
1723
1723
1723
1723
1723
1723
1723
1723
1723
1723
1723
1723
1723
1723
1723
1723
1723
1723
1723
1723
1723
1723
10.0000004
10
10
10
10
10
10
10
10
10
10.00000001
10.00000002
10.00000002
10.00000002
10.00000003
1723
1723
1723
1723
1723
1723
1723
1723
1723
1723
1723
1723
1723
1723
1723
1723
1723
1723
1723
1723
1723
1723
1723
1723
1723
10.0000004
10
10
10
10
10
10
10
10
10
10.00000001
10.00000002
10.00000001
10.00000001
10.00000003
1723
1723
1723
1723
1723
1723
1723
1723
1723
1723
1723
1723
1723
1723
1723
1723
1723
1723
1723
1723
1723
1723
1723
1723
1723
10.00000041
10
10
10
10
10
10
10
10
10
10.00000001
10.00000001
10.00000001
10.00000001
10.00000001
1723
1723
1723
1723
1723
1723
1723
1723
1723
1723
1723
1723
1723
1723
1723
1723
1723
1723
1723
1723
1723
1723
1723
1723
1723
10.00000041
10
10
10
10
10
10
10
10
10
10
10.00000001
10
10
10
1723
1723
1723
1723
1723
1723
1723
1723
1723
1723
1723
1723
1723
1723
1723
1723
1723
1723
1723
1723
1723
1723
1723
1723
1723
10.00000041
10
10
10
10
10
10
10
10
10
10
10
10
10
10
10
1723
1723
1723
1723
1723
1723
1723
1723
1723
1723
1723
1723
1723
1723
1723
1723
1723
1723
1723
1723
1723
1723
1723
1723
10.00000041
10
10
10
10
10
10
10
10
10
10
10
10
10
10
10
10
1723
1723
1723
1723
1723
1723
1723
1723
1723
1723
1723
1723
1723
1723
1723
1723
1723
1723
1723
1723
1723
1723
1723
10.00000042
10
10
10
10
10
10
10
10
10
10
10
10
10
10
10
10
1723
1723
1723
1723
1723
1723
1723
1723
1723
1723
1723
1723
1723
1723
1723
1723
1723
1723
1723
1723
1723
1723
1723
10.00000042
10
10
10
10
10
10
10
10
10
10
10
10
10
10
10
24.13059234
1723
1723
1723
1723
1723
1723
1723
1723
1723
1723
1723
1723
1723
1723
1723
1723
1723
1723
1723
1723
1723
1723
1723
10.00000042
10
10
10
10
10
10
10
10
10
10
10
10
10
10
10.68305669
10
1723
1723
1723
1723
1723
1723
1723
1723
1723
1723
1723
1723
1723
1723
1723
1723
1723
1723
1723
1723
1723
1723
1723
10.00000042
10
10
10
10
10
10
10
10
10
10
10
10
10
10
10
10
1723
1723
1723
1723
1723
1723
1723
1723
1723
1723
1723
1723
1723
1723
1723
1723
1723
1723
1723
1723
1723
1723
1723
10.00000042
10
10
10
10
10
10
10
10
10
10
10
10
10
10.00000001
10
10
1723
1723
1723
1723
1723
1723
1723
1723
1723
1723
1723
1723
1723
1723
1723
1723
1723
1723
1723
1723
1723
1723
1723
10.00000042
10
10
10
10
10
10
10
10
10
10
10
10
10
10.00000001
10.00000004
10.00000036
1723
1723
1723
1723
1723
1723
1723
1723
1723
1723
1723
1723
1723
1723
1723
1723
1723
1723
1723
1723
1723
1723
1723
10.00000042
10
10
10
10
10
10
10
10
10
10
10
10
10
10.00000001
10.00000011
10.00000025
1723
1723
1723
1723
1723
1723
1723
1723
1723
1723
1723
1723
1723
1723
1723
1723
1723
1723
1723
1723
1723
1723
1723
10.00000042
10
10
10
10
10
10
10
10
10
10
10
10
10.00000001
10.00000001
10.00000009
10.00000021
53.13175164
1723
1723
1723
1723
1723
1723
1723
1723
1723
1723
1723
1723
1723
1723
1723
1723
1723
1723
1723
1723
1723
1723
10.00000042
10
10
10
10
10
10
10
10
10
10
10
10
10.00000001
10.00000001
10.00000006
10.00000069
10
1723
1723
1723
1723
1723
1723
1723
1723
1723
1723
1723
1723
1723
1723
1723
1723
1723
1723
1723
1723
1723
1723
10.00000042
10
10
10
10
10
10
10
10
10
10
10.00000001
10.00000001
10.00000001
10.00000001
10.00000004
10.00000019
37.83832984
1723
1723
1723
1723
1723
1723
1723
1723
1723
1723
1723
1723
1723
1723
1723
1723
1723
1723
1723
1723
1723
1723
10.00000041
10
10
10
10
10
10
10
10
10
10
10.00000001
10.00000001
10.00000001
10.00000001
10.00000003
10.00000008
1723
1723
1723
1723
1723
1723
1723
1723
1723
1723
1723
1723
1723
1723
1723
1723
1723
1723
1723
1723
1723
1723
1723
10.00000041
10
10
10
10
10
10
10
10
10
10.00000001
10.00000001
10.00000001
10.00000001
1723
1723
1723
1723
1723
1723
1723
1723
1723
1723
1723
1723
1723
1723
1723
1723
1723
1723
1723
1723
1723
1723
1723
1723
1723
1723
10.0000004
10
10
10
10
10
10
10
10
10.00000001
10.00000001
10.00000001
10.00000001
10
1723
1723
1723
1723
1723
1723
1723
1723
1723
1723
1723
1723
1723
1723
1723
1723
1723
1723
1723
1723
1723
1723
1723
1723
1723
1723
10.0000004
10
10
10
10
10
10
10
10
10.00000004
10.00000004
10.00000003
10.00000002
83.38425954
1723
1723
1723
1723
1723
1723
1723
1723
1723
1723
1723
1723
1723
1723
1723
1723
1723
1723
1723
1723
1723
1723
1723
1723
1723
1723
10.00000039
10
10
10
10
10
10
10
10
10.00000052
10.00000234
10.00000009
10.00000006
10.00000004
1723
1723
1723
1723
1723
1723
1723
1723
1723
1723
1723
1723
1723
1723
1723
1723
1723
1723
1723
1723
1723
1723
1723
1723
1723
1723
10.00000038
10
10
10
10
10
10
10
10
10.00000037
10.0000018
10.00000007
10.00000008
10.00000005
10.00000001
1723
1723
1723
1723
1723
1723
1723
1723
1723
1723
1723
1723
1723
1723
1723
1723
1723
1723
1723
1723
1723
1723
1723
1723
1723
10.00000037
10
10
10
10
10
10
10
1723
1723
10.0000001
10.00000001
10.00000002
10.00000001
10.00000001
1723
1723
1723
1723
1723
1723
1723
1723
1723
1723
1723
1723
1723
1723
1723
1723
1723
1723
1723
1723
1723
1723
1723
1723
1723
10.00000037
10
10
10
10
10
10
10
1723
1723
38.77690803
1723
25.67224186
10.00000001
10.00000001
1723
1723
1723
1723
1723
1723
1723
1723
1723
1723
1723
1723
1723
1723
1723
1723
1723
1723
1723
1723
1723
1723
1723
1723
1723
10.00000036
10
10
10
10
10
10
10
10.00000001
10.00000001
10.00000002
1723
17.4494459
10.00000002
10.00000002
1723
1723
1723
1723
1723
1723
1723
1723
1723
1723
1723
1723
1723
1723
1723
1723
1723
1723
1723
1723
1723
1723
1723
1723
1723
10.00000035
10
10
10
10
10
10
10
10
10.00000001
10.00000002
10.00000004
10.00000004
10.00000003
10.00000002
1723
1723
1723
1723
1723
1723
1723
1723
1723
1723
1723
1723
1723
1723
1723
1723
1723
1723
1723
1723
1723
1723
1723
1723
1723
10.00000034
10
10
10
10
10
10
10
10
10.00000001
10.00000003
10.00000003
10.00000003
10.00000003
10.00000001
1723
1723
1723
1723
1723
1723
1723
1723
1723
1723
1723
1723
1723
1723
1723
1723
1723
1723
1723
1723
1723
1723
1723
1723
1723
10.00000034
10
10
10
10
10
10
10
10.00000001
10.00000002
10.00000003
10.00000004
10.00000003
10.00000002
1723
1723
1723
1723
1723
1723
1723
1723
1723
1723
1723
1723
1723
1723
1723
1723
1723
1723
1723
1723
1723
1723
1723
1723
1723
1723
10.00000033
10
10
10
10
10
10
10
10.00000001
10.00000002
10.00000004
10.00000005
10.00000005
10.00000003
64.94463795
1723
1723
1723
1723
1723
1723
1723
1723
1723
1723
1723
1723
1723
1723
1723
1723
1723
1723
1723
1723
1723
1723
1723
1723
1723
10.00000032
10
10
10
10
10
10
10
10.00000001
10.00000002
10.00000004
10.00000005
10.00000006
10.00000006
10.00000005
1723
1723
1723
1723
1723
1723
1723
1723
1723
1723
1723
1723
1723
1723
1723
1723
1723
1723
1723
1723
1723
1723
1723
1723
1723
10.00000031
10
10
10
10
10
10
10
10
10.00000001
10.00000003
10.00000004
10.00000005
10.00000007
10.00000008
1723
1723
1723
1723
1723
1723
1723
1723
1723
1723
1723
1723
1723
1723
1723
1723
1723
1723
1723
1723
1723
1723
1723
1723
1723
10.00000031
10
10
10
10
10
10
10
10
10.00000001
10.00000001
10.00000002
10.00000004
10.00000007
10.00000008
1723
1723
1723
1723
1723
1723
1723
1723
1723
1723
1723
1723
1723
1723
1723
1723
1723
1723
1723
1723
1723
1723
1723
1723
1723
10.0000003
10
10
10
10
10
10
10
10
10
10.00000001
10.00000002
10.00000004
10.00000007
10.00000008
1723
1723
1723
1723
1723
1723
1723
1723
1723
1723
1723
1723
1723
1723
1723
1723
1723
1723
1723
1723
1723
1723
1723
1723
1723
10.00000029
10
10
10
10
10
10
10
10
10
10.00000001
10.00000002
10.00000004
10.00000007
10.00000008
1723
1723
1723
1723
1723
1723
1723
1723
1723
1723
1723
1723
1723
1723
1723
1723
1723
1723
1723
1723
1723
1723
1723
1723
1723
10.00000029
10
10
10
10
10
10
10
10
10
10.00000001
10.00000002
10.00000004
10.00000007
10.00000008
1723
1723
1723
1723
1723
1723
1723
1723
1723
1723
1723
1723
1723
1723
1723
1723
1723
1723
1723
1723
1723
1723
1723
1723
1723
10.00000028
10
10
10
10
10
10
10
10
10
10.00000001
10.00000002
10.00000004
10.00000007
10.00000008
1723
1723
1723
1723
1723
1723
1723
1723
1723
1723
1723
1723
1723
1723
1723
1723
1723
1723
1723
1723
1723
1723
1723
1723
1723
10.00000028
10
10
10
10
10
10
10
10
10
10.00000001
10.00000002
10.00000003
10.00000007
10.00000008
1723
1723
1723
1723
1723
1723
1723
1723
1723
1723
1723
1723
1723
1723
1723
1723
1723
1723
1723
1723
1723
1723
1723
1723
1723
10.00000027
10
10
10
10
10
10
10
10
10
10.00000001
10.00000002
10.00000003
10.00000006
10.00000008
1723
1723
1723
1723
1723
1723
1723
1723
1723
1723
1723
1723
1723
1723
1723
1723
1723
1723
1723
1723
1723
1723
1723
1723
1723
10.00000027
10
10
10
10
10
10
10
10
10
10.00000001
10.00000002
10.00000003
10.00000005
10.00000007
1723
1723
1723
1723
1723
1723
1723
1723
1723
1723
1723
1723
1723
1723
1723
1723
1723
1723
1723
1723
1723
1723
1723
1723
1723
10.00000026
10
10
10
10
10
10
10
10
10.00000001
10.00000002
10.00000003
10.00000003
10.00000005
10.00000007
1723
1723
1723
1723
1723
1723
1723
1723
1723
1723
1723
1723
1723
1723
1723
1723
1723
1723
1723
1723
1723
1723
1723
1723
1723
10.00000026
10
10
10
10
10
10
10
10
10.00000001
10.00000003
10.00000004
10.00000004
10.00000005
10.00000007
1723
1723
1723
1723
1723
1723
1723
1723
1723
1723
1723
1723
1723
1723
1723
1723
1723
1723
1723
1723
1723
1723
1723
1723
1723
10.00000026
10
10
10
10
10
10
10
10
10.00000001
10.00000005
10.00000006
10.00000005
10.00000005
10.00000007
1723
1723
1723
1723
1723
1723
1723
1723
1723
1723
1723
1723
1723
1723
1723
1723
1723
1723
1723
1723
1723
1723
1723
1723
1723
10.00000025
10
10
10
10
10
10
10
10
10.00000003
10.00000007
10.00000008
10.00000006
10.00000006
10.00000007
1723
1723
1723
1723
1723
1723
1723
1723
1723
1723
1723
1723
1723
1723
1723
1723
1723
1723
1723
1723
1723
1723
1723
1723
1723
10.00000025
10
10
10
10
10
10
10
10.00000001
10.00000005
10.00000009
10.00000009
10.00000006
10.00000006
10.00000005
1723
1723
1723
1723
1723
1723
1723
1723
1723
1723
1723
1723
1723
1723
1723
1723
1723
1723
1723
1723
1723
1723
1723
1723
1723
10.00000025
10
10
10
10
10
10
10
10.00000003
10.00000007
10.00000009
10.00000008
10.00000006
10.00000005
1723
1723
1723
1723
1723
1723
1723
1723
1723
1723
1723
1723
1723
1723
1723
1723
1723
1723
1723
1723
1723
1723
1723
1723
1723
1723
10.00000025
10
10
10
10
10
10
10
10.00000002
10.00000006
10.00000008
10.00000008
10.00000007
10.00000006
10.00000021
1723
1723
1723
1723
1723
1723
1723
1723
1723
1723
1723
1723
1723
1723
1723
1723
1723
1723
1723
1723
1723
1723
1723
1723
1723
10.00000025
10
10
10
10
10
10
10
10.00000001
10.00000004
10.00000008
10.00000011
10.00000011
10.0000002
10.0000007
10.00170191
1723
1723
1723
1723
1723
1723
1723
1723
1723
1723
1723
1723
1723
1723
1723
1723
1723
1723
1723
1723
1723
1723
1723
1723
10.00000024
10
10
10
10
10
10
10
10
10.00000002
10.00000005
10.00000009
10.00000014
10.00000036
10.00000141
10
1723
1723
1723
1723
1723
1723
1723
1723
1723
1723
1723
1723
1723
1723
1723
1723
1723
1723
1723
1723
1723
1723
1723
1723
10.00000024
10
10
10
10
10
10
10
10
10
10.00000002
10.00000004
10.00000008
10.00000017
10.00000009
10.01135537
1723
1723
1723
1723
1723
1723
1723
1723
1723
1723
1723
1723
1723
1723
1723
1723
1723
1723
1723
1723
1723
1723
1723
1723
10.00000024
10
10
10
10
10
10
10
10
10
10
10.00000001
10.00000003
10.00000006
10.00000002
10.00229866
1723
1723
1723
1723
1723
1723
1723
1723
1723
1723
1723
1723
1723
1723
1723
1723
1723
1723
1723
1723
1723
1723
1723
1723
10.00000025
10
10
10
10
10
10
10
10
10
10
10
10.00000001
10.00000001
10
10.00081006
1723
1723
1723
1723
1723
1723
1723
1723
1723
1723
1723
1723
1723
1723
1723
1723
1723
1723
1723
1723
1723
1723
1723
1723
10.00000025
10
10
10
10
10
10
10
10
10
10
10
10
10
10
10.00087246
1723
1723
1723
1723
1723
1723
1723
1723
1723
1723
1723
1723
1723
1723
1723
1723
1723
1723
1723
1723
1723
1723
1723
1723
10.00000025
10
10
10
10
10
10
10
10
10
10
10
10
10
10
10.00205664
1723
1723
1723
1723
1723
1723
1723
1723
1723
1723
1723
1723
1723
1723
1723
1723
1723
1723
1723
1723
1723
1723
1723
1723
10.00000025
10
10
10
10
10
10
10
10
10
10
10
10
10
10.00000001
10.00055168
1723
1723
1723
1723
1723
1723
1723
1723
1723
1723
1723
1723
1723
1723
1723
1723
1723
1723
1723
1723
1723
1723
1723
1723
10.00000025
10
10
10
10
10
10
10
10
10
10
10
10
10.00000002
10.00000022
10.0000272
1723
1723
1723
1723
1723
1723
1723
1723
1723
1723
1723
1723
1723
1723
1723
1723
1723
1723
1723
1723
1723
1723
1723
1723
10.00000026
10
10
10
10
10
10
10
10
10
10
10
10.00000002
10.00000016
10.00000047
10.2802037
1723
1723
1723
1723
1723
1723
1723
1723
1723
1723
1723
1723
1723
1723
1723
1723
1723
1723
1723
1723
1723
1723
1723
1723
10.00000026
10
10
10
10
10
10
10
10
10
10
10.00000001
10.00000009
10.00000031
10.00000042
1723
1723
1723
1723
1723
1723
1723
1723
1723
1723
1723
1723
1723
1723
1723
1723
1723
1723
1723
1723
1723
1723
1723
1723
1723
10.00000026
10
10
10
10
10
10
10
10
10
10
10.00000004
10.00000021
10.0000005
10.00000052
1723
1723
1723
1723
1723
1723
1723
1723
1723
1723
1723
1723
1723
1723
1723
1723
1723
1723
1723
1723
1723
1723
1723
1723
1723
10.00000027
10
10
10
10
10
10
10
10
10
10
10.00000003
10.00000017
10.00000042
10.00000029
1723
1723
1723
1723
1723
1723
1723
1723
1723
1723
1723
1723
1723
1723
1723
1723
1723
1723
1723
1723
1723
1723
1723
1723
1723
10.00000027
10
10
10
10
10
10
10
10
10
10
10.00000003
10.00000015
10.00000037
10.00000018
1723
1723
1723
1723
1723
1723
1723
1723
1723
1723
1723
1723
1723
1723
1723
1723
1723
1723
1723
1723
1723
1723
1723
1723
1723
10.00000028
10
10
10
10
10
10
10
10
10
10
10.00000001
10.0000001
10.00000024
10.0000001
1723
1723
1723
1723
1723
1723
1723
1723
1723
1723
1723
1723
1723
1723
1723
1723
1723
1723
1723
1723
1723
1723
1723
1723
1723
10.00000028
10
10
10
10
10
10
10
10
10
10
10
10.00000004
10.00000009
10.00000005
1723
1723
1723
1723
1723
1723
1723
1723
1723
1723
1723
1723
1723
1723
1723
1723
1723
1723
1723
1723
1723
1723
1723
1723
1723
10.00000029
10
10
10
10
10
10
10
10
10
10
10
10.00000001
10.00000002
10.00000002
1723
1723
1723
1723
1723
1723
1723
1723
1723
1723
1723
1723
1723
1723
1723
1723
1723
1723
1723
1723
1723
1723
1723
1723
1723
10.00000029
10
10
10
10
10
10
10
10
10
10
10
10
10.00000002
10.00000002
84.37768058
1723
1723
1723
1723
1723
1723
1723
1723
1723
1723
1723
1723
1723
1723
1723
1723
1723
1723
1723
1723
1723
1723
1723
1723
10.0000003
10
10
10
10
10
10
10
10
10
10
10
10
10.00000001
10.00000001
10
1723
1723
1723
1723
1723
1723
1723
1723
1723
1723
1723
1723
1723
1723
1723
1723
1723
1723
1723
1723
1723
1723
1723
1723
10.0000003
10
10
10
10
10
10
10
10
10
10
10
10
10
10
10
1723
1723
1723
1723
1723
1723
1723
1723
1723
1723
1723
1723
1723
1723
1723
1723
1723
1723
1723
1723
1723
1723
1723
1723
10.00000031
10
10
10
10
10
10
10
10
10
10
10
10
10
10
10
1723
1723
1723
1723
1723
1723
1723
1723
1723
1723
1723
1723
1723
1723
1723
1723
1723
1723
1723
1723
1723
1723
1723
1723
10.00000031
10
10
10
10
10
10
10
10
10
10
10
10
10
10
10
1723
1723
1723
1723
1723
1723
1723
1723
1723
1723
1723
1723
1723
1723
1723
1723
1723
1723
1723
1723
1723
1723
1723
1723
10.00000032
10
10
10
10
10
10
10
10
10
10
10
10
10
10
10
1723
1723
1723
1723
1723
1723
1723
1723
1723
1723
1723
1723
1723
1723
1723
1723
1723
1723
1723
1723
1723
1723
1723
1723
10.00000032
10
10
10
10
10
10
10
10
10
10
10
10
10
10
10
1723
1723
1723
1723
1723
1723
1723
1723
1723
1723
1723
1723
1723
1723
1723
1723
1723
1723
1723
1723
1723
1723
1723
1723
10.00000032
10
10
10
10
10
10
10
10
10
10
10
10
10
10
15.88160822
1723
1723
1723
1723
1723
1723
1723
1723
1723
1723
1723
1723
1723
1723
1723
1723
1723
1723
1723
1723
1723
1723
1723
1723
10.00000033
10
10
10
10
10
10
10
10
10
10
10
10
10
10
1723
1723
1723
1723
1723
1723
1723
1723
1723
1723
1723
1723
1723
1723
1723
1723
1723
1723
1723
1723
1723
1723
1723
1723
1723
10.00000033
10
10
10
10
10
10
10
10
10
10
10
10
10
10
1723
1723
1723
1723
1723
1723
1723
1723
1723
1723
1723
1723
1723
1723
1723
1723
1723
1723
1723
1723
1723
1723
1723
1723
1723
10.00000033
10
10
10
10
10
10
10
10
10
10
10
10
10
10
1723
1723
1723
1723
1723
1723
1723
1723
1723
1723
1723
1723
1723
1723
1723
1723
1723
1723
1723
1723
1723
1723
1723
1723
1723
10.00000033
10
10
10
10
10
10
10
10
10
10
10
10
10
10
1723
1723
1723
1723
1723
1723
1723
1723
1723
1723
1723
1723
1723
1723
1723
1723
1723
1723
1723
1723
1723
1723
1723
1723
1723
10.00000033
10
10
10
10
10
10
10
)
;

boundaryField
{
    lowerWall
    {
        type            calculated;
        value           uniform 10;
    }
    atmosphere
    {
        type            calculated;
        value           nonuniform List<scalar> 
80
(
10.00000001
10.00000002
10
10
10
10
10
10
10
10
10
10
10
10
10
10
10
10
10
10
10
10
10
10
10
10
10
401.2757847
576.4135813
10.00000001
10
10
10.00000001
10.00000001
10.00000001
10
10
10
10
10
10
10
10
10
10
10
10
10
10
10.00000003
10.00000002
10.00000001
10
10
10
10
10
10
10
10
10
10
10
10
10
10
10
10
10
10
10
10
10
10
10
10
10
10
10
10
)
;
    }
    rightWall
    {
        type            empty;
    }
    leftWall
    {
        type            empty;
    }
    frontAndBack
    {
        type            calculated;
        value           nonuniform List<scalar> 
80
(
10.00000001
10.00000001
10
842.460116
1368.005539
1225.563288
1656.424627
1723
1722.999428
1723
1723
1723
1723
1723
1723
1723
1723
1723
1723
1723
1723
1723
1723
1723
1723
1723
1723
1723
1723
1723
1723
1723
10.00000039
10
10
10
10
10
10
10
10
10
10
10
10
10
10
200.9624726
1722.931616
1723
1723
1723
1723
1723
1723
1723
1723
1723
1723
1723
1723
1723
1723
1723
1723
1723
1723
1723
1723
1723
1723
1723
10.00000033
10
10
10
10
10
10
10
)
;
    }
}


// ************************************************************************* //
