/*--------------------------------*- C++ -*----------------------------------*\
| =========                 |                                                 |
| \\      /  F ield         | OpenFOAM: The Open Source CFD Toolbox           |
|  \\    /   O peration     | Version:  2506                                  |
|   \\  /    A nd           | Website:  www.openfoam.com                      |
|    \\/     M anipulation  |                                                 |
\*---------------------------------------------------------------------------*/
FoamFile
{
    version     2.0;
    format      ascii;
    arch        "LSB;label=32;scalar=64";
    class       volScalarField;
    location    "0.003";
    object      TSolidus;
}
// * * * * * * * * * * * * * * * * * * * * * * * * * * * * * * * * * * * * * //

dimensions      [0 0 0 1 0 0 0];

internalField   nonuniform List<scalar> 
3200
(
1.000000006
1.000000006
1.000000003
1658
1658
1658
1658
1658
1658
1658
1658
1658
1658
1658
1658
1658
1658
1658
1658
1658
1658
1658
1658
1658
1658
1658
1658
1658
1658
1658
1658
1658
1.000000379
1
1
1
1
1
1
1
1.000000022
1.000000029
1.000000032
1.000000034
1.000000023
1.000000013
1658
1658
1658
1658
1658
1658
1658
1658
1658
1658
1658
1658
1658
1658
1658
1658
1658
1658
1658
1658
1658
1658
1658
1658
1658
1658
1.000000381
1
1
1
1
1
1
1
1.000000012
1.00000002
1.000000031
1.000000043
1.000000046
1.000000039
1.000000032
1658
1658
1658
1658
1658
1658
1658
1658
1658
1658
1658
1658
1658
1658
1658
1658
1658
1658
1658
1658
1658
1658
1658
1658
1658
1.000000382
1
1
1
1
1
1
1
1.000000004
1.000000012
1.000000018
1.000000027
1.000000041
1.000000038
1.00000004
1658
1658
1658
1658
1658
1658
1658
1658
1658
1658
1658
1658
1658
1658
1658
1658
1658
1658
1658
1658
1658
1658
1658
1658
1658
1.000000384
1
1
1
1
1
1
1
1.000000001
1.000000005
1.000000011
1.000000021
1.000000032
1.000000029
1.000000036
1658
1658
1658
1658
1658
1658
1658
1658
1658
1658
1658
1658
1658
1658
1658
1658
1658
1658
1658
1658
1658
1658
1658
1658
1658
1.000000387
1
1
1
1
1
1
1
1
1.000000001
1.000000007
1.000000017
1.000000023
1.000000018
1.000000031
1658
1658
1658
1658
1658
1658
1658
1658
1658
1658
1658
1658
1658
1658
1658
1658
1658
1658
1658
1658
1658
1658
1658
1658
1658
1.000000389
1
1
1
1
1
1
1
1.000000001
1.000000001
1.000000006
1.000000018
1.000000012
1.000000011
1.000000025
1658
1658
1658
1658
1658
1658
1658
1658
1658
1658
1658
1658
1658
1658
1658
1658
1658
1658
1658
1658
1658
1658
1658
1658
1658
1.000000392
1
1
1
1
1
1
1
1.000000002
1.000000003
1.000000006
1.000000011
1.000000007
1.000000011
1.00000001
1658
1658
1658
1658
1658
1658
1658
1658
1658
1658
1658
1658
1658
1658
1658
1658
1658
1658
1658
1658
1658
1658
1658
1658
1658
1.000000395
1
1
1
1
1
1
1
1.000000001
1.000000002
1.000000004
1.000000005
1.000000005
1.000000002
1.000000001
1658
1658
1658
1658
1658
1658
1658
1658
1658
1658
1658
1658
1658
1658
1658
1658
1658
1658
1658
1658
1658
1658
1658
1658
1658
1.000000398
1
1
1
1
1
1
1
1
1
1.000000001
1.000000002
1.000000002
1.000000001
1.000000001
1.000000001
1658
1658
1658
1658
1658
1658
1658
1658
1658
1658
1658
1658
1658
1658
1658
1658
1658
1658
1658
1658
1658
1658
1658
1658
1.000000401
1
1
1
1
1
1
1
1
1
1
1
1
1
1.000000001
1.000000001
1.000000001
1658
1658
1658
1658
1658
1658
1658
1658
1658
1658
1658
1658
1658
1658
1658
1658
1658
1658
1658
1658
1658
1658
1658
1.000000404
1
1
1
1
1
1
1
1
1
1
1
1
1
1.000000001
1.000000001
1
1658
1658
1658
1658
1658
1658
1658
1658
1658
1658
1658
1658
1658
1658
1658
1658
1658
1658
1658
1658
1658
1658
1658
1.000000406
1
1
1
1
1
1
1
1
1
1
1
1
1
1.000000001
1
14.66864653
1658
1658
1658
1658
1658
1658
1658
1658
1658
1658
1658
1658
1658
1658
1658
1658
1658
1658
1658
1658
1658
1658
1658
1.000000408
1
1
1
1
1
1
1
1
1
1
1
1
1.000000001
1.000000002
1.660726753
1
1658
1658
1658
1658
1658
1658
1658
1658
1658
1658
1658
1658
1658
1658
1658
1658
1658
1658
1658
1658
1658
1658
1658
1.000000409
1
1
1
1
1
1
1
1
1
1
1
1
1.000000001
1.000000003
1
1
1658
1658
1658
1658
1658
1658
1658
1658
1658
1658
1658
1658
1658
1658
1658
1658
1658
1658
1658
1658
1658
1658
1658
1.00000041
1
1
1
1
1
1
1
1
1
1
1
1.000000001
1.000000002
1.000000005
1.000000002
1.000000002
1658
1658
1658
1658
1658
1658
1658
1658
1658
1658
1658
1658
1658
1658
1658
1658
1658
1658
1658
1658
1658
1658
1658
1.000000409
1
1
1
1
1
1
1
1
1
1
1
1.000000001
1.000000003
1.000000007
1.000000038
1.000000352
1658
1658
1658
1658
1658
1658
1658
1658
1658
1658
1658
1658
1658
1658
1658
1658
1658
1658
1658
1658
1658
1658
1658
1.000000409
1
1
1
1
1
1
1
1
1
1
1
1.000000001
1.000000004
1.000000012
1.000000108
1.000000237
1658
1658
1658
1658
1658
1658
1658
1658
1658
1658
1658
1658
1658
1658
1658
1658
1658
1658
1658
1658
1658
1658
1658
1.000000407
1
1
1
1
1
1
1
1
1
1
1.000000001
1.000000002
1.000000005
1.000000011
1.000000085
1.000000206
42.72172357
1658
1658
1658
1658
1658
1658
1658
1658
1658
1658
1658
1658
1658
1658
1658
1658
1658
1658
1658
1658
1658
1658
1.000000405
1
1
1
1
1
1
1
1
1.000000001
1.000000002
1.000000003
1.000000003
1.000000006
1.000000012
1.000000059
1.000000672
1
1658
1658
1658
1658
1658
1658
1658
1658
1658
1658
1658
1658
1658
1658
1658
1658
1658
1658
1658
1658
1658
1658
1.000000401
1
1
1
1
1
1
1
1
1.000000001
1.000000003
1.000000005
1.000000006
1.000000008
1.000000012
1.000000036
1.000000188
27.92826184
1658
1658
1658
1658
1658
1658
1658
1658
1658
1658
1658
1658
1658
1658
1658
1658
1658
1658
1658
1658
1658
1658
1.000000398
1
1
1
1
1
1
1
1
1.000000001
1.000000003
1.000000006
1.000000008
1.000000011
1.000000012
1.000000029
1.000000082
1658
1658
1658
1658
1658
1658
1658
1658
1658
1658
1658
1658
1658
1658
1658
1658
1658
1658
1658
1658
1658
1658
1658
1.000000393
1
1
1
1
1
1
1
1.000000001
1.000000002
1.000000005
1.000000008
1.00000001
1.000000007
1658
1658
1658
1658
1658
1658
1658
1658
1658
1658
1658
1658
1658
1658
1658
1658
1658
1658
1658
1658
1658
1658
1658
1658
1658
1658
1.000000388
1
1
1
1
1
1
1
1.000000002
1.000000007
1.000000009
1.000000011
1.00000001
1
1658
1658
1658
1658
1658
1658
1658
1658
1658
1658
1658
1658
1658
1658
1658
1658
1658
1658
1658
1658
1658
1658
1658
1658
1658
1658
1.000000382
1
1
1
1
1
1
1
1.000000001
1.000000038
1.000000035
1.000000031
1.000000021
71.98524114
1658
1658
1658
1658
1658
1658
1658
1658
1658
1658
1658
1658
1658
1658
1658
1658
1658
1658
1658
1658
1658
1658
1658
1658
1658
1658
1.000000376
1
1
1
1
1
1
1
1
1.000000505
1.000002259
1.000000092
1.00000006
1.000000034
1658
1658
1658
1658
1658
1658
1658
1658
1658
1658
1658
1658
1658
1658
1658
1658
1658
1658
1658
1658
1658
1658
1658
1658
1658
1658
1.000000369
1
1
1
1
1
1
1
1
1.000000358
1.000001738
1.000000064
1.000000082
1.000000051
1.000000008
1658
1658
1658
1658
1658
1658
1658
1658
1658
1658
1658
1658
1658
1658
1658
1658
1658
1658
1658
1658
1658
1658
1658
1658
1658
1.000000362
1
1
1
1
1
1
1
1658
1658
1.000000092
1.000000011
1.000000021
1.000000013
1.000000009
1658
1658
1658
1658
1658
1658
1658
1658
1658
1658
1658
1658
1658
1658
1658
1658
1658
1658
1658
1658
1658
1658
1658
1658
1658
1.000000355
1
1
1
1
1
1
1
1658
1658
28.83615681
1658
16.15989771
1.000000006
1.000000011
1658
1658
1658
1658
1658
1658
1658
1658
1658
1658
1658
1658
1658
1658
1658
1658
1658
1658
1658
1658
1658
1658
1658
1658
1658
1.000000348
1
1
1
1
1
1
1
1.000000008
1.000000014
1.000000021
1658
8.205914683
1.000000016
1.000000016
1658
1658
1658
1658
1658
1658
1658
1658
1658
1658
1658
1658
1658
1658
1658
1658
1658
1658
1658
1658
1658
1658
1658
1658
1658
1.00000034
1
1
1
1
1
1
1
1.000000005
1.000000013
1.000000023
1.000000034
1.000000037
1.000000029
1.000000021
1658
1658
1658
1658
1658
1658
1658
1658
1658
1658
1658
1658
1658
1658
1658
1658
1658
1658
1658
1658
1658
1658
1658
1658
1658
1.000000333
1
1
1
1
1
1
1
1.000000005
1.000000013
1.000000024
1.000000033
1.000000033
1.000000029
1.000000012
1658
1658
1658
1658
1658
1658
1658
1658
1658
1658
1658
1658
1658
1658
1658
1658
1658
1658
1658
1658
1658
1658
1658
1658
1658
1.000000325
1
1
1
1
1
1
1
1.000000006
1.000000015
1.000000028
1.000000036
1.000000031
1.000000018
1658
1658
1658
1658
1658
1658
1658
1658
1658
1658
1658
1658
1658
1658
1658
1658
1658
1658
1658
1658
1658
1658
1658
1658
1658
1658
1.000000318
1
1
1
1
1
1
1
1.000000009
1.00000002
1.000000035
1.000000048
1.00000005
1.000000033
54.14843262
1658
1658
1658
1658
1658
1658
1658
1658
1658
1658
1658
1658
1658
1658
1658
1658
1658
1658
1658
1658
1658
1658
1658
1658
1658
1.00000031
1
1
1
1
1
1
1
1.000000009
1.00000002
1.000000036
1.00000005
1.000000059
1.000000062
1.000000051
1658
1658
1658
1658
1658
1658
1658
1658
1658
1658
1658
1658
1658
1658
1658
1658
1658
1658
1658
1658
1658
1658
1658
1658
1658
1.000000303
1
1
1
1
1
1
1
1.000000005
1.000000013
1.000000026
1.000000039
1.000000053
1.000000071
1.000000076
1658
1658
1658
1658
1658
1658
1658
1658
1658
1658
1658
1658
1658
1658
1658
1658
1658
1658
1658
1658
1658
1658
1658
1658
1658
1.000000297
1
1
1
1
1
1
1
1.000000002
1.000000006
1.000000014
1.000000024
1.000000041
1.00000007
1.000000079
1658
1658
1658
1658
1658
1658
1658
1658
1658
1658
1658
1658
1658
1658
1658
1658
1658
1658
1658
1658
1658
1658
1658
1658
1658
1.00000029
1
1
1
1
1
1
1
1.000000001
1.000000002
1.000000007
1.000000017
1.000000035
1.000000067
1.000000079
1658
1658
1658
1658
1658
1658
1658
1658
1658
1658
1658
1658
1658
1658
1658
1658
1658
1658
1658
1658
1658
1658
1658
1658
1658
1.000000284
1
1
1
1
1
1
1
1
1.000000001
1.000000005
1.000000016
1.000000037
1.000000066
1.000000079
1658
1658
1658
1658
1658
1658
1658
1658
1658
1658
1658
1658
1658
1658
1658
1658
1658
1658
1658
1658
1658
1658
1658
1658
1658
1.000000278
1
1
1
1
1
1
1
1
1.000000001
1.000000005
1.000000018
1.000000041
1.000000066
1.000000078
1658
1658
1658
1658
1658
1658
1658
1658
1658
1658
1658
1658
1658
1658
1658
1658
1658
1658
1658
1658
1658
1658
1658
1658
1658
1.000000273
1
1
1
1
1
1
1
1
1.000000001
1.000000006
1.000000018
1.000000039
1.000000068
1.000000077
1658
1658
1658
1658
1658
1658
1658
1658
1658
1658
1658
1658
1658
1658
1658
1658
1658
1658
1658
1658
1658
1658
1658
1658
1658
1.000000267
1
1
1
1
1
1
1
1
1.000000002
1.000000007
1.000000016
1.000000032
1.000000064
1.000000077
1658
1658
1658
1658
1658
1658
1658
1658
1658
1658
1658
1658
1658
1658
1658
1658
1658
1658
1658
1658
1658
1658
1658
1658
1658
1.000000263
1
1
1
1
1
1
1
1.000000001
1.000000003
1.000000009
1.000000015
1.000000027
1.000000057
1.000000075
1658
1658
1658
1658
1658
1658
1658
1658
1658
1658
1658
1658
1658
1658
1658
1658
1658
1658
1658
1658
1658
1658
1658
1658
1658
1.000000258
1
1
1
1
1
1
1
1.000000001
1.000000005
1.000000014
1.000000018
1.000000025
1.00000005
1.00000007
1658
1658
1658
1658
1658
1658
1658
1658
1658
1658
1658
1658
1658
1658
1658
1658
1658
1658
1658
1658
1658
1658
1658
1658
1658
1.000000254
1
1
1
1
1
1
1
1.000000002
1.000000007
1.00000002
1.000000027
1.000000029
1.000000047
1.00000007
1658
1658
1658
1658
1658
1658
1658
1658
1658
1658
1658
1658
1658
1658
1658
1658
1658
1658
1658
1658
1658
1658
1658
1658
1658
1.000000251
1
1
1
1
1
1
1
1.000000002
1.000000009
1.000000031
1.00000004
1.000000037
1.000000048
1.000000069
1658
1658
1658
1658
1658
1658
1658
1658
1658
1658
1658
1658
1658
1658
1658
1658
1658
1658
1658
1658
1658
1658
1658
1658
1658
1.000000248
1
1
1
1
1
1
1
1.000000002
1.000000014
1.000000045
1.000000056
1.000000047
1.000000051
1.000000066
1658
1658
1658
1658
1658
1658
1658
1658
1658
1658
1658
1658
1658
1658
1658
1658
1658
1658
1658
1658
1658
1658
1658
1658
1658
1.000000245
1
1
1
1
1
1
1
1.000000003
1.000000028
1.000000067
1.00000008
1.000000056
1.000000055
1.000000065
1658
1658
1658
1658
1658
1658
1658
1658
1658
1658
1658
1658
1658
1658
1658
1658
1658
1658
1658
1658
1658
1658
1658
1658
1658
1.000000242
1
1
1
1
1
1
1
1.000000014
1.000000051
1.000000091
1.000000086
1.000000058
1.000000058
1.00000005
1658
1658
1658
1658
1658
1658
1658
1658
1658
1658
1658
1658
1658
1658
1658
1658
1658
1658
1658
1658
1658
1658
1658
1658
1658
1.00000024
1
1
1
1
1
1
1
1.000000028
1.000000064
1.000000086
1.000000077
1.000000059
1.000000053
1658
1658
1658
1658
1658
1658
1658
1658
1658
1658
1658
1658
1658
1658
1658
1658
1658
1658
1658
1658
1658
1658
1658
1658
1658
1658
1.000000239
1
1
1
1
1
1
1
1.000000022
1.000000054
1.00000008
1.000000078
1.000000064
1.000000058
1.000000201
1658
1658
1658
1658
1658
1658
1658
1658
1658
1658
1658
1658
1658
1658
1658
1658
1658
1658
1658
1658
1658
1658
1658
1658
1658
1.000000238
1
1
1
1
1
1
1
1.000000013
1.000000039
1.000000078
1.000000102
1.000000111
1.000000193
1.000000673
1.00164627
1658
1658
1658
1658
1658
1658
1658
1658
1658
1658
1658
1658
1658
1658
1658
1658
1658
1658
1658
1658
1658
1658
1658
1658
1.000000237
1
1
1
1
1
1
1
1.000000004
1.000000017
1.000000047
1.000000091
1.000000138
1.000000351
1.000001364
1
1658
1658
1658
1658
1658
1658
1658
1658
1658
1658
1658
1658
1658
1658
1658
1658
1658
1658
1658
1658
1658
1658
1658
1658
1.000000236
1
1
1
1
1
1
1
1.000000001
1.000000005
1.000000016
1.000000042
1.000000081
1.000000164
1.000000085
1.01098415
1658
1658
1658
1658
1658
1658
1658
1658
1658
1658
1658
1658
1658
1658
1658
1658
1658
1658
1658
1658
1658
1658
1658
1658
1.000000237
1
1
1
1
1
1
1
1
1.000000001
1.000000004
1.000000011
1.000000027
1.000000056
1.000000019
1.002223517
1658
1658
1658
1658
1658
1658
1658
1658
1658
1658
1658
1658
1658
1658
1658
1658
1658
1658
1658
1658
1658
1658
1658
1658
1.000000237
1
1
1
1
1
1
1
1
1
1
1.000000002
1.000000005
1.000000012
1.000000004
1.000783575
1658
1658
1658
1658
1658
1658
1658
1658
1658
1658
1658
1658
1658
1658
1658
1658
1658
1658
1658
1658
1658
1658
1658
1658
1.000000238
1
1
1
1
1
1
1
1
1
1
1
1.000000001
1.000000002
1.000000002
1.000843935
1658
1658
1658
1658
1658
1658
1658
1658
1658
1658
1658
1658
1658
1658
1658
1658
1658
1658
1658
1658
1658
1658
1658
1658
1.00000024
1
1
1
1
1
1
1
1
1
1
1
1
1
1.000000002
1.001989401
1658
1658
1658
1658
1658
1658
1658
1658
1658
1658
1658
1658
1658
1658
1658
1658
1658
1658
1658
1658
1658
1658
1658
1658
1.000000242
1
1
1
1
1
1
1
1
1
1
1
1
1.000000001
1.000000013
1.000533643
1658
1658
1658
1658
1658
1658
1658
1658
1658
1658
1658
1658
1658
1658
1658
1658
1658
1658
1658
1658
1658
1658
1658
1658
1.000000244
1
1
1
1
1
1
1
1
1
1
1
1.000000001
1.00000002
1.000000209
1.000026307
1658
1658
1658
1658
1658
1658
1658
1658
1658
1658
1658
1658
1658
1658
1658
1658
1658
1658
1658
1658
1658
1658
1658
1658
1.000000247
1
1
1
1
1
1
1
1
1
1
1.000000001
1.00000002
1.000000156
1.000000458
1.271043504
1658
1658
1658
1658
1658
1658
1658
1658
1658
1658
1658
1658
1658
1658
1658
1658
1658
1658
1658
1658
1658
1658
1658
1658
1.00000025
1
1
1
1
1
1
1
1
1
1.000000001
1.000000009
1.000000083
1.000000304
1.000000402
1658
1658
1658
1658
1658
1658
1658
1658
1658
1658
1658
1658
1658
1658
1658
1658
1658
1658
1658
1658
1658
1658
1658
1658
1658
1.000000254
1
1
1
1
1
1
1
1
1
1.000000003
1.000000034
1.000000202
1.000000483
1.0000005
1658
1658
1658
1658
1658
1658
1658
1658
1658
1658
1658
1658
1658
1658
1658
1658
1658
1658
1658
1658
1658
1658
1658
1658
1658
1.000000258
1
1
1
1
1
1
1
1
1
1.000000002
1.000000029
1.000000164
1.000000403
1.000000278
1658
1658
1658
1658
1658
1658
1658
1658
1658
1658
1658
1658
1658
1658
1658
1658
1658
1658
1658
1658
1658
1658
1658
1658
1658
1.000000262
1
1
1
1
1
1
1
1
1
1.000000002
1.000000024
1.000000147
1.00000036
1.000000179
1658
1658
1658
1658
1658
1658
1658
1658
1658
1658
1658
1658
1658
1658
1658
1658
1658
1658
1658
1658
1658
1658
1658
1658
1658
1.000000267
1
1
1
1
1
1
1
1
1
1.000000001
1.000000011
1.000000093
1.000000234
1.000000098
1658
1658
1658
1658
1658
1658
1658
1658
1658
1658
1658
1658
1658
1658
1658
1658
1658
1658
1658
1658
1658
1658
1658
1658
1658
1.000000272
1
1
1
1
1
1
1
1
1
1
1.000000003
1.000000038
1.000000087
1.000000049
1658
1658
1658
1658
1658
1658
1658
1658
1658
1658
1658
1658
1658
1658
1658
1658
1658
1658
1658
1658
1658
1658
1658
1658
1658
1.000000277
1
1
1
1
1
1
1
1
1
1
1
1.000000009
1.000000022
1.000000022
1658
1658
1658
1658
1658
1658
1658
1658
1658
1658
1658
1658
1658
1658
1658
1658
1658
1658
1658
1658
1658
1658
1658
1658
1658
1.000000282
1
1
1
1
1
1
1
1
1
1
1
1.000000004
1.000000015
1.000000015
72.94618606
1658
1658
1658
1658
1658
1658
1658
1658
1658
1658
1658
1658
1658
1658
1658
1658
1658
1658
1658
1658
1658
1658
1658
1658
1.000000287
1
1
1
1
1
1
1
1
1
1
1
1.000000003
1.00000001
1.000000007
1.000000002
1658
1658
1658
1658
1658
1658
1658
1658
1658
1658
1658
1658
1658
1658
1658
1658
1658
1658
1658
1658
1658
1658
1658
1658
1.000000292
1
1
1
1
1
1
1
1
1
1
1
1.000000001
1.000000002
1.000000002
1.000000001
1658
1658
1658
1658
1658
1658
1658
1658
1658
1658
1658
1658
1658
1658
1658
1658
1658
1658
1658
1658
1658
1658
1658
1658
1.000000297
1
1
1
1
1
1
1
1
1
1
1
1
1.000000001
1.000000001
1.000000001
1658
1658
1658
1658
1658
1658
1658
1658
1658
1658
1658
1658
1658
1658
1658
1658
1658
1658
1658
1658
1658
1658
1658
1658
1.000000301
1
1
1
1
1
1
1
1
1
1
1
1
1.000000001
1.000000001
1.000000001
1658
1658
1658
1658
1658
1658
1658
1658
1658
1658
1658
1658
1658
1658
1658
1658
1658
1658
1658
1658
1658
1658
1658
1658
1.000000306
1
1
1
1
1
1
1
1
1
1
1
1
1
1.000000001
1.000000001
1658
1658
1658
1658
1658
1658
1658
1658
1658
1658
1658
1658
1658
1658
1658
1658
1658
1658
1658
1658
1658
1658
1658
1658
1.00000031
1
1
1
1
1
1
1
1
1
1
1
1
1
1.000000001
1.000000001
1658
1658
1658
1658
1658
1658
1658
1658
1658
1658
1658
1658
1658
1658
1658
1658
1658
1658
1658
1658
1658
1658
1658
1658
1.000000313
1
1
1
1
1
1
1
1
1
1
1
1
1.000000001
1.000000001
6.689331478
1658
1658
1658
1658
1658
1658
1658
1658
1658
1658
1658
1658
1658
1658
1658
1658
1658
1658
1658
1658
1658
1658
1658
1658
1.000000316
1
1
1
1
1
1
1
1
1
1
1
1
1
1
1658
1658
1658
1658
1658
1658
1658
1658
1658
1658
1658
1658
1658
1658
1658
1658
1658
1658
1658
1658
1658
1658
1658
1658
1658
1.000000319
1
1
1
1
1
1
1
1
1
1
1
1
1
1
1658
1658
1658
1658
1658
1658
1658
1658
1658
1658
1658
1658
1658
1658
1658
1658
1658
1658
1658
1658
1658
1658
1658
1658
1658
1.00000032
1
1
1
1
1
1
1
1
1
1
1
1
1
1
1658
1658
1658
1658
1658
1658
1658
1658
1658
1658
1658
1658
1658
1658
1658
1658
1658
1658
1658
1658
1658
1658
1658
1658
1658
1.000000322
1
1
1
1
1
1
1
1
1
1
1
1
1
1
1658
1658
1658
1658
1658
1658
1658
1658
1658
1658
1658
1658
1658
1658
1658
1658
1658
1658
1658
1658
1658
1658
1658
1658
1658
1.000000321
1
1
1
1
1
1
1
)
;

boundaryField
{
    lowerWall
    {
        type            calculated;
        value           uniform 1;
    }
    atmosphere
    {
        type            calculated;
        value           nonuniform List<scalar> 
80
(
1.000000006
1.000000022
1
1
1
1
1
1.000000002
1.000000001
1
1
1
1
1
1
1
1
1
1
1
1
1
1
1
1
1
1
379.4845156
548.8968501
1.000000008
1.000000005
1.000000005
1.000000006
1.000000009
1.000000009
1.000000005
1.000000002
1.000000001
1
1
1
1
1
1
1
1
1
1
1
1.000000028
1.000000022
1.000000013
1.000000004
1.000000001
1
1
1
1
1
1
1
1
1
1
1
1
1
1
1
1
1
1
1
1
1
1
1
1
1
1
)
;
    }
    rightWall
    {
        type            empty;
    }
    leftWall
    {
        type            empty;
    }
    frontAndBack
    {
        type            calculated;
        value           nonuniform List<scalar> 
80
(
1.000000006
1.000000006
1.000000003
806.2460083
1314.610729
1176.825084
1593.601054
1658
1657.999446
1658
1658
1658
1658
1658
1658
1658
1658
1658
1658
1658
1658
1658
1658
1658
1658
1658
1658
1658
1658
1658
1658
1658
1.000000379
1
1
1
1
1
1
1
1
1
1
1
1
1
1
185.7196831
1657.933851
1658
1658
1658
1658
1658
1658
1658
1658
1658
1658
1658
1658
1658
1658
1658
1658
1658
1658
1658
1658
1658
1658
1658
1.000000321
1
1
1
1
1
1
1
)
;
    }
}


// ************************************************************************* //
