/*--------------------------------*- C++ -*----------------------------------*\
| =========                 |                                                 |
| \\      /  F ield         | OpenFOAM: The Open Source CFD Toolbox           |
|  \\    /   O peration     | Version:  2506                                  |
|   \\  /    A nd           | Website:  www.openfoam.com                      |
|    \\/     M anipulation  |                                                 |
\*---------------------------------------------------------------------------*/
FoamFile
{
    version     2.0;
    format      ascii;
    arch        "LSB;label=32;scalar=64";
    class       volScalarField;
    location    "0.007";
    object      kappa;
}
// * * * * * * * * * * * * * * * * * * * * * * * * * * * * * * * * * * * * * //

dimensions      [1 1 -3 -1 0 0 0];

internalField   nonuniform List<scalar> 
3200
(
0.4
0.4
4.995463116
0.4000000014
0.4000000009
0.4000000011
5.761473294
24.99999999
24.99999131
25
25
25
25
25
25
25
25
25
25
25
25
25
25
25
25
25
25
25
25
25
25
25
0.400000009
0.4
0.4
0.4
0.4
0.4
0.4
0.4
0.4
0.4
0.4
0.4000000003
0.4000000002
0.4000000002
6.365874567
24.99999999
24.99998765
25
25
25
25
25
25
25
25
25
25
25
25
25
25
25
25
25
25
25
25
25
25
25
0.400000009
0.4
0.4
0.4
0.4
0.4
0.4
0.4
0.4
0.4
0.4
0.4000000001
0.4000000001
0.4000000002
12.53977499
21.58152107
24.99998281
25
25
25
25
25
25
25
25
25
25
25
25
25
25
25
25
25
25
25
25
25
25
25
0.400000009
0.4
0.4
0.4
0.4
0.4
0.4
0.4
0.4
0.4
0.4
0.4000000001
0.4000000001
0.4000000001
10.50766212
9.158587595
24.99998072
25
25
25
25
25
25
25
25
25
25
25
25
25
25
25
25
25
25
25
25
25
25
25
0.4000000091
0.4
0.4
0.4
0.4
0.4
0.4
0.4
0.4
0.4
0.4
0.4
0.4000000001
0.4000000001
19.87618747
19.40202097
24.99996322
25
25
25
25
25
25
25
25
25
25
25
25
25
25
25
25
25
25
25
25
25
25
25
0.4000000091
0.4
0.4
0.4
0.4
0.4
0.4
0.4
0.4
0.4
0.4
0.4
0.4
0.4000000001
9.997848001
12.53778942
24.99990739
25
25
25
25
25
25
25
25
25
25
25
25
25
25
25
25
25
25
25
25
25
25
25
0.4000000092
0.4
0.4
0.4
0.4
0.4
0.4
0.4
0.4
0.4
0.4
0.4
0.4000000001
0.4000000001
0.4
7.64474907
24.99993158
25
25
25
25
25
25
25
25
25
25
25
25
25
25
25
25
25
25
25
25
25
25
25
0.4000000093
0.4
0.4
0.4
0.4
0.4
0.4
0.4
0.4
0.4
0.4
0.4000000003
0.4000000002
0.4000000001
0.4
10.50380574
24.99999981
25
25
25
25
25
25
25
25
25
25
25
25
25
25
25
25
25
25
25
25
25
25
25
0.4000000094
0.4
0.4
0.4
0.4
0.4
0.4
0.4
0.4
0.4
0.4000000001
0.4000000008
0.4000000051
0.4000000084
0.4000000225
0.4000002649
20.50593671
24.99999997
25
25
25
25
25
25
25
25
25
25
25
25
25
25
25
25
25
25
25
25
25
25
0.4000000095
0.4
0.4
0.4
0.4
0.4
0.4
0.4
0.4
0.4
0.4000000003
0.400000003
0.400000006
0.4000000089
0.4000000143
0.4000000051
3.289216804
24.0315627
25
25
25
25
25
25
25
25
25
25
25
25
25
25
25
25
25
25
25
25
25
25
0.4000000096
0.4
0.4
0.4
0.4
0.4
0.4
0.4
0.4
0.4000000001
0.4000000008
0.4000000033
0.400000006
0.4000000081
0.4000000108
0.4000000059
0.4000000015
6.576163262
24.99999993
25
25
25
25
25
25
25
25
25
25
25
25
25
25
25
25
25
25
25
25
25
0.4000000098
0.4
0.4
0.4
0.4
0.4
0.4
0.4
0.4
0.4000000003
0.4000000012
0.4000000031
0.4000000059
0.4000000073
0.40000001
0.400000008
0.4000000014
1.641519455
24.99999976
25
25
25
25
25
25
25
25
25
25
25
25
25
25
25
25
25
25
25
25
25
0.4000000099
0.4
0.4
0.4
0.4
0.4
0.4
0.4
0.4000000001
0.4000000006
0.400000002
0.4000000035
0.4000000059
0.4000000072
0.4000000078
0.400000007
1.968822365
7.441951074
24.99999995
25
25
25
25
25
25
25
25
25
25
25
25
25
25
25
25
25
25
25
25
25
0.40000001
0.4
0.4
0.4
0.4
0.4
0.4
0.4
0.4
0.4000000006
0.4000000033
0.4000000045
0.4000000062
0.4000000066
4.664023094
8.127508696
11.75427392
14.08787371
25
25
25
25
25
25
25
25
25
25
25
25
25
25
25
25
25
25
25
25
25
25
0.4000000102
0.4
0.4
0.4
0.4
0.4
0.4
0.4
0.400000002
0.4000000035
0.4000000045
0.400000005
0.4000000056
0.4000000042
19.31073783
23.63918813
24.99999995
24.99999995
24.99999998
25
25
25
25
25
25
25
25
25
25
25
25
25
25
25
25
25
25
25
25
25
0.4000000103
0.4
0.4
0.4
0.4
0.4
0.4
0.4
0.4000000038
0.4000000043
0.4000000046
0.4000000047
0.4000000044
0.4000000016
7.504101117
25
21.58750228
24.99999995
24.99999999
25
25
25
25
25
25
25
25
25
25
25
25
25
25
25
25
25
25
25
25
25
0.4000000104
0.4
0.4
0.4
0.4
0.4
0.4
0.4
0.400000004
0.4000000042
0.4000000042
0.400000004
0.4000000032
0.4000000014
0.4263841079
18.17467646
24.78999504
24.99999996
24.99999991
25
25
25
25
25
25
25
25
25
25
25
25
25
25
25
25
25
25
25
25
25
0.4000000105
0.4
0.4
0.4
0.4
0.4
0.4
0.4
0.4000000037
0.4000000037
0.4000000035
0.400000003
0.4000000019
0.4000000017
0.4000000008
1.979564519
10.79851919
24.71149055
24.99999945
25
25
25
25
25
25
25
25
25
25
25
25
25
25
25
25
25
25
25
25
25
0.4000000107
0.4
0.4
0.4
0.4
0.4
0.4
0.4
0.4000000032
0.4000000031
0.4000000027
0.4000000024
0.4000000016
0.4000000014
0.4000000013
7.013909762
16.23341378
14.14316568
24.99999886
25
25
25
25
25
25
25
25
25
25
25
25
25
25
25
25
25
25
25
25
25
0.4000000108
0.4
0.4
0.4
0.4
0.4
0.4
0.4
0.4000000028
0.4000000026
0.4000000023
0.4000000024
0.4000000013
0.4000000009
0.4000000011
8.927556279
11.21367667
24.99705814
24.99996168
25
25
25
25
25
25
25
25
25
25
25
25
25
25
25
25
25
25
25
25
25
0.4000000109
0.4
0.4
0.4
0.4
0.4
0.4
0.4
0.4000000026
0.4000000024
0.4000000025
0.400000002
0.4000000011
0.4000000012
0.4000000007
0.4
1.036048389
19.67098136
24.99999869
25
25
25
25
25
25
25
25
25
25
25
25
25
25
25
25
25
25
25
25
25
0.400000011
0.4
0.4
0.4
0.4
0.4
0.4
0.4
0.400000002
0.4000000022
0.4000000023
0.4000000023
0.4000000015
0.4000000024
0.4000000034
0.4373003697
1.786646259
15.47251772
24.99999993
25
25
25
25
25
25
25
25
25
25
25
25
25
25
25
25
25
25
25
25
25
0.4000000111
0.4
0.4
0.4
0.4
0.4
0.4
0.4
0.4000000012
0.4000000017
0.4000000019
0.400000002
0.400000002
0.4000000029
0.40000001
0.4000000035
0.4000000002
12.939159
24.99999712
25
25
25
25
25
25
25
25
25
25
25
25
25
25
25
25
25
25
25
25
25
0.4000000112
0.4
0.4
0.4
0.4
0.4
0.4
0.4
0.4000000005
0.4000000011
0.4000000015
0.4000000016
0.4000000016
0.4000000053
0.4000000207
0.4000000178
0.4000000011
9.775718731
24.99999966
25
25
25
25
25
25
25
25
25
25
25
25
25
25
25
25
25
25
25
25
25
0.4000000112
0.4
0.4
0.4
0.4
0.4
0.4
0.4
0.4000000003
0.4000000008
0.400000001
0.4000000009
0.4000000022
0.4000000111
0.400000034
0.4000000273
0.4000000193
9.267016276
24.99999998
25
25
25
25
25
25
25
25
25
25
25
25
25
25
25
25
25
25
25
25
25
0.4000000113
0.4
0.4
0.4
0.4
0.4
0.4
0.4
0.4000000001
0.4000000003
0.4000000004
0.4000000008
0.4000000056
0.4000000214
0.4000000513
0.4000000264
0.4000000237
14.48084341
24.99999997
25
25
25
25
25
25
25
25
25
25
25
25
25
25
25
25
25
25
25
25
25
0.4000000113
0.4
0.4
0.4
0.4
0.4
0.4
0.4
0.4
0.4000000002
0.4000000005
0.4000000015
0.4000000149
0.4000000316
0.4000000272
0.4000000147
0.400000005
21.50855689
24.99999988
25
25
25
25
25
25
25
25
25
25
25
25
25
25
25
25
25
25
25
25
25
0.4000000113
0.4
0.4
0.4
0.4
0.4
0.4
0.4
0.4000000001
0.4000000005
0.4000000018
0.4000000047
0.4000000087
0.4000000171
0.4000000173
0.4000000081
0.4000000005
17.50479852
24.99999992
25
25
25
25
25
25
25
25
25
25
25
25
25
25
25
25
25
25
25
25
25
0.4000000113
0.4
0.4
0.4
0.4
0.4
0.4
0.4
0.4000000003
0.4000000013
0.4000000029
0.4000000039
0.4000000062
0.4000000105
0.4000000114
0.4000000049
0.4000000006
10.08842865
24.99999999
25
25
25
25
25
25
25
25
25
25
25
25
25
25
25
25
25
25
25
25
25
0.4000000113
0.4
0.4
0.4
0.4
0.4
0.4
0.4
0.4000000006
0.4000000021
0.4000000029
0.400000003
0.4000000037
0.4000000055
0.400000006
0.4000000015
0.4000000007
10.91423498
24.99999998
25
25
25
25
25
25
25
25
25
25
25
25
25
25
25
25
25
25
25
25
25
0.4000000113
0.4
0.4
0.4
0.4
0.4
0.4
0.4
0.4000000009
0.4000000025
0.400000003
0.4000000027
0.4000000025
0.4000000026
0.4000000022
0.4000000015
0.4000000008
13.52835292
24.99999993
25
25
25
25
25
25
25
25
25
25
25
25
25
25
25
25
25
25
25
25
25
0.4000000113
0.4
0.4
0.4
0.4
0.4
0.4
0.4
0.4000000012
0.4000000028
0.4000000032
0.400000003
0.4000000027
0.4000000024
0.400000002
0.4000000016
0.4000000007
16.67154971
24.99999996
25
25
25
25
25
25
25
25
25
25
25
25
25
25
25
25
25
25
25
25
25
0.4000000112
0.4
0.4
0.4
0.4
0.4
0.4
0.4
0.4000000013
0.4000000028
0.4000000033
0.4000000033
0.4000000031
0.4000000021
0.4000000014
0.4000000009
1.581215282
22.34292475
24.99999998
25
25
25
25
25
25
25
25
25
25
25
25
25
25
25
25
25
25
25
25
25
0.4000000112
0.4
0.4
0.4
0.4
0.4
0.4
0.4
0.4000000013
0.4000000028
0.4000000034
0.4000000035
0.400000003
0.4000000015
0.4000000006
0.4000000003
6.195360004
24.99999999
25
25
25
25
25
25
25
25
25
25
25
25
25
25
25
25
25
25
25
25
25
25
0.4000000111
0.4
0.4
0.4
0.4
0.4
0.4
0.4
0.4000000011
0.4000000026
0.4000000034
0.4000000035
0.4000000026
0.4000000008
0.4000000004
0.4000000004
0.4119609829
18.12213089
24.99999996
25
25
25
25
25
25
25
25
25
25
25
25
25
25
25
25
25
25
25
25
25
0.400000011
0.4
0.4
0.4
0.4
0.4
0.4
0.4
0.400000001
0.4000000025
0.4000000033
0.4000000035
0.4000000029
0.400000002
0.4000000014
0.4000000009
0.4000000004
1.918002349
19.86136735
24.99999999
25
25
25
25
25
25
25
25
25
25
25
25
25
25
25
25
25
25
25
25
0.4000000109
0.4
0.4
0.4
0.4
0.4
0.4
0.4
0.4000000014
0.4000000026
0.4000000032
0.4000000033
0.4000000026
0.4000000019
0.4000000013
0.4000000009
0.4000000004
0.4000000002
2.231162869
24.99999996
25
25
25
25
25
25
25
25
25
25
25
25
25
25
25
25
25
25
25
25
0.4000000108
0.4
0.4
0.4
0.4
0.4
0.4
0.4
0.400000002
0.4000000028
0.4000000031
0.4000000028
0.400000002
0.4000000013
0.4000000008
0.4000000006
0.4000000005
0.4000000004
1.059268034
24.99999995
25
25
25
25
25
25
25
25
25
25
25
25
25
25
25
25
25
25
25
25
0.4000000107
0.4
0.4
0.4
0.4
0.4
0.4
0.4
0.4000000015
0.4000000024
0.4000000023
0.4000000018
0.4000000011
0.4000000006
0.4000000004
0.4000000004
0.4000000004
0.4000000005
1.51964983
24.99999961
25
25
25
25
25
25
25
25
25
25
25
25
25
25
25
25
25
25
25
25
0.4000000105
0.4
0.4
0.4
0.4
0.4
0.4
0.4
0.4000000004
0.4000000011
0.400000001
0.4000000007
0.4000000004
0.4000000003
0.4000000003
0.4000000004
0.4000000004
0.4000000005
1.548031624
24.99999874
25
25
25
25
25
25
25
25
25
25
25
25
25
25
25
25
25
25
25
25
0.4000000104
0.4
0.4
0.4
0.4
0.4
0.4
0.4
0.4000000001
0.4000000002
0.4000000003
0.4000000003
0.4000000003
0.4000000004
0.4000000004
0.4000000005
0.4000000005
0.4000000005
2.121802722
24.99974196
25
25
25
25
25
25
25
25
25
25
25
25
25
25
25
25
25
25
25
25
0.4000000103
0.4
0.4
0.4
0.4
0.4
0.4
0.4
0.4000000004
0.4000000009
0.4000000008
0.4000000008
0.4000000007
0.4000000004
0.4000000004
0.4000000005
0.4000000005
0.4000000006
3.542322555
24.99607017
25
25
25
25
25
25
25
25
25
25
25
25
25
25
25
25
25
25
25
25
0.4000000101
0.4
0.4
0.4
0.4
0.4
0.4
0.4
0.400000001
0.4000000018
0.4000000016
0.4000000005
0.4000000001
0.4000000001
0.6271623007
5.37552605
7.898138264
10.28833249
22.34116048
24.99999995
25
25
25
25
25
25
25
25
25
25
25
25
25
25
25
25
25
25
25
25
0.40000001
0.4
0.4
0.4
0.4
0.4
0.4
0.4
0.4000000012
0.4000000017
0.4000000008
0.4000000003
4.509857408
12.17081467
19.71714997
24.99999996
24.99999997
24.99999997
25
25
25
25
25
25
25
25
25
25
25
25
25
25
25
25
25
25
25
25
25
25
0.4000000098
0.4
0.4
0.4
0.4
0.4
0.4
0.4
0.4000000009
0.4000000016
0.4000000007
8.710778469
24.86662236
24.7613926
24.87121714
24.99999992
24.99998454
25
25
25
25
25
25
25
25
25
25
25
25
25
25
25
25
25
25
25
25
25
25
25
0.4000000097
0.4
0.4
0.4
0.4
0.4
0.4
0.4
0.4000000003
0.4000000014
0.4000000017
5.012312503
10.85611999
1.324072187
8.113271316
24.95277213
24.99997593
25
25
25
25
25
25
25
25
25
25
25
25
25
25
25
25
25
25
25
25
25
25
25
0.4000000095
0.4
0.4
0.4
0.4
0.4
0.4
0.4
0.4000000001
0.4000000006
0.4000000019
0.4000000015
0.4000000018
0.4000000031
2.486268797
24.9965531
24.99997284
25
25
25
25
25
25
25
25
25
25
25
25
25
25
25
25
25
25
25
25
25
25
25
0.4000000094
0.4
0.4
0.4
0.4
0.4
0.4
0.4
0.4
0.4000000002
0.4000000016
0.4000000025
0.4000000034
0.4000000043
1.404244252
24.99977746
24.99996654
25
25
25
25
25
25
25
25
25
25
25
25
25
25
25
25
25
25
25
25
25
25
25
0.4000000092
0.4
0.4
0.4
0.4
0.4
0.4
0.4
0.4
0.4000000003
0.4000000035
0.4000000055
0.4000000059
0.4000000055
0.740201791
24.84484102
24.99999574
25
25
25
25
25
25
25
25
25
25
25
25
25
25
25
25
25
25
25
25
25
25
25
0.4000000091
0.4
0.4
0.4
0.4
0.4
0.4
0.4
0.4
0.4000000004
0.4000000164
0.4000000123
0.4000000095
0.4000000071
0.4000000001
22.25709789
24.99999944
24.99999998
25
25
25
25
25
25
25
25
25
25
25
25
25
25
25
25
25
25
25
25
25
25
0.400000009
0.4
0.4
0.4
0.4
0.4
0.4
0.4
0.4
0.4000000005
0.4000000208
0.4000000465
0.40000003
0.4000000077
0.400000101
17.98531531
24.99998453
25
25
25
25
25
25
25
25
25
25
25
25
25
25
25
25
25
25
25
25
25
25
25
0.4000000089
0.4
0.4
0.4
0.4
0.4
0.4
0.4
0.4
0.4000000347
0.4000000266
0.4000000112
1.047691169
8.491250461
10.6887221
24.46157554
24.99999997
24.99999995
25
25
25
25
25
25
25
25
25
25
25
25
25
25
25
25
25
25
25
25
25
25
0.4000000088
0.4
0.4
0.4
0.4
0.4
0.4
0.4
6.864104878
7.220788195
10.48213839
1.514827753
6.076629992
19.08623353
16.45133942
25
24.99999999
25
25
25
25
25
25
25
25
25
25
25
25
25
25
25
25
25
25
25
25
25
25
25
0.4000000087
0.4
0.4
0.4
0.4
0.4
0.4
0.4
0.4
0.4000000002
3.309697074
1.612345227
0.4388215328
0.6352141804
0.5209453102
14.19472159
24.99999997
24.99999996
25
25
25
25
25
25
25
25
25
25
25
25
25
25
25
25
25
25
25
25
25
25
0.4000000086
0.4
0.4
0.4
0.4
0.4
0.4
0.4
0.4
0.4000000002
0.4000000012
0.4000000028
0.4000000038
0.4000000032
0.4000000013
5.405746163
24.99999997
24.99999993
25
25
25
25
25
25
25
25
25
25
25
25
25
25
25
25
25
25
25
25
25
25
0.4000000085
0.4
0.4
0.4
0.4
0.4
0.4
0.4
0.4
0.4
0.4000000008
0.4000000031
0.4000000052
0.4000000035
0.4000000009
3.297756982
25
24.99999999
25
25
25
25
25
25
25
25
25
25
25
25
25
25
25
25
25
25
25
25
25
25
0.4000000085
0.4
0.4
0.4
0.4
0.4
0.4
0.4
0.4
0.4
0.4000000005
0.4000000025
0.4000000045
0.400000004
0.4000000012
1.089773354
24.88086733
24.99999995
25
25
25
25
25
25
25
25
25
25
25
25
25
25
25
25
25
25
25
25
25
25
0.4000000084
0.4
0.4
0.4
0.4
0.4
0.4
0.4
0.4
0.4
0.4000000002
0.4000000018
0.4000000039
0.4000000046
0.4000000023
0.4000000005
22.52967902
24.99999999
25
25
25
25
25
25
25
25
25
25
25
25
25
25
25
25
25
25
25
25
25
25
0.4000000084
0.4
0.4
0.4
0.4
0.4
0.4
0.4
0.4
0.4
0.4000000001
0.4000000013
0.4000000037
0.4000000047
0.4000000033
0.4000000005
19.51618911
25
25
25
25
25
25
25
25
25
25
25
25
25
25
25
25
25
25
25
25
25
25
25
0.4000000084
0.4
0.4
0.4
0.4
0.4
0.4
0.4
0.4
0.4
0.4
0.400000001
0.4000000041
0.4000000047
0.4000000032
0.4000000001
19.82523148
25
25
25
25
25
25
25
25
25
25
25
25
25
25
25
25
25
25
25
25
25
25
25
0.4000000083
0.4
0.4
0.4
0.4
0.4
0.4
0.4
0.4
0.4
0.4
0.400000001
0.4000000042
0.400000004
0.4000000026
0.942670481
24.46877803
24.99999964
25
25
25
25
25
25
25
25
25
25
25
25
25
25
25
25
25
25
25
25
25
25
0.4000000083
0.4
0.4
0.4
0.4
0.4
0.4
0.4
0.4
0.4
0.4
0.4000000012
0.4000000038
0.4000000034
0.4000000022
2.809247112
24.99999991
24.99999993
25
25
25
25
25
25
25
25
25
25
25
25
25
25
25
25
25
25
25
25
25
25
0.4000000083
0.4
0.4
0.4
0.4
0.4
0.4
0.4
0.4000000001
0.4
0.4
0.4000000013
0.4000000032
0.4000000026
0.4000000016
13.31136882
24.99999997
24.99999942
25
25
25
25
25
25
25
25
25
25
25
25
25
25
25
25
25
25
25
25
25
25
0.4000000083
0.4
0.4
0.4
0.4
0.4
0.4
0.4
0.4000000008
0.4000000004
0.4000000002
0.4000000009
0.4000000029
0.400000002
2.140407839
24.28471074
16.65343066
24.99999837
25
25
25
25
25
25
25
25
25
25
25
25
25
25
25
25
25
25
25
25
25
25
0.4000000084
0.4
0.4
0.4
0.4
0.4
0.4
0.4
0.4000000016
0.4000000015
0.4000000008
0.4000000008
0.4000000024
0.4000000026
0.7152665487
23.39512415
3.093310752
24.99999995
25
25
25
25
25
25
25
25
25
25
25
25
25
25
25
25
25
25
25
25
25
25
0.4000000084
0.4
0.4
0.4
0.4
0.4
0.4
0.4
0.4000000016
0.4000000017
0.4000000011
0.4000000008
0.4000000019
0.4000000025
0.4000000025
15.30852548
1.73810339
24.99999994
25
25
25
25
25
25
25
25
25
25
25
25
25
25
25
25
25
25
25
25
25
25
0.4000000084
0.4
0.4
0.4
0.4
0.4
0.4
0.4
0.4000000014
0.4000000015
0.4000000014
0.400000001
0.4000000018
0.4000000022
0.400000001
0.4
10.92888485
24.99999999
25
25
25
25
25
25
25
25
25
25
25
25
25
25
25
25
25
25
25
25
25
25
0.4000000084
0.4
0.4
0.4
0.4
0.4
0.4
0.4
0.4000000012
0.4000000015
0.4000000016
0.4000000014
0.4000000018
0.4000000021
0.4000000012
7.077596585
24.87144316
24.99999999
25
25
25
25
25
25
25
25
25
25
25
25
25
25
25
25
25
25
25
25
25
25
0.4000000085
0.4
0.4
0.4
0.4
0.4
0.4
0.4
0.4000000008
0.4000000013
0.4000000017
0.4000000018
0.4000000019
0.4000000019
0.4000000011
14.56175228
8.781877759
24.99999997
25
25
25
25
25
25
25
25
25
25
25
25
25
25
25
25
25
25
25
25
25
25
0.4000000085
0.4
0.4
0.4
0.4
0.4
0.4
0.4
0.4
0.4000000002
0.4000000006
0.4000000012
0.4000000015
0.4000000015
0.4000000011
4.765709163
22.07947994
25
25
25
25
25
25
25
25
25
25
25
25
25
25
25
25
25
25
25
25
25
25
25
0.4000000085
0.4
0.4
0.4
0.4
0.4
0.4
0.4
0.4
0.4000000001
0.4000000002
0.4000000005
0.4000000008
0.4000000008
0.4000000007
4.669859235
24.99999999
24.99999998
25
25
25
25
25
25
25
25
25
25
25
25
25
25
25
25
25
25
25
25
25
25
0.4000000086
0.4
0.4
0.4
0.4
0.4
0.4
0.4
0.4
0.4
0.4000000001
0.4000000002
0.4000000003
0.4000000004
0.4000000006
7.156668083
10.56888268
24.99999999
25
25
25
25
25
25
25
25
25
25
25
25
25
25
25
25
25
25
25
25
25
25
0.4000000086
0.4
0.4
0.4
0.4
0.4
0.4
0.4
0.4000000001
0.4000000002
0.4000000003
0.4000000003
0.4000000004
0.4000000004
0.4000000006
3.082395766
10.96601599
24.99999992
25
25
25
25
25
25
25
25
25
25
25
25
25
25
25
25
25
25
25
25
25
25
0.4000000087
0.4
0.4
0.4
0.4
0.4
0.4
0.4
0.4000000007
0.4000000015
0.4000000016
0.400000001
0.4000000005
0.4000000005
0.4000000005
13.94280257
21.21815326
24.99999993
25
25
25
25
25
25
25
25
25
25
25
25
25
25
25
25
25
25
25
25
25
25
0.4000000087
0.4
0.4
0.4
0.4
0.4
0.4
0.4
0.4000000011
0.4000000024
0.4000000026
0.4000000015
0.4000000006
0.4000000006
0.4000000007
3.531942032
23.29505975
24.99999995
25
25
25
25
25
25
25
25
25
25
25
25
25
25
25
25
25
25
25
25
25
25
0.4000000087
0.4
0.4
0.4
0.4
0.4
0.4
0.4
0.400000002
0.4000000034
0.4000000027
0.4000000014
0.4000000007
0.4000000008
0.4000000002
17.93921794
24.99999986
24.99999997
25
25
25
25
25
25
25
25
25
25
25
25
25
25
25
25
25
25
25
25
25
25
0.4000000088
0.4
0.4
0.4
0.4
0.4
0.4
0.4
0.4000000029
0.400000003
0.4000000022
0.4000000012
0.4000000008
0.4000000006
5.663009306
24.87792542
25
25
25
25
25
25
25
25
25
25
25
25
25
25
25
25
25
25
25
25
25
25
25
25
0.4000000088
0.4
0.4
0.4
0.4
0.4
0.4
0.4
0.4000000025
0.4000000024
0.4000000018
0.4000000012
0.400000001
0.4000000007
1.673481186
10.77110405
24.99999997
25
25
25
25
25
25
25
25
25
25
25
25
25
25
25
25
25
25
25
25
25
25
25
0.4000000088
0.4
0.4
0.4
0.4
0.4
0.4
0.4
0.400000002
0.4000000019
0.4000000015
0.4000000012
0.4000000008
0.4000000003
0.9146679335
23.18715485
24.99999998
24.99999997
25
25
25
25
25
25
25
25
25
25
25
25
25
25
25
25
25
25
25
25
25
25
0.4000000088
0.4
0.4
0.4
0.4
0.4
0.4
0.4
0.400000002
0.4000000015
0.4000000011
0.4000000007
0.4000000002
0.4
2.211982489
12.26156691
24.99901795
25
25
25
25
25
25
25
25
25
25
25
25
25
25
25
25
25
25
25
25
25
25
25
0.4000000088
0.4
0.4
0.4
0.4
0.4
0.4
0.4
)
;

boundaryField
{
    lowerWall
    {
        type            calculated;
        value           uniform 0;
    }
    atmosphere
    {
        type            calculated;
        value           uniform 0;
    }
    rightWall
    {
        type            empty;
    }
    leftWall
    {
        type            empty;
    }
    frontAndBack
    {
        type            calculated;
        value           uniform 0;
    }
}


// ************************************************************************* //
