/*--------------------------------*- C++ -*----------------------------------*\
| =========                 |                                                 |
| \\      /  F ield         | OpenFOAM: The Open Source CFD Toolbox           |
|  \\    /   O peration     | Version:  2506                                  |
|   \\  /    A nd           | Website:  www.openfoam.com                      |
|    \\/     M anipulation  |                                                 |
\*---------------------------------------------------------------------------*/
FoamFile
{
    version     2.0;
    format      ascii;
    arch        "LSB;label=32;scalar=64";
    class       volScalarField;
    location    "0.007";
    object      p;
}
// * * * * * * * * * * * * * * * * * * * * * * * * * * * * * * * * * * * * * //

dimensions      [1 -1 -2 0 0 0 0];

internalField   nonuniform List<scalar> 
3200
(
-2.337447857
1.694883293
1191.310418
-3.269649699
-2.248813819
-3.130418691
696.7694566
11739.28004
10092.6246
8926.901236
8102.061607
7495.717865
7027.041048
6644.297802
6313.386728
6011.005976
5720.885604
5431.645998
5135.4756
4827.232999
4503.790757
4163.535792
3805.984326
3431.485863
3040.996924
2635.909719
2217.924358
1788.955243
1351.063517
906.408712
457.2139754
5.74040221
-0.07002496887
-0.0721815902
-0.07433821051
-0.07649483081
-0.0786514511
-0.08080807138
-0.08296469166
-0.08512131193
-1.620117162
0.5556155275
-2.125765451
-3.979745216
-2.844479699
-3.177073145
752.2974101
11353.62951
9611.705261
8586.013979
7883.567671
7358.053308
6941.110325
6592.46896
6284.860201
5998.749674
5720.008925
5438.580962
5147.552089
4842.43675
4520.606803
4180.834873
3822.934382
3447.48129
3055.602374
2648.816302
2228.916179
1797.884206
1357.83063
910.9505169
459.4932084
5.74040221
-0.07002496886
-0.0721815902
-0.07433821051
-0.07649483081
-0.0786514511
-0.08080807138
-0.08296469166
-0.08512131193
-0.722216793
-0.3623895709
0.3178273736
-1.510819044
-1.741581272
-0.3137844219
3011.812614
7869.662701
8414.560012
7921.887733
7488.146149
7111.822523
6786.883967
6499.614142
6234.842575
5979.131199
5721.82718
5455.124399
5173.722355
4874.362622
4555.372952
4216.271385
3857.446747
3479.91298
3085.125572
2674.846742
2251.047963
1815.840683
1371.428015
920.0716513
464.0694959
5.74040221
-0.07002496886
-0.07218159019
-0.07433821051
-0.07649483081
-0.0786514511
-0.08080807138
-0.08296469166
-0.08512131193
-0.5905313139
-0.3940293274
0.4689576787
-0.614210684
-2.110781796
1.073800804
2381.988654
4309.545784
7013.948983
7198.833712
7035.310483
6814.21123
6594.994332
6384.267304
6175.771721
5961.113044
5733.052424
5486.375992
5217.859983
4925.928787
4610.260706
4271.438317
3910.672802
3529.601183
3130.142947
2714.400773
2284.592833
1843.007445
1391.973513
933.8420313
470.9752146
5.74040221
-0.07002496885
-0.07218159019
-0.07433821051
-0.07649483081
-0.0786514511
-0.08080807138
-0.08296469166
-0.08512131193
-0.5439496673
-0.335355926
0.0003008713359
-0.3922407653
-1.698999049
-0.02591024355
11792.24525
7217.972813
7371.543558
6824.188952
6640.054687
6514.722298
6394.620565
6266.695591
6122.871485
5956.505435
5762.902997
5539.477202
5285.423192
5001.242975
4688.313606
4348.556748
3984.209636
3597.677632
3191.444683
2768.021556
2329.917556
1879.626413
1419.620701
952.3515552
480.2517227
5.740402211
-0.07002496884
-0.07218159019
-0.07433821051
-0.07649483081
-0.0786514511
-0.08080807138
-0.08296469166
-0.08512131193
-0.9090243489
-0.535674352
-1.652410562
-1.22611607
-15.97792685
-11.68366023
1889.139539
3103.100912
5730.04968
6086.323951
6186.000322
6210.006997
6202.075513
6165.029154
6092.520118
5979.141787
5822.585321
5623.215223
5383.121355
5105.31672
4793.206108
4450.277026
4079.939917
3685.459608
3269.938096
2836.32348
2387.430136
1925.961888
1454.534319
975.6950564
491.9420908
5.740402211
-0.07002496883
-0.07218159019
-0.07433821051
-0.07649483081
-0.0786514511
-0.08080807138
-0.08296469166
-0.08512131193
-0.4676774874
-0.3946192898
-0.1566635707
-1.279591127
-1.00058426
-5.908932618
7.840114078
212.718379
5020.127379
5605.054218
5807.618051
5937.233248
6038.650009
6098.830198
6103.043181
6044.961156
5925.086614
5747.681842
5518.534429
5243.702439
4928.926806
4579.417658
4199.82525
3794.291405
3366.529069
2919.905436
2457.517713
1982.257215
1496.861256
1003.954547
506.0827081
5.740402212
-0.07002496882
-0.07218159019
-0.07433821051
-0.07649483081
-0.0786514511
-0.08080807138
-0.08296469166
-0.08512131193
-0.2618584809
-0.1638245639
-0.09015848159
-2.51210378
-3.210109942
-16.49564921
13.39999088
887.6460598
5933.026905
5506.13066
5502.186354
5692.660652
5916.464874
6088.601855
6175.864773
6172.575674
6085.121226
5923.892762
5699.631124
5422.030742
5099.383646
4738.649241
4345.662811
3925.361936
3481.988202
3019.254402
2540.478443
2048.687823
1546.69948
1037.1804
522.6944611
5.740402212
-0.07002496881
-0.07218159019
-0.07433821051
-0.07649483081
-0.0786514511
-0.08080807138
-0.08296469166
-0.08512131192
0.1824569635
0.6209036497
1.109389918
-0.5951905352
-1.938742484
-3.426890336
1.61073239
-35.40524242
4089.729899
4977.356545
5002.337277
5414.760183
5845.949892
6163.25071
6339.242677
6384.358733
6318.934332
6163.139925
5934.065179
5645.400418
5307.922916
4930.1328
4518.820391
4079.513627
3616.814529
3134.649335
2636.454661
2125.315731
1604.068265
1075.373477
541.774381
5.740402213
-0.0700249688
-0.07218159019
-0.07433821051
-0.07649483081
-0.0786514511
-0.08080807138
-0.08296469165
-0.08512131192
0.5693929627
1.524425342
3.060246623
2.779626547
2.603505119
-3.113467979
-1.656276529
-22.55214798
43.38737142
3270.255284
4114.784014
5118.094497
5889.325996
6379.21094
6633.502429
6706.68773
6643.12547
6475.676229
6228.093994
5917.580195
5556.767511
5155.132956
4719.972226
4257.062306
3771.112652
3266.07741
2745.376095
2212.051619
1668.883714
1118.470569
563.2888508
5.740402214
-0.07002496878
-0.07218159019
-0.07433821051
-0.07649483081
-0.0786514511
-0.08080807138
-0.08296469165
-0.08512131192
0.8684554723
2.45209049
4.673086037
7.120970269
7.336570241
-3.658272589
-4.318242945
-13.6160468
17.49801096
-49.15344526
2976.420308
5053.509745
6214.049683
6830.764426
7108.871572
7165.768975
7071.211664
6868.358987
6585.067502
6240.063776
5846.42997
5413.652632
4948.870232
4457.652704
3944.500591
3413.174773
2866.921627
2308.630294
1740.943408
1166.335461
587.1694741
5.740402214
-0.07002496877
-0.07218159019
-0.07433821051
-0.07649483081
-0.0786514511
-0.08080807138
-0.08296469165
-0.08512131192
0.8115398492
2.693556035
5.411123388
8.372272093
10.53332078
5.220833484
1.245450987
-3.148060807
20.30355817
-15.13479209
3467.17614
5905.531303
7082.593498
7620.922693
7805.447872
7776.305372
7607.59448
7341.49219
7003.771027
6611.189425
6175.237271
5704.17289
5204.20028
4680.178872
4136.065917
3575.202619
3000.506472
2414.603983
1819.923028
1218.75733
613.3124328
5.740402215
-0.07002496875
-0.07218159019
-0.07433821051
-0.07649483081
-0.0786514511
-0.08080807138
-0.08296469165
-0.08512131192
0.5578782401
2.381796533
4.828540753
6.902088236
11.80024511
21.88788904
14.90124514
1.70198934
32.16304776
3805.879345
6706.073083
8018.859749
8589.864633
8764.88561
8715.687751
8526.407911
8241.360234
7886.246036
7477.34738
7025.69621
6539.158327
6023.597059
5483.575727
4922.797304
4344.38504
3751.066609
3145.299148
2529.355929
1905.386365
1275.457265
641.5816994
5.740402216
-0.07002496874
-0.07218159019
-0.07433821051
-0.07649483081
-0.0786514511
-0.08080807138
-0.08296469165
-0.08512131192
-0.4023434437
1.278404123
3.003609541
4.08149792
7.867065909
32.13073739
671.5169658
1592.701672
4362.508933
9086.812637
11198.33535
10873.98172
10493.11669
10133.06386
9766.002484
9372.263792
8945.169474
8484.773565
7993.67965
7475.0946
6932.101074
6367.475241
5783.703835
5183.049604
4567.613419
3939.382955
3300.269428
2652.134472
1996.808551
1336.102711
671.8159691
5.740402216
-0.07002496872
-0.07218159019
-0.07433821051
-0.07649483081
-0.0786514511
-0.08080807138
-0.08296469165
-0.08512131192
-2.080312608
-0.5948702764
0.5255710324
2.391997772
3.561804238
15.02015578
14543.6109
22233.99362
21127.41919
24241.56137
16723.85778
13785.6112
12375.56166
11508.23448
10843.00383
10251.46891
9682.265203
9113.995244
8537.510233
7948.907343
7346.674349
6730.492809
6100.710207
5458.083594
4803.638815
4138.58554
3464.263181
2782.104684
2093.610477
1400.328515
703.8386582
5.740402217
-0.07002496871
-0.07218159019
-0.0743382105
-0.07649483081
-0.0786514511
-0.08080807138
-0.08296469165
-0.08512131192
-3.772237501
-2.2912576
-0.9648596157
0.851873867
-2.530569474
-7.639038198
1747.111391
21512.29248
6901.430753
19757.00169
17493.66078
15169.02253
13715.29982
12681.30169
11846.35212
11108.35367
10418.42011
9751.431544
9093.465945
8436.354594
7775.193256
7107.105043
6430.556206
5744.935418
5050.275029
4347.059943
3636.094984
2918.411574
2195.200489
1467.762237
737.4698519
5.740402218
-0.07002496869
-0.07218159019
-0.0743382105
-0.07649483081
-0.0786514511
-0.08080807138
-0.08296469165
-0.08512131192
-3.938940836
-2.153570461
-0.3846130686
2.50834175
3.307267316
0.2619308393
4.686919828
10644.54838
16380.98379
21607.78694
16741.07232
15681.61657
14635.33908
13655.31391
12752.75057
11917.157
11131.61422
10379.84241
9648.571931
8927.852819
8210.633838
7492.170807
6769.469813
6040.826357
5305.467618
4563.286113
3814.646551
3060.246986
2301.018317
1538.050669
772.5387702
5.740402218
-0.07002496868
-0.07218159019
-0.0743382105
-0.07649483081
-0.0786514511
-0.08080807138
-0.08296469165
-0.08512131192
-2.851095611
-2.214998363
-0.7325105099
2.099649145
3.075909892
3.230583035
9.096141544
93.7961087
3466.988047
13581.61654
16042.927
16180.95241
15489.03919
14551.88043
13592.19304
12675.90118
11811.02892
10987.75347
10193.13041
9415.849379
8647.311579
7881.467105
7114.321734
6343.431945
5567.483875
4785.971082
3998.95838
3206.911741
2410.575712
1610.884275
808.8952088
5.740402219
-0.07002496866
-0.07218159019
-0.0743382105
-0.07649483081
-0.0786514511
-0.08080807138
-0.08296469165
-0.08512131192
-1.94388303
-4.591375651
-3.648054461
-1.433909206
-1.907751577
0.5610479682
-2.871866589
1654.477602
9254.507074
11977.64323
17314.89562
17510.21315
16587.98599
15470.9949
14388.23913
13383.21567
12448.84257
11567.01574
10720.34927
9895.099015
9081.288262
8272.057246
7462.914532
6651.095279
5835.065138
5014.155575
4188.303156
3357.865153
2523.488631
1686.016422
846.4185091
5.740402219
-0.07002496865
-0.07218159019
-0.0743382105
-0.0764948308
-0.07865145109
-0.08080807138
-0.08296469165
-0.08512131192
-0.9776911724
-7.754892281
-7.019047189
-3.498908467
-5.357367564
-25.73566989
-27.81372625
3662.290523
4919.466664
30586.66229
23472.85228
19955.28858
17881.69439
16355.87892
15106.54408
14019.87071
13034.10868
12111.12095
11226.15185
10362.90365
9510.677495
8662.553122
7814.181401
6962.969493
6107.526004
5247.281907
4382.231588
3512.755405
2639.496682
1763.274865
885.0228772
5.74040222
-0.07002496863
-0.07218159019
-0.0743382105
-0.0764948308
-0.07865145109
-0.08080807137
-0.08296469165
-0.08512131192
1.147986996
-8.366318311
-7.535750216
-4.631180065
-5.241552157
-14.40123636
-2.291019072
33.00055191
23.88648427
19433.14521
24397.47888
20956.20829
18627.6415
16964.27946
15662.1791
14555.60999
13556.60182
12617.20905
11710.23063
10819.67946
9935.957844
9053.291677
8168.287049
7279.075933
6384.788023
5485.213523
4580.583692
3671.42601
2758.466741
1842.56366
924.6582222
5.740402221
-0.07002496862
-0.07218159019
-0.0743382105
-0.0764948308
-0.07865145109
-0.08080807137
-0.08296469165
-0.08512131192
2.129373487
-5.921286001
-7.099202248
-6.51523709
-6.97919289
-6.341176191
7.21999118
6.952652188
33.30078101
13015.71984
24343.2927
20844.79905
18708.38458
17211.41171
16022.27737
14983.78728
14019.48109
13090.88134
12177.87618
11269.61792
10360.17616
9446.364645
8526.597894
7600.25975
6667.337336
5728.199898
4783.461749
3833.896038
2880.379325
1923.854683
965.3061218
5.740402221
-0.07002496861
-0.07218159018
-0.0743382105
-0.0764948308
-0.07865145109
-0.08080807137
-0.08296469165
-0.08512131192
0.963160315
-3.357148815
-5.390746558
-6.665452455
-8.508446853
-8.667714457
-4.070617902
-6.364094749
-15.20054937
7962.733292
21189.72692
19371.85942
18149.68212
17150.69992
16231.72932
15337.78015
14446.6535
13548.95478
12640.76681
11720.73181
10788.75822
9845.388804
8891.477976
7928.027368
6956.101856
5976.786545
4991.165887
4000.315214
3005.2986
2007.169324
1006.971156
5.740402221
-0.0700249686
-0.07218159018
-0.0743382105
-0.0764948308
-0.07865145109
-0.08080807137
-0.08296469165
-0.08512131191
-0.06155869692
-1.636935308
-2.075332992
-1.906459894
-2.452998753
-2.426684165
-1.862470518
1.364484096
-7.188008465
3773.810345
16631.12566
17305.83878
17367.78133
17009.97404
16416.15977
15688.9488
14880.39476
14017.51197
13115.49667
12183.77762
11228.73145
10254.95048
9265.894612
8264.267989
7252.255415
6231.677913
5204.098863
4170.898835
3133.329443
2092.552447
1049.668608
5.740402222
-0.07002496859
-0.07218159018
-0.0743382105
-0.0764948308
-0.07865145109
-0.08080807137
-0.08296469164
-0.08512131191
-0.4456343217
-1.427030092
-2.313053093
-3.099107375
-4.319631754
-6.379733525
-8.767281818
-9.062174183
-4.240889394
2667.807453
12088.02454
15854.9995
17005.6285
17105.25434
16733.98615
16121.45727
15368.4593
14525.19544
13619.92337
12670.14587
11687.43645
10679.78355
9652.878025
8610.891485
7556.972279
6493.569963
5422.651863
4345.850662
3264.566964
2180.041918
1093.410106
5.740402222
-0.07002496859
-0.07218159018
-0.0743382105
-0.0764948308
-0.07865145109
-0.08080807137
-0.08296469164
-0.08512131191
-0.4238047121
-1.092649627
-1.590624891
-1.961107263
-2.714373615
-3.930390737
-4.602435625
-3.497756508
10.95156114
6699.240551
14463.11539
17018.81821
17694.47803
17671.42775
17293.06949
16694.4298
15946.78394
15094.88178
14168.8503
13189.44328
12171.08318
11123.86588
10054.93777
8969.443599
7871.16986
6762.976598
5647.087074
4525.284042
3399.045006
2269.637575
1138.189052
5.740402222
-0.07002496858
-0.07218159018
-0.0743382105
-0.0764948308
-0.07865145109
-0.08080807137
-0.08296469164
-0.08512131191
-0.4125858823
-1.004105961
-1.501928153
-2.01416928
-2.873291459
-4.433858563
-6.399107001
-11.50049237
-0.7745597075
19479.31224
23572.74471
20057.83367
19082.03536
18592.90591
18072.42901
17416.40195
16629.35883
15738.69227
14771.14871
13747.69236
12683.58588
11589.65531
10473.55809
9340.770267
8195.283667
7040.077626
5877.434522
4709.152289
3536.690448
2361.273528
1183.967551
5.740402222
-0.07002496858
-0.07218159018
-0.0743382105
-0.0764948308
-0.07865145109
-0.08080807137
-0.08296469164
-0.08512131191
-0.3576747997
-0.9851030236
-1.597219961
-2.319479009
-4.188164622
-5.852122524
-10.51297091
-18.10242713
-17.45610967
13967.77393
22172.1213
20555.44349
19982.92109
19545.72691
18987.33323
18269.38263
17415.55149
16459.37366
15429.35592
14346.59103
13225.91195
12077.60758
10908.86309
9724.790071
8529.112706
7324.612774
6113.4188
4897.198141
3677.289266
2454.797195
1230.666386
5.740402222
-0.07002496858
-0.07218159018
-0.0743382105
-0.0764948308
-0.07865145109
-0.08080807137
-0.08296469164
-0.08512131191
-0.2347870733
-0.7957376806
-1.250902017
-2.691706094
-4.76192758
-7.043825244
-12.2235703
-15.9585229
-17.83616606
4548.495082
17006.89521
20008.13597
20748.47299
20619.7419
20061.79047
19258.23672
18304.0869
17253.88853
16140.30544
14983.40276
13795.86206
12585.99587
11359.49077
10120.40849
8871.75949
7615.837835
6354.425957
5088.928674
3820.468227
2549.957241
1278.158985
5.740402222
-0.07002496858
-0.07218159018
-0.07433821049
-0.0764948308
-0.07865145109
-0.08080807137
-0.08296469164
-0.08512131191
-0.1379540372
-0.5711505884
-1.274861689
-2.912960362
-4.58243409
-6.432233951
-11.49777753
-13.14469388
-12.87098246
5915.340954
19523.36853
21722.88726
22383.08905
22122.97228
21381.84934
20397.68313
19288.66671
18111.78079
16894.56946
15650.85118
14388.13613
13111.01909
11822.69043
10525.58859
9221.674152
7912.548149
6599.513167
5283.616969
3965.69286
2646.400772
1326.269599
5.740402222
-0.07002496858
-0.07218159018
-0.07433821049
-0.0764948308
-0.07865145108
-0.08080807136
-0.08296469164
-0.08512131191
-0.06718925395
-0.5368423605
-1.727591832
-3.61193215
-4.832824044
-5.417666393
-8.647973338
-9.93732809
-8.504749339
10015.82332
23520.11387
24977.93774
24938.02216
24107.20366
22944.95059
21661.98475
20341.1168
19009.99439
17675.33778
16337.29634
14994.81118
13647.25078
12294.65945
10937.57769
9576.796443
8213.162333
6847.455145
5480.326029
4112.27868
2743.677961
1374.77484
5.740402222
-0.07002496858
-0.07218159018
-0.07433821049
-0.07649483079
-0.07865145108
-0.08080807136
-0.08296469164
-0.08512131191
-0.0240101115
-0.691552339
-2.378883634
-4.359972187
-5.114226724
-4.757076017
-6.398176793
-6.771206531
-5.889219008
16525.24094
28296.75473
29731.68285
28283.85605
26422.864
24628.76535
22964.19588
21403.82211
19911.73943
18459.49032
17028.18665
15606.56139
14188.5115
12771.11693
11353.26472
9934.769294
8515.845302
7096.812408
5677.945089
4259.409505
2841.250603
1423.40698
5.740402222
-0.07002496858
-0.07218159018
-0.07433821049
-0.07649483079
-0.07865145108
-0.08080807136
-0.08296469164
-0.0851213119
-0.01420571246
-0.923297629
-3.032858492
-5.192120001
-5.521094226
-4.965112585
-5.703090365
-6.593291402
95.78234504
34386.50976
48721.04899
37369.4252
32042.84933
28671.62006
26183.04848
24162.21383
22398.2352
20773.64923
19222.69839
17709.40111
16214.73702
14729.11642
13248.03212
11769.5958
10293.1709
8818.635001
7345.998742
5875.224448
4406.154738
2938.500148
1471.857049
5.740402222
-0.07002496859
-0.07218159018
-0.07433821049
-0.07649483079
-0.07865145108
-0.08080807136
-0.08296469163
-0.0851213119
-0.1108848019
-1.254785458
-3.653278875
-6.239971756
-6.536115637
-5.708021425
-5.325678812
-6.679358577
2651.534946
46085.09894
43398.73773
38982.35819
33846.46666
30037.70538
27269.59613
25103.37628
23253.25374
21561.92321
19948.25476
18371.9849
16813.87
15265.18517
13722.30065
12183.91827
10649.68651
9119.526161
7593.320807
6070.793455
4551.47711
3034.730805
1519.775905
5.740402222
-0.0700249686
-0.07218159018
-0.07433821049
-0.07649483079
-0.07865145108
-0.08080807136
-0.08296469163
-0.0851213119
-0.4099100865
-1.633298217
-4.179194484
-6.916901821
-8.450838009
-9.220098534
-12.23963177
-15.86431235
-16.40936197
25244.60554
38324.91621
41305.46535
34322.93922
30363.13781
27754.25578
25728.44047
23949.47903
22272.53443
20636.41386
19016.41453
17403.57187
15795.45224
14192.06708
12594.09255
11002.13494
9416.466448
7836.966556
6263.149591
4694.224789
3129.164774
1566.772065
5.740402221
-0.07002496861
-0.07218159017
-0.07433821049
-0.07649483079
-0.07865145108
-0.08080807136
-0.08296469163
-0.0851213119
-1.059775136
-2.156664848
-4.372820595
-7.204892494
-9.263184276
-9.751952262
-10.50795199
-10.33754825
-12.35700333
156.0216192
27058.6636
37575.28688
31776.71897
29337.64809
27655.84937
26106.64964
24543.68819
22942.32118
21308.45177
19653.68573
17988.54665
16320.9798
14656.41863
12998.24838
11348.29662
9707.243211
8074.934428
6450.616253
4833.107524
3220.929822
1612.406496
5.740402221
-0.07002496862
-0.07218159017
-0.07433821048
-0.07649483078
-0.07865145107
-0.08080807135
-0.08296469163
-0.0851213119
-2.137224365
-2.783434333
-4.007358151
-5.958218543
-7.294146975
-7.4612649
-7.493542178
-6.769389605
-5.871238232
-6.699716345
230.9955617
19190.4637
25869.82258
27554.88401
27424.84535
26498.62165
25176.30618
23644.61248
22001.38661
20301.32756
18575.94424
16843.49411
15114.37
13394.17805
11685.55724
9989.278309
8304.917988
6631.279898
4966.663871
3309.043377
1656.18626
5.74040222
-0.07002496863
-0.07218159017
-0.07433821048
-0.07649483078
-0.07865145107
-0.08080807135
-0.08296469162
-0.08512131189
-2.115805381
-2.631348909
-3.124774823
-4.71596829
-6.443078581
-7.388110096
-7.398445758
-7.036232696
-5.697092838
-8.123565023
26.63031063
17634.66155
24950.33233
27587.21859
27990.03092
27286.69198
26018.30726
24458.44216
22751.15882
20974.29469
19170.40682
17362.67592
15563.37744
13778.5233
12010.46682
10259.39304
8524.184142
6802.929682
5093.233164
3392.400707
1697.560388
5.74040222
-0.07002496864
-0.07218159017
-0.07433821048
-0.07649483078
-0.07865145107
-0.08080807135
-0.08296469162
-0.08512131189
-1.031285966
-1.450885383
-2.124220115
-4.022237957
-5.800307353
-6.889516968
-7.235550612
-7.379720383
-7.550703899
-9.117544133
91.98525712
25617.59147
28704.93194
29853.6317
29661.37328
28639.81948
27151.79923
25419.70131
23570.5213
21674.29313
19768.71791
17873.42472
15997.93117
14146.05568
12318.37964
10513.63575
8729.497223
6963.029255
5210.94892
3469.776112
1735.92189
5.740402219
-0.07002496865
-0.07218159016
-0.07433821048
-0.07649483078
-0.07865145107
-0.08080807135
-0.08296469162
-0.08512131189
-0.3125567023
-0.7449363482
-2.020062571
-4.253512762
-5.796944511
-7.338093563
-7.803899579
-8.180912796
-8.970145137
-10.3395179
111.069809
37242.41211
34398.13225
33461.01009
32162.02222
30459.42407
28529.38187
26498.05747
24436.94606
22383.6529
20356.76079
18364.38212
16408.8645
14489.37653
12603.34509
10747.26217
8917.137275
7108.746907
5317.767848
3539.844505
1770.619073
5.740402219
-0.07002496866
-0.07218159016
-0.07433821047
-0.07649483077
-0.07865145106
-0.08080807134
-0.08296469162
-0.08512131188
-0.2863326285
-1.04009631
-2.604446942
-5.420212328
-6.893439107
-9.286403592
-9.631630719
-9.96878736
-10.51217546
-8.110517608
265.2316561
39197.87072
38187.16258
37430.25519
35066.2898
32506.47965
30008.25664
27606.2141
25295.56797
23066.62956
20910.31002
18818.49502
16783.77496
14799.2359
12858.34983
10954.91888
9083.037706
7237.056586
5411.54064
3601.22636
1800.977388
5.740402218
-0.07002496867
-0.07218159016
-0.07433821047
-0.07649483077
-0.07865145106
-0.08080807134
-0.08296469161
-0.08512131188
-0.4826464223
-2.173635893
-4.534950311
-7.204063264
-6.573096715
-12.24197443
-7.718204833
-10.56535605
-18.41841959
-16.88574188
1323.056968
52168.43394
50835.83312
43006.53768
38166.40826
34491.94816
31390.95237
28622.98124
26072.4943
23677.00418
21399.37584
19215.53454
17108.51932
15065.44567
13075.89292
11131.01606
9223.032175
7344.902587
5490.119711
3652.55305
1826.330385
5.740402218
-0.07002496868
-0.07218159015
-0.07433821047
-0.07649483077
-0.07865145105
-0.08080807133
-0.08296469161
-0.08512131188
0.4771464769
-1.099322
-1.601024733
-12.62114508
-8.751190833
-16.73752018
-3.709919362
2976.913419
7207.151697
13781.00705
65658.87056
65025.45179
53460.55193
45593.63757
40100.85944
35903.944
32440.61283
29422.26032
26694.42737
24169.52713
21794.67187
19535.77009
17369.34176
15278.14458
13248.75927
11270.21349
9333.166798
7429.402146
5551.488758
3692.544145
1846.055929
5.740402217
-0.0700249687
-0.07218159015
-0.07433821046
-0.07649483076
-0.07865145105
-0.08080807133
-0.0829646916
-0.08512131187
0.02311908188
-4.046348088
-9.139042959
-22.62649219
1366.639017
11836.96989
37487.05763
58620.58695
56992.88252
60806.56528
67194.09429
59695.34954
52118.27058
45806.61513
40739.44972
36582.34408
33045.27526
29931.00411
27113.41876
24512.00419
22074.02442
19763.55208
17554.95505
15429.04652
13370.79
11367.90811
9410.014639
7488.049838
5593.89347
3720.085298
1859.612643
5.740402216
-0.07002496871
-0.07218159014
-0.07433821046
-0.07649483076
-0.07865145105
-0.08080807133
-0.0829646916
-0.08512131187
5.451851413
8.487897472
2.989598508
5619.180443
52175.85192
54438.7041
55076.49757
55339.51461
55842.07299
58159.92834
57845.18514
54259.9248
49510.58198
44775.11972
40467.98877
36640.70563
33227.12637
30143.04305
27316.22141
24691.03599
22225.87322
19889.47698
17657.90428
15512.31594
13437.45479
11420.61391
9450.930423
7518.888072
5615.952881
3734.295535
1866.57159
5.740402216
-0.07002496872
-0.07218159014
-0.07433821045
-0.07649483075
-0.07865145104
-0.08080807132
-0.08296469159
-0.08512131186
1.542696817
3.092777366
-0.6198818676
1840.825152
8369.88499
44.98432863
4777.70861
49093.3919
45671.19587
50933.77616
51768.72165
49988.60754
46889.03154
43315.32308
39716.70743
36285.38783
33079.49016
30097.80799
27317.36437
24710.02491
22248.95108
19910.59283
17674.8941
15524.88098
13446.11218
11426.16539
9454.203559
7520.618263
5616.736237
3734.575449
1866.639476
5.740402215
-0.07002496873
-0.07218159013
-0.07433821045
-0.07649483075
-0.07865145104
-0.08080807132
-0.08296469159
-0.08512131186
0.2955020592
-0.2091497354
-3.076043613
-12.44371431
-16.34233473
-14.9020402
280.3662408
47476.06591
46496.19443
48135.29172
48307.3336
47036.76696
44741.63462
41880.46285
38798.16756
35704.68711
32707.66415
29851.33143
27145.3784
24582.72031
22149.30032
19829.0573
17606.22047
15466.22492
13395.96272
11383.73768
9419.100497
7492.644804
5595.799497
3720.632543
1859.671505
5.740402214
-0.07002496874
-0.07218159013
-0.07433821044
-0.07649483074
-0.07865145103
-0.08080807131
-0.08296469158
-0.08512131185
-1.671977072
-2.822489383
-5.270364135
-10.55918567
-12.61868608
-10.11288206
74.65344818
47382.17714
47513.60873
46803.82749
46288.55549
45109.47077
43160.28211
40666.74281
37890.85497
35027.57826
32195.18753
29454.48839
26830.08409
24326.15384
21936.45848
19650.12066
17454.72508
15337.85781
13287.79213
11293.72958
9345.817784
7435.061211
5553.185273
3692.485062
1845.674278
5.740402214
-0.07002496875
-0.07218159012
-0.07433821044
-0.07649483074
-0.07865145103
-0.08080807131
-0.08296469158
-0.08512131185
-4.344675306
-5.953342193
-7.266467319
-9.137706516
-8.508123785
-6.650279034
9.03411586
47539.69354
47619.89677
45277.85743
44933.55912
43952.24158
42123.27204
39735.38311
37070.96616
34319.62852
31591.05304
28941.36524
26394.30962
23955.33595
21620.24904
19380.24779
17224.72025
15142.71081
13123.63475
11157.57931
9235.382876
7348.597919
5489.396234
3650.449234
1824.800728
5.740402213
-0.07002496875
-0.07218159012
-0.07433821043
-0.07649483073
-0.07865145102
-0.0808080713
-0.08296469157
-0.08512131184
-6.16808377
-7.20087737
-7.987905709
-9.0269307
-8.654145314
-6.046841306
-3.709741012
34660.35667
46830.6606
41762.91129
44215.50741
43642.60177
41645.14668
39080.55555
36338.02217
33588.95656
30908.05762
28325.61806
25850.44471
23480.6159
21208.94578
19025.90805
16921.21577
14884.65147
12906.47294
10977.57914
9089.540369
7234.552933
5405.353695
3595.116051
1797.339709
5.740402213
-0.07002496876
-0.07218159011
-0.07433821042
-0.07649483073
-0.07865145102
-0.0808080713
-0.08296469157
-0.08512131184
-14.08387891
-11.21044627
-10.07727564
-9.481550216
-9.74282884
-8.224477639
-1.622023584
22192.53066
45872.33902
42142.0412
46522.91197
44757.46221
41734.13127
38603.68705
35611.64294
32790.15534
30126.62934
27602.6134
25201.22729
22907.72308
20709.0038
18593.23067
16549.60159
14568.22659
12640.04208
10756.73311
8910.650869
7094.721871
5302.35115
3527.322999
1763.70263
5.740402213
-0.07002496877
-0.0721815901
-0.07433821042
-0.07649483072
-0.07865145101
-0.08080807129
-0.08296469156
-0.08512131183
-21.49983439
-19.99865742
-11.99514024
-8.285980758
30.64107117
5990.53095
8721.871649
54485.49411
55025.35637
69170.60155
54976.73558
47130.12911
41930.17669
37988.41812
34714.75066
31833.43268
29205.71876
26756.99018
24444.12327
22240.03523
20126.11317
18088.41956
16115.75233
14198.63115
12328.7508
10498.66939
8701.612731
6931.335133
5182.008134
3448.124054
1724.408731
5.740402212
-0.07002496877
-0.0721815901
-0.07433821041
-0.07649483071
-0.07865145101
-0.08080807129
-0.08296469156
-0.08512131183
4907.89189
6247.074696
12483.3599
108.425247
3345.968917
36621.48698
24881.54625
57788.29617
56115.44745
78386.35843
57083.17225
46856.05242
40867.97196
36705.0451
33425.54046
30623.13913
28105.84591
25775.5135
23578.23542
21482.17398
19466.99537
17518.59527
15626.37724
13781.81474
11977.67535
10207.58986
8465.800448
6747.000978
5046.224957
3358.758838
1680.069554
5.740402212
-0.07002496878
-0.07218159009
-0.07433821041
-0.07649483071
-0.078651451
-0.08080807128
-0.08296469155
-0.08512131182
-10.43485907
-22.04698101
919.2240521
166.687378
7.944127112
5.93911002
-16.16798517
14898.52202
47934.81342
55416.35199
48113.39654
42342.84648
37980.57368
34538.26606
31659.26161
29127.76731
26819.03107
24660.98704
22611.12525
20643.42493
18741.10393
16892.60466
15089.36774
13324.59497
11592.56046
9888.223225
8207.003654
6544.647365
4897.135527
3260.620034
1631.372408
5.740402212
-0.07002496878
-0.07218159009
-0.0743382104
-0.0764948307
-0.078651451
-0.08080807128
-0.08296469155
-0.08512131182
0.6600153701
-0.08170377373
2.426723122
1.479798823
0.09927406306
-3.162856763
-8.842916296
1556.193616
38423.06709
34288.33063
37611.0676
36421.31577
34173.18742
31808.20621
29545.50454
27409.66415
25381.53906
23438.28007
21561.84857
19739.29513
17961.39937
16221.36953
14513.91541
12834.65602
11179.76221
9545.748009
7929.349741
6327.454387
4737.05453
3155.217528
1579.062323
5.740402212
-0.07002496878
-0.07218159008
-0.0743382104
-0.0764948307
-0.07865145099
-0.08080807127
-0.08296469155
-0.08512131181
-1.14434266
-2.128714509
2.334430347
2.233839355
1.107296119
-1.3630357
-5.028002682
419.0134538
34198.02592
29588.26276
31621.34206
31558.11667
30482.64676
28975.8901
27304.91111
25583.86449
23859.18929
22148.74457
20458.69087
18790.51091
17143.84154
15517.57809
13910.28928
12320.36943
10746.09757
9185.666089
7637.200008
6098.772324
4568.416791
3044.138428
1523.922206
5.740402212
-0.07002496878
-0.07218159008
-0.07433821039
-0.07649483069
-0.07865145099
-0.08080807127
-0.08296469154
-0.08512131181
-0.3318013958
0.2158033126
1.039589749
1.744957431
0.6036188805
3.149339107
-1.368428935
32.46096607
30598.13798
28183.68176
27727.63184
27707.16845
27223.4093
26307.82031
25114.40602
23761.70587
22322.61226
20838.81653
19333.66069
17820.22515
16305.89457
14794.83285
13289.31445
11790.45158
10298.6051
8813.62835
7335.02012
5862.026045
4393.709459
2929.003489
1466.751502
5.740402212
-0.07002496878
-0.07218159007
-0.07433821039
-0.07649483069
-0.07865145098
-0.08080807126
-0.08296469154
-0.08512131181
-0.2972256354
-0.408520605
-0.08888670065
0.6868655467
-0.1992354539
4.346085448
0.1087346646
9.825023021
18514.16442
21095.65463
23397.80356
24319.52334
24396.02136
23917.59524
23083.20156
22025.94736
20830.73747
19550.24882
18216.91671
16850.84898
15464.6989
14066.56579
12661.70346
11253.53298
9844.255144
8435.232355
7027.235728
5620.611879
4215.400596
2811.421949
1408.344278
5.740402212
-0.07002496878
-0.07218159007
-0.07433821038
-0.07649483069
-0.07865145098
-0.08080807126
-0.08296469153
-0.0851213118
-0.5020114441
-0.9177015081
-1.145698137
-1.14234263
-1.695871118
0.4781093546
-2.241372344
6.40723537
12729.49238
17355.56445
20448.14704
21777.10995
22123.57258
21883.35039
21274.86538
20428.14685
19424.14106
18314.52794
17132.91967
15901.57352
14635.50789
13345.04902
12037.41876
10717.73648
9389.662465
8055.82148
6718.089809
5377.796469
4035.869642
2692.947794
1349.468078
5.740402212
-0.07002496878
-0.07218159006
-0.07433821038
-0.07649483068
-0.07865145097
-0.08080807125
-0.08296469153
-0.0851213118
-0.5846296062
-1.500435957
-2.270956869
-2.964586188
-3.982134606
-4.336957234
-3.411877491
3.450527706
12606.81798
16887.61746
19262.17659
20217.20675
20437.81769
20217.37555
19704.76575
18987.6351
18123.1552
17150.8114
16098.67684
14987.03851
13830.73198
12640.72346
11425.20289
10190.34589
8940.849529
7680.313864
6411.518498
5136.627507
3857.345541
2575.040683
1290.844979
5.740402213
-0.07002496878
-0.07218159006
-0.07433821038
-0.07649483068
-0.07865145097
-0.08080807125
-0.08296469153
-0.08512131179
-0.7475543825
-2.29581381
-3.570405188
-4.714971189
-6.016430094
-7.745383015
-5.402584086
8.754025884
20366.81497
19764.7839
19495.64055
19391.72981
19193.1207
18843.57339
18339.19152
17694.47697
16930.04158
16066.9006
15123.95822
14117.19414
13059.67936
11961.92853
10832.33931
9677.608804
8503.089544
7313.079997
6111.057388
4899.863913
3681.857186
2459.034162
1233.136071
5.740402213
-0.07002496878
-0.07218159006
-0.07433821037
-0.07649483068
-0.07865145097
-0.08080807125
-0.08296469152
-0.08512131179
-0.7088433276
-3.212767093
-5.034113541
-6.66848106
-9.262325417
-13.24344295
-8.06039327
165.2278858
22576.1417
21117.95232
19563.55317
18660.95917
18099.36454
17624.6087
17113.95771
16521.04931
15835.64719
15062.81017
14213.08358
13298.12282
12328.88295
11314.98947
10264.6325
9184.675136
8080.834722
6957.874776
5819.783175
4669.929076
3511.198664
2346.112744
1176.930084
5.740402213
-0.07002496878
-0.07218159005
-0.07433821037
-0.07649483067
-0.07865145096
-0.08080807124
-0.08296469152
-0.08512131179
-0.1011827592
-4.480740738
-6.497068285
-8.221869362
-12.29933528
-18.99021194
-12.63294492
5797.052205
23243.78061
22739.6341
18979.56836
17589.19894
16918.77556
16441.54775
15970.99326
15440.13002
14828.70594
14135.63091
13367.46578
12533.352
11642.75913
10704.53082
9726.541845
8715.640218
7677.715743
6617.818239
5540.288651
4448.886784
3346.909488
2237.298114
1122.736333
5.740402213
-0.07002496878
-0.07218159005
-0.07433821037
-0.07649483067
-0.07865145096
-0.08080807124
-0.08296469152
-0.08512131179
1.334426739
-7.511281239
-8.935830229
-9.909681764
-14.57035387
-29.86827572
80.9456205
22681.12708
8924.256977
16004.42251
16025.83635
15797.49322
15544.99455
15251.82672
14888.35328
14439.78977
13903.43683
13283.56456
12587.81889
11825.08065
11004.28915
10133.84988
9221.380565
8273.645242
7296.58758
6295.41204
5274.684376
4238.436454
3190.268165
2133.443689
1070.981702
5.740402214
-0.07002496877
-0.07218159005
-0.07433821036
-0.07649483067
-0.07865145096
-0.08080807124
-0.08296469151
-0.08512131178
-1.107221708
-13.28281129
-14.35446977
-12.4475466
-16.41508583
-38.9524027
-81.62796667
20293.41209
6900.927757
11383.96009
13321.32965
14029.94347
14211.89184
14132.42729
13890.82085
13527.25875
13061.70921
12507.39432
11875.18612
11174.8824
10415.48545
9605.217007
8751.503454
7860.991283
6939.59645
5992.577131
5024.618708
4039.922932
3042.296422
2035.236125
1022.011027
5.740402214
-0.07002496877
-0.07218159004
-0.07433821036
-0.07649483066
-0.07865145096
-0.08080807124
-0.08296469151
-0.08512131178
-4.535001544
-19.18209834
-21.28864366
-16.61327827
-17.76972037
-97.59072227
-323.7905346
6225.883398
6788.129193
9667.174081
11845.58125
12789.06602
13140.2164
13175.18651
13015.26254
12716.73605
12308.76945
11809.13972
11230.67006
10583.79747
9877.572809
9120.048818
8318.444885
7479.240247
6608.250098
5710.701059
4791.308748
3854.35618
2903.771248
1943.202127
976.0901631
5.740402214
-0.07002496876
-0.07218159004
-0.07433821036
-0.07649483066
-0.07865145095
-0.08080807123
-0.08296469151
-0.08512131178
-5.741959682
-15.39785657
-14.88299492
0.6955488233
35.44180785
45.80136
-22.2158041
294.0094289
2052.165267
10697.42497
11604.75578
12140.53548
12384.7372
12412.85611
12278.32556
12015.67501
11647.51541
11189.74731
10654.57847
10052.08578
9390.980753
8678.982114
7923.008789
7129.296422
6303.483788
5450.68824
4575.577127
3682.43721
2775.242317
1857.719118
933.4110273
5.740402215
-0.07002496876
-0.07218159004
-0.07433821036
-0.07649483066
-0.07865145095
-0.08080807123
-0.08296469151
-0.08512131178
-3.451064285
-5.190045343
-6.460151066
1.218198727
9.571408756
-3.274344114
30.67060278
1486.790463
14842.20174
12162.47116
11736.08299
11783.59622
11845.35511
11813.19126
11669.52823
11420.14517
11075.89278
10647.77845
10145.83347
9579.009435
8955.305711
8281.913742
7565.335253
6811.475763
6025.722134
5213.010979
4377.891958
3524.587949
2657.053014
1779.02857
894.0980618
5.740402215
-0.07002496875
-0.07218159004
-0.07433821036
-0.07649483066
-0.07865145095
-0.08080807123
-0.08296469151
-0.08512131177
0.1399784131
3.284988302
3.94600537
7.364735395
11.19680891
10.41365412
21.09731822
7142.543155
6529.185072
11244.57791
11393.52647
11412.42322
11399.90925
11325.04278
11166.4718
10919.50758
10588.15574
10179.66429
9701.992147
9162.838057
8569.344621
7928.057558
7244.96777
6525.57311
5774.940139
4997.761481
4198.408976
3380.983724
2549.363928
1707.251193
858.2156772
5.740402215
-0.07002496875
-0.07218159004
-0.07433821035
-0.07649483066
-0.07865145095
-0.08080807123
-0.0829646915
-0.08512131177
1.029456448
6.553657215
10.55443495
12.0112341
11.73226618
10.29835086
10.02325376
484.6137523
10932.7879
11581.79844
11181.02974
11072.67164
11016.8303
10920.61771
10751.83077
10503.28145
10177.58319
9780.756701
9319.65967
8801.033707
8231.205071
7616.031568
6960.931511
6270.93341
5550.726268
4804.705649
4037.015617
3251.587713
2452.178075
1642.403423
825.7763848
5.740402216
-0.07002496874
-0.07218159004
-0.07433821035
-0.07649483066
-0.07865145095
-0.08080807123
-0.0829646915
-0.08512131177
1.158840443
4.633103179
7.260589586
9.088284388
9.443133219
8.874346464
10.07036046
456.9222441
13251.01507
11005.67138
10676.13061
10680.41489
10674.139
10588.78754
10416.97533
10164.22922
9838.165342
9446.147659
8994.885389
8490.461973
7938.440247
7343.961123
6711.820733
6046.528077
5352.348648
4633.339126
3893.376907
3136.186944
2365.367381
1584.414789
796.7493908
5.740402216
-0.07002496874
-0.07218159004
-0.07433821035
-0.07649483066
-0.07865145095
-0.08080807123
-0.0829646915
-0.08512131177
1.109517355
3.781151949
5.791119443
6.994745556
7.54261184
7.799915288
8.142302104
1270.22832
2220.768584
8513.746761
9837.414886
10298.73178
10410.54139
10343.43974
10163.07794
9898.521034
9564.729646
9170.813371
8723.303682
8227.52043
7688.164289
7109.582205
6495.890618
5851.035533
5178.82437
4482.945508
3766.98293
3034.429436
2288.699995
1533.145844
771.0694737
5.740402217
-0.07002496873
-0.07218159003
-0.07433821035
-0.07649483065
-0.07865145095
-0.08080807123
-0.0829646915
-0.08512131177
0.9658375523
3.047531691
4.619877974
5.754748464
6.26469493
6.812772506
7.197370946
206.1188542
4430.975441
8673.711625
9861.060321
10266.57095
10325.87412
10211.37439
9993.400741
9702.07508
9351.449018
8949.104589
8500.028748
8008.185196
7477.147032
6910.344133
6311.153315
5682.92587
5028.991725
4352.656417
3657.197388
2945.862005
2221.868006
1488.406328
748.6459661
5.740402217
-0.07002496873
-0.07218159003
-0.07433821035
-0.07649483065
-0.07865145094
-0.08080807123
-0.0829646915
-0.08512131177
0.7465417499
2.416199453
3.668052276
4.720735869
5.134445912
5.863680105
5.534520129
5210.955289
9553.844245
10732.72458
10666.55494
10580.63328
10415.02928
10182.80588
9897.101705
9564.958698
9189.918498
8774.160801
8319.556052
7828.079145
7301.92831
6743.5263
6155.482899
5540.55064
4901.585085
4241.512734
3563.306542
2869.968059
2164.515004
1449.973176
729.3716531
5.740402217
-0.07002496872
-0.07218159003
-0.07433821035
-0.07649483065
-0.07865145094
-0.08080807123
-0.0829646915
-0.08512131177
0.5019033584
1.850989755
2.939872336
3.986020643
4.091935481
5.140859386
2.27038211
204.4804506
12029.45456
12230.55364
11491.81292
10974.39376
10570.82363
10207.74173
9847.268659
9470.769835
9069.138326
8638.098633
8175.990921
7682.682438
7158.995426
6606.383105
6026.732604
5422.237501
4795.311177
4148.525663
3484.567363
2806.204479
2116.262852
1417.607956
713.1313703
5.740402218
-0.07002496872
-0.07218159003
-0.07433821035
-0.07649483065
-0.07865145094
-0.08080807122
-0.0829646915
-0.08512131177
0.1274991039
1.381495487
2.425729477
3.577090571
3.878771114
4.935107904
4.335954586
9829.341042
16854.35503
13600.22159
12095.76042
11254.3211
10686.14999
10230.09302
9813.489305
9401.744708
8977.799809
8533.139588
8063.662512
7567.700293
7045.023269
6496.31224
5922.859206
5326.385517
4708.923592
4072.735348
3420.253273
2754.036439
2076.736857
1391.073239
699.8100706
5.740402218
-0.07002496872
-0.07218159003
-0.07433821035
-0.07649483065
-0.07865145094
-0.08080807122
-0.0829646915
-0.08512131177
-0.0578850406
1.051090225
2.19474736
3.457541701
4.362249036
3.854358415
863.4701477
18003.44235
15157.31993
13220.21078
12036.69746
11260.99652
10689.38296
10213.01584
9774.879162
9344.951212
8907.210281
8453.032715
7977.855506
7479.469464
6957.121198
6411.018377
5842.039769
5251.552818
4641.290634
4013.264001
3369.695546
2712.968906
2045.588555
1370.147409
689.3001229
5.740402218
-0.07002496871
-0.07218159003
-0.07433821035
-0.07649483065
-0.07865145094
-0.08080807122
-0.0829646915
-0.08512131177
0.2038466321
1.161126029
2.163775733
2.685912588
2.60008847
2.489320685
41.68371418
3200.100491
12366.95835
12086.62596
11569.8343
11063.6014
10597.39057
10157.73318
9728.088666
9296.001971
8853.090998
8393.960825
7915.293775
7415.237739
6893.010323
6348.636035
5782.762854
5196.527379
4591.451457
3969.360626
3332.318544
2682.57365
2022.515329
1354.637465
681.5076367
5.740402219
-0.07002496871
-0.07218159003
-0.07433821035
-0.07649483065
-0.07865145094
-0.08080807122
-0.0829646915
-0.08512131177
0.6052801286
1.626903074
2.517451774
2.926889179
3.169145954
3.168801654
7.902627873
9249.466419
10988.82939
11189.50845
11092.42516
10826.20138
10478.86593
10092.46255
9683.76854
9257.908065
8815.224359
8354.461099
7874.157565
7373.214528
6851.083368
6307.788861
5743.883062
5160.375129
4558.657263
3940.435372
3307.667551
2662.510938
2007.276336
1344.389481
676.3576601
5.740402219
-0.07002496872
-0.07218159003
-0.07433821035
-0.07649483065
-0.07865145094
-0.08080807122
-0.0829646915
-0.08512131177
0.7364255286
1.811530308
2.63573964
2.915202624
2.988167193
2.858153522
60.65198777
3674.259361
9796.577569
10590.162
10784.16959
10669.93024
10399.43034
10049.50723
9656.642825
9236.668222
8795.470549
8334.536852
7853.697405
7352.416676
6830.356998
6287.589513
5724.64055
5142.465908
4542.39753
3926.083265
3295.428845
2652.545559
1999.704434
1339.29651
673.7981913
5.740402219
-0.07002496872
-0.07218159003
-0.07433821035
-0.07649483065
-0.07865145094
-0.08080807122
-0.0829646915
-0.08512131177
)
;

boundaryField
{
    lowerWall
    {
        type            calculated;
        value           nonuniform List<scalar> 
80
(
-0.08619962206
-0.08619962206
-0.08619962206
-0.08619962206
-0.08619962206
-0.08619962206
-0.08619962206
-0.08619962206
-0.08619962206
-0.08619962206
-0.08619962206
-0.08619962206
-0.08619962206
-0.08619962206
-0.08619962205
-0.08619962205
-0.08619962205
-0.08619962205
-0.08619962205
-0.08619962205
-0.08619962205
-0.08619962205
-0.08619962205
-0.08619962205
-0.08619962205
-0.08619962205
-0.08619962204
-0.08619962204
-0.08619962204
-0.08619962204
-0.08619962204
-0.08619962204
-0.08619962204
-0.08619962203
-0.08619962203
-0.08619962203
-0.08619962203
-0.08619962202
-0.08619962202
-0.08619962202
-0.08619962201
-0.08619962201
-0.08619962201
-0.086199622
-0.086199622
-0.08619962199
-0.08619962199
-0.08619962198
-0.08619962198
-0.08619962197
-0.08619962197
-0.08619962196
-0.08619962196
-0.08619962195
-0.08619962195
-0.08619962194
-0.08619962194
-0.08619962194
-0.08619962193
-0.08619962193
-0.08619962193
-0.08619962192
-0.08619962192
-0.08619962192
-0.08619962191
-0.08619962191
-0.08619962191
-0.08619962191
-0.08619962191
-0.08619962191
-0.08619962191
-0.0861996219
-0.0861996219
-0.0861996219
-0.0861996219
-0.0861996219
-0.0861996219
-0.0861996219
-0.0861996219
-0.0861996219
)
;
    }
    atmosphere
    {
        type            calculated;
        value           nonuniform List<scalar> 
80
(
-0.232888881
-0.59145527
-0.7291626929
-0.7042677458
-0.6474075516
-0.8062959504
-0.7407725858
-0.6542445219
-0.3080776874
-0.1468206382
-0.06727330206
-0.1346124739
-0.2016577656
-0.9416785721
-0.8765010675
0
0
0
0
0
0
-0.1311704062
-0.5523844085
-0.6483916002
-0.3717745599
-0.2659356181
-0.2344949071
-0.1644724466
-0.09216950823
-0.05164248946
-0.03844565236
-0.04337776445
-0.06665538503
-0.132755363
-0.3090010721
-0.6934350363
-0.825358975
-0.06704269123
0
0
-0.01636407146
-0.04314681013
-0.00543974676
0
0
0
-0.3327021464
-1.592302222
-2.72207386
-2.704758156
-5.314866358
-2.425152944
0
0
-1.015369718
-0.1740989805
-0.3311663112
-0.1777961985
-0.2888371113
-0.314638011
-0.4329473858
-0.5634038207
-0.8042347855
-0.4715703262
0
0
0
0
0
0
0
0
0
-0.007790891655
-0.05451260604
-0.03912319371
0
0
0
0
)
;
    }
    rightWall
    {
        type            empty;
    }
    leftWall
    {
        type            empty;
    }
    frontAndBack
    {
        type            calculated;
        value           nonuniform List<scalar> 
80
(
-2.337447857
1.694883293
1191.310418
-3.269649699
-2.248813819
-3.130418691
696.7694566
11739.28004
10092.6246
8926.901236
8102.061607
7495.717865
7027.041048
6644.297802
6313.386728
6011.005976
5720.885604
5431.645998
5135.4756
4827.232999
4503.790757
4163.535792
3805.984326
3431.485863
3040.996924
2635.909719
2217.924358
1788.955243
1351.063517
906.408712
457.2139754
5.74040221
-0.07002496887
-0.0721815902
-0.07433821051
-0.07649483081
-0.0786514511
-0.08080807138
-0.08296469166
-0.08512131193
0.7364255286
1.811530308
2.63573964
2.915202624
2.988167193
2.858153522
60.65198777
3674.259361
9796.577569
10590.162
10784.16959
10669.93024
10399.43034
10049.50723
9656.642825
9236.668222
8795.470549
8334.536852
7853.697405
7352.416676
6830.356998
6287.589513
5724.64055
5142.465908
4542.39753
3926.083265
3295.428845
2652.545559
1999.704434
1339.29651
673.7981913
5.740402219
-0.07002496872
-0.07218159003
-0.07433821035
-0.07649483065
-0.07865145094
-0.08080807122
-0.0829646915
-0.08512131177
)
;
    }
}


// ************************************************************************* //
