/*--------------------------------*- C++ -*----------------------------------*\
| =========                 |                                                 |
| \\      /  F ield         | OpenFOAM: The Open Source CFD Toolbox           |
|  \\    /   O peration     | Version:  2506                                  |
|   \\  /    A nd           | Website:  www.openfoam.com                      |
|    \\/     M anipulation  |                                                 |
\*---------------------------------------------------------------------------*/
FoamFile
{
    version     2.0;
    format      ascii;
    arch        "LSB;label=32;scalar=64";
    class       volScalarField;
    location    "0.007";
    object      p_rgh;
}
// * * * * * * * * * * * * * * * * * * * * * * * * * * * * * * * * * * * * * //

dimensions      [1 -1 -2 0 0 0 0];

internalField   nonuniform List<scalar> 
3200
(
-2.336435856
1.697915516
1195.658609
-3.262567381
-2.23964998
-3.119172235
710.6778832
11812.85504
10176.00957
9020.096236
8205.066607
7608.532865
7149.666048
6776.732802
6455.631728
6163.060976
5882.750604
5603.320998
5316.9606
5018.527999
4704.895757
4374.450792
4026.709326
3662.020863
3281.341924
2886.064719
2477.889358
2058.730243
1630.648517
1195.803712
756.4189754
314.7554022
6.530696439e-05
6.519071354e-05
6.519015892e-05
6.518967946e-05
6.518928318e-05
6.518897659e-05
6.518876602e-05
6.518865821e-05
-1.619103936
0.5586533986
-2.12070831
-3.972640006
-2.835297018
-3.165784153
767.7721405
11427.20451
9695.090219
8679.208979
7986.572671
7470.868308
7063.735325
6724.90396
6427.105201
6150.804674
5881.873925
5610.255962
5329.037089
5033.73175
4721.711803
4391.749873
4043.659382
3678.01629
3295.947374
2898.971302
2488.881179
2067.659206
1637.41563
1200.345517
758.6982084
314.7554022
6.530743104e-05
6.519071406e-05
6.519015899e-05
6.518967955e-05
6.518928319e-05
6.51889766e-05
6.518876613e-05
6.518865825e-05
-0.721201789
-0.359344903
0.3229016594
-1.503697977
-1.732387631
-0.3024815803
3043.286986
7933.015806
8497.944954
8015.082733
7591.151149
7224.637523
6909.508967
6632.049142
6377.087575
6131.186199
5883.69218
5626.799399
5355.207355
5065.657622
4756.477952
4427.186385
4078.171747
3710.44798
3325.470572
2925.001742
2511.012963
2085.615683
1651.013015
1209.466651
763.2744959
314.7554022
6.530787131e-05
6.519071502e-05
6.519015954e-05
6.518967996e-05
6.518928349e-05
6.518897684e-05
6.518876631e-05
6.518865827e-05
-0.5895143645
-0.3909781657
0.4740446404
-0.6070770892
-2.101583723
1.085088442
2408.196812
4335.75198
7097.333918
7292.028712
7138.315483
6927.02623
6717.619332
6516.702304
6318.016721
6113.168044
5894.917424
5658.050992
5399.344983
5117.223787
4811.365706
4482.353317
4131.397802
3760.136183
3370.487947
2964.555773
2544.557833
2112.782445
1671.558513
1223.237031
770.1802146
314.7554022
6.530857069e-05
6.519071589e-05
6.519016019e-05
6.518968046e-05
6.518928387e-05
6.518897715e-05
6.518876655e-05
6.518865842e-05
-0.5429307526
-0.3322985394
0.005398950684
-0.3850948847
-1.689796116
-0.01465379261
11842.73191
7274.808803
7454.928433
6917.383952
6743.059687
6627.537298
6517.245565
6399.130591
6265.116485
6108.560435
5924.767997
5711.152202
5466.908192
5192.537975
4889.418606
4559.471748
4204.934636
3828.212632
3431.789683
3018.176556
2589.882556
2149.401413
1699.205701
1241.746555
779.4567227
314.7554022
6.530938552e-05
6.51907165e-05
6.519016074e-05
6.518968092e-05
6.518928427e-05
6.518897751e-05
6.518876689e-05
6.518865876e-05
-0.9080035107
-0.5326109158
-1.647301399
-1.218954467
-15.9687012
-11.67234242
1914.026515
3139.411557
5813.434367
6179.518951
6289.005322
6322.821997
6324.700513
6297.464154
6234.765118
6131.196787
5984.450321
5794.890223
5564.606355
5296.61172
4994.311108
4661.192026
4300.664917
3915.994608
3510.283096
3086.47848
2647.395136
2195.736888
1734.119319
1265.090056
791.1470908
314.7554022
6.531035913e-05
6.519071689e-05
6.519016117e-05
6.518968134e-05
6.518928467e-05
6.518897791e-05
6.518876731e-05
6.518865922e-05
-0.4666548448
-0.3915499981
-0.1515429515
-1.272410285
-0.9913281018
-5.897579449
7.853592248
234.3979126
5103.512147
5698.249218
5910.623051
6050.048248
6161.275009
6231.265198
6245.288181
6197.016156
6086.951614
5919.356842
5700.019429
5434.997439
5130.031806
4790.332658
4420.55025
4024.826405
3606.874069
3170.060436
2717.482713
2252.032215
1776.446256
1293.349547
805.2877081
314.7554022
6.531149547e-05
6.519071716e-05
6.519016152e-05
6.518968172e-05
6.518928507e-05
6.518897834e-05
6.518876776e-05
6.518865973e-05
-0.2608342981
-0.1607502341
-0.08502796199
-2.504905306
-3.200825698
-16.48424001
13.41355474
917.8747108
6016.411904
5599.32566
5605.191354
5805.475652
6039.089874
6221.036855
6318.109773
6324.630674
6246.986226
6095.567762
5881.116124
5613.325742
5300.488646
4949.564241
4566.387811
4155.896936
3722.333202
3269.409402
2800.443443
2318.462823
1826.28448
1326.5754
821.8994611
314.7554022
6.531278015e-05
6.51907174e-05
6.519016186e-05
6.51896821e-05
6.518928549e-05
6.518897878e-05
6.518876823e-05
6.518866023e-05
0.1834823155
0.6239818133
1.114528138
-0.5879781071
-1.929432086
-3.41546287
1.624288569
-35.38956112
4157.885058
5070.551545
5105.342277
5527.575183
5968.574892
6295.68571
6481.487677
6536.413733
6480.799332
6334.814925
6115.550179
5836.695418
5509.027916
5141.0478
4739.545391
4310.048627
3857.159529
3384.804335
2896.419661
2395.090731
1883.653265
1364.768477
840.979381
314.7554022
6.531419361e-05
6.519071767e-05
6.519016221e-05
6.51896825e-05
6.518928592e-05
6.518897924e-05
6.518876871e-05
6.518866073e-05
0.5704190412
1.527505846
3.065389519
2.786847907
2.612822713
-3.102041236
-1.642733899
-22.53647348
53.19713349
3359.782258
4217.789014
5230.909497
6011.950996
6511.64594
6775.747429
6858.74273
6804.99047
6647.351229
6409.578994
6108.875195
5757.872511
5366.047956
4940.697226
4487.597306
4011.457652
3516.23241
3005.341095
2481.826619
1948.468714
1407.865569
862.4938508
314.7554022
6.531571548e-05
6.5190718e-05
6.519016261e-05
6.518968294e-05
6.518928638e-05
6.518897972e-05
6.51887692e-05
6.518866123e-05
0.8694818057
2.455171705
4.678229988
7.128191207
7.34588249
-3.646862183
-4.304740147
-13.60043526
17.51586314
-25.74004812
3079.425308
5166.324745
6336.674683
6963.199426
7251.116572
7317.823975
7233.076664
7040.033987
6766.552502
6431.358776
6047.53497
5624.567632
5169.595232
4688.187704
4184.845591
3663.329773
3126.886627
2578.405294
2020.528408
1455.730461
886.3744741
314.7554022
6.53173233e-05
6.519071838e-05
6.519016306e-05
6.518968341e-05
6.518928688e-05
6.518898023e-05
6.518876972e-05
6.518866175e-05
0.8125659788
2.696636328
5.41626448
8.379485804
10.54261714
5.232208519
1.258873092
-3.132568211
20.32126406
-10.41171224
3570.181139
6018.346303
7205.218498
7753.357693
7947.692872
7928.360372
7769.45948
7513.16719
7185.256027
6802.484425
6376.342271
5915.08789
5424.92528
4910.713872
4376.410917
3825.357619
3260.471472
2684.378983
2099.508028
1508.15233
912.5174328
314.7554022
6.531899409e-05
6.519071882e-05
6.519016356e-05
6.518968393e-05
6.518928741e-05
6.518898076e-05
6.518877026e-05
6.518866229e-05
0.5589037739
2.384874617
4.833676351
6.909289303
11.80951303
21.89919643
14.91449967
1.717305375
37.49815159
3832.571975
6809.078083
8131.674749
8712.489633
8897.32061
8857.932751
8678.462911
8403.225234
8057.921036
7658.83238
7216.99121
6740.263327
6234.512059
5704.300727
5153.332304
4584.73004
4001.221609
3405.264148
2799.130929
2184.971365
1564.852265
940.7866994
314.7554022
6.532070661e-05
6.519071929e-05
6.519016409e-05
6.518968449e-05
6.518928797e-05
6.518898133e-05
6.518877083e-05
6.518866285e-05
-0.4013188312
1.281478927
3.008737455
4.088680495
7.876290087
32.14194015
682.0297675
1615.304875
4401.005757
9138.677177
11301.34035
10986.79672
10615.74169
10265.49886
9908.247484
9524.318792
9107.034474
8656.448565
8175.16465
7666.3896
7133.206074
6578.390241
6004.428835
5413.584604
4807.958419
4189.537955
3560.234428
2921.909472
2276.393551
1625.497711
971.0209691
314.7554022
6.532243767e-05
6.519071979e-05
6.519016466e-05
6.518968508e-05
6.518928856e-05
6.518898192e-05
6.518877142e-05
6.518866344e-05
-2.079289158
-0.5917994581
0.5306895474
2.399159679
3.570990831
15.03131961
14592.31928
22303.40441
21210.78881
24334.75637
16826.86278
13898.4262
12498.18666
11640.66948
10985.24883
10403.52391
9844.130203
9285.670244
8718.995233
8140.202343
7547.779349
6941.407809
6321.435207
5688.618594
5043.983815
4388.74054
3724.228181
3051.879684
2373.195477
1689.723515
1003.043658
314.7554022
6.532416487e-05
6.519072033e-05
6.519016526e-05
6.51896857e-05
6.518928918e-05
6.518898254e-05
6.518877204e-05
6.518866406e-05
-3.771215402
-2.288191532
-0.9597514531
0.8590175504
-2.521405991
-7.627878446
1764.827969
21585.82403
6973.033478
19850.1947
17596.66578
15281.83753
13837.92482
12813.73669
11988.59712
11260.40867
10580.28511
9923.106544
9274.950945
8627.649594
7976.298256
7318.020043
6651.281206
5975.470418
5290.620029
4597.214943
3896.059984
3188.186574
2474.785489
1757.157237
1036.674852
314.7554022
6.532586809e-05
6.519072088e-05
6.519016589e-05
6.518968634e-05
6.518928982e-05
6.518898319e-05
6.518877269e-05
6.518866471e-05
-3.937920337
-2.150510068
-0.3795167669
2.515465228
3.31640207
0.2730700923
4.763578663
10697.24813
16463.64623
21700.98025
16844.07732
15794.43157
14757.96408
13787.74891
12894.99557
12069.212
11293.47922
10551.51741
9830.056931
9119.147819
8411.738838
7703.085807
6990.194813
6271.361357
5545.812618
4813.441113
4074.611551
3330.021986
2580.603317
1827.445669
1071.74377
314.7554022
6.532752633e-05
6.519072144e-05
6.519016653e-05
6.518968701e-05
6.518929049e-05
6.518898386e-05
6.518877336e-05
6.518866538e-05
-2.850076943
-2.21194457
-0.7274284184
2.106746477
3.085001591
3.241681443
9.109259063
98.21487595
3501.314929
13673.71879
16145.932
16293.76741
15611.66419
14684.31543
13734.43804
12827.95618
11972.89392
11159.42847
10374.61541
9607.144379
8848.416579
8092.382105
7335.046734
6573.966945
5807.828875
5036.126082
4258.92338
3476.686741
2690.160712
1900.279275
1108.100209
314.7554022
6.532912011e-05
6.519072201e-05
6.519016719e-05
6.518968769e-05
6.518929118e-05
6.518898455e-05
6.518877406e-05
6.518866608e-05
-1.942866236
-4.588328706
-3.642987698
-1.426842126
-1.898700763
0.5720981002
-2.858789655
1673.359626
9307.380087
12029.69072
17417.90062
17623.02815
16710.61099
15603.4299
14530.48413
13535.27067
12610.70757
11738.69074
10901.83427
10086.39402
9282.393262
8482.972246
7683.639532
6881.630279
6075.410138
5264.310575
4448.268156
3627.640153
2803.073631
1975.411422
1145.623509
314.7554022
6.53306294e-05
6.519072258e-05
6.519016786e-05
6.518968839e-05
6.518929189e-05
6.518898527e-05
6.518877478e-05
6.51886668e-05
-0.9766760265
-7.751851077
-7.013993146
-3.491864388
-5.34835338
-25.72467855
-27.80071277
3686.74657
4955.017208
30679.82573
23575.85712
20068.10358
18004.31939
16488.31392
15248.78908
14171.92571
13195.97368
12282.79595
11407.63685
10554.19865
9711.782495
8873.468122
8034.906401
7193.504493
6347.871004
5497.436907
4642.196588
3782.530405
2919.081682
2052.669865
1184.227877
314.7554022
6.533203715e-05
6.519072316e-05
6.519016855e-05
6.518968912e-05
6.518929262e-05
6.518898601e-05
6.518877553e-05
6.518866755e-05
1.149000703
-8.363281528
-7.53070456
-4.624152385
-5.232567407
-14.39029693
-2.278097096
33.01549999
25.84421729
19505.56061
24500.48388
21069.02329
18750.2665
17096.71446
15804.4241
14707.66499
13718.46682
12788.88405
11891.71563
11010.97446
10137.06284
9264.206677
8389.012049
7509.610933
6625.133023
5735.368523
4840.548692
3941.20101
3038.051741
2131.95866
1223.863222
314.7554022
6.533332589e-05
6.519072375e-05
6.519016924e-05
6.518968985e-05
6.518929338e-05
6.518898678e-05
6.51887763e-05
6.518866833e-05
2.130385619
-5.918253126
-7.094160446
-6.508209418
-6.970214756
-6.33026993
7.232797477
7.066886432
37.55477033
13071.67915
24446.2977
20957.61405
18831.00958
17343.84671
16164.52237
15135.84228
14181.34609
13262.55634
12359.36118
11460.91292
10561.28116
9657.279645
8747.322894
7830.79475
6907.682336
5978.354898
5043.426749
4103.671038
3159.964325
2213.249683
1264.511122
314.7554022
6.533447923e-05
6.519072434e-05
6.519016995e-05
6.518969061e-05
6.518929415e-05
6.518898757e-05
6.518877711e-05
6.518866914e-05
0.9641706393
-3.354120362
-5.385708555
-6.65842073
-8.499443989
-8.656764895
-4.057753527
-6.349348959
-15.18373006
8008.797879
21292.73191
19484.67442
18272.30712
17283.13492
16373.97432
15489.83515
14608.5185
13720.62978
12822.25181
11912.02681
10989.86322
10056.3038
9112.202976
8158.562368
7196.446856
6226.941545
5251.130887
4270.090214
3284.8836
2296.564324
1306.176156
314.7554022
6.533548357e-05
6.519072492e-05
6.519017067e-05
6.518969139e-05
6.518929496e-05
6.518898839e-05
6.518877795e-05
6.518866999e-05
-0.06055039645
-1.633912239
-2.070301502
-1.899431412
-2.443988573
-2.415709385
-1.849549218
1.379352348
-7.17103126
3807.958012
16734.13066
17418.65378
17490.40633
17142.40904
16558.40477
15841.0038
15042.25976
14189.18697
13296.98167
12375.07262
11429.83645
10465.86548
9486.619612
8494.802989
7492.600415
6481.832913
5464.063863
4440.673835
3412.914443
2381.947447
1348.873608
314.7554022
6.533632543e-05
6.519072551e-05
6.519017141e-05
6.518969219e-05
6.518929579e-05
6.518898925e-05
6.518877882e-05
6.518867087e-05
-0.4446280712
-1.424012697
-2.308029147
-3.092084621
-4.310619199
-6.368738184
-8.754303148
-9.047176912
-4.223731947
2700.261921
12191.02954
15967.8145
17128.2535
17237.68934
16876.23115
16273.51227
15530.3243
14696.87044
13801.40837
12861.44087
11888.54145
10890.69855
9873.603025
8841.426485
7797.317279
6743.724963
5682.616863
4615.625662
3544.151964
2469.436918
1392.615106
314.7554022
6.53369959e-05
6.519072611e-05
6.519017217e-05
6.518969302e-05
6.518929666e-05
6.518899015e-05
6.518877974e-05
6.51886718e-05
-0.4228003869
-1.08963762
-1.585608256
-1.95409058
-2.705360998
-3.919380866
-4.589411435
-3.482676682
10.9687901
6751.727526
14566.12039
17131.63321
17817.10303
17803.86275
17435.31449
16846.4848
16108.64894
15266.55678
14350.3353
13380.73828
12372.18818
11334.78088
10275.66277
9199.978599
8111.51486
7013.131598
5907.052074
4795.059042
3678.630006
2559.032575
1437.394052
314.7554022
6.533748583e-05
6.519072671e-05
6.519017295e-05
6.518969389e-05
6.518929757e-05
6.51889911e-05
6.518878072e-05
6.518867279e-05
-0.4115832953
-1.001098795
-1.496918147
-2.007158817
-2.864281333
-4.422843433
-6.386074612
-11.48542802
-0.7574620782
19558.853
23675.74971
20170.64867
19204.66036
18725.34091
18214.67401
17568.45695
16791.22383
15910.36727
14952.63371
13938.98736
12884.69088
11800.57031
10694.28309
9571.305267
8435.628667
7290.232626
6137.399522
4978.927289
3816.275448
2650.668528
1483.172551
314.7554022
6.533778956e-05
6.519072733e-05
6.519017377e-05
6.51896948e-05
6.518929854e-05
6.518899211e-05
6.518878176e-05
6.518867384e-05
-0.3566738037
-0.9821003416
-1.592216586
-2.312476263
-4.179162408
-5.841117763
-10.49996133
-18.08742082
-17.43913475
14031.58982
22275.1263
20668.25849
20105.54609
19678.16191
19129.57823
18421.43763
17577.41649
16631.04866
15610.84092
14537.88603
13427.01695
12288.52258
11129.58809
9955.325071
8769.457706
7574.767774
6373.3838
5166.973141
3956.874266
2744.192195
1529.871386
314.7554022
6.533790367e-05
6.519072797e-05
6.519017463e-05
6.518969577e-05
6.518929958e-05
6.518899319e-05
6.518878287e-05
6.518867497e-05
-0.2337875903
-0.7927394014
-1.245905732
-2.684713361
-4.752939414
-7.032842424
-12.21059991
-15.94358989
-17.81929134
4583.661138
17109.90021
20120.95097
20871.09799
20752.1769
20204.03547
19410.29172
18465.9519
17425.56353
16321.79044
15174.69776
13996.96706
12796.91087
11580.21577
10350.94349
9112.10449
7865.992835
6614.390957
5358.703674
4100.053227
2839.352241
1577.363985
314.7554022
6.533782644e-05
6.519072865e-05
6.519017555e-05
6.518969681e-05
6.518930069e-05
6.518899436e-05
6.518878408e-05
6.518867619e-05
-0.1369560507
-0.5681567356
-1.269873215
-2.905980385
-4.573466299
-6.421283881
-11.48486008
-13.12984256
-12.85420669
5953.496914
19626.37353
21835.70226
22505.71405
22255.40728
21524.09434
20549.73813
19450.53171
18283.45579
17076.05446
15842.14618
14589.24113
13321.93409
12043.41543
10756.12359
9462.019152
8162.703149
6859.478167
5553.391969
4245.27786
2935.795772
1625.474599
314.7554022
6.533755861e-05
6.519072939e-05
6.519017655e-05
6.518969795e-05
6.518930191e-05
6.518899564e-05
6.518878539e-05
6.518867752e-05
-0.06619280027
-0.5338531593
-1.722612109
-3.60496758
-4.823882702
-5.406760576
-8.635126069
-9.922561199
-8.48805428
10063.85195
23623.11887
25090.75274
25060.64716
24239.63866
23087.19559
21814.03975
20502.9818
19181.66939
17856.82278
16528.59134
15195.91618
13858.16578
12515.38445
11168.11269
9817.141443
8463.317333
7107.420145
5750.101029
4391.86368
3033.072961
1673.97984
314.7554022
6.533710262e-05
6.519073024e-05
6.519017766e-05
6.518969921e-05
6.518930325e-05
6.518899703e-05
6.518878683e-05
6.518867898e-05
-0.02301529474
-0.6885681657
-2.373913673
-4.353025668
-5.10531808
-4.74622792
-6.385415123
-6.756549988
-5.872636837
16585.30758
28399.75973
29844.49785
28406.48105
26555.299
24771.01035
23116.25088
21565.68711
20083.41443
18640.97532
17219.48165
15807.66639
14399.4265
12991.84193
11583.79972
10175.11429
8766.000302
7356.777408
5947.720089
4538.994505
3130.645603
1722.61198
314.7554022
6.533646262e-05
6.519073121e-05
6.519017891e-05
6.51897006e-05
6.518930473e-05
6.518899858e-05
6.518878841e-05
6.518868059e-05
-0.0132126956
-0.9203189236
-3.027899017
-5.185192985
-5.512221285
-4.954324348
-5.690421334
-6.578800592
99.35150563
34468.69839
48824.05399
37482.2402
32165.47433
28804.05506
26325.29348
24314.26883
22560.1002
20945.32423
19404.18339
17900.69611
16415.84202
14940.03142
13468.75712
12000.1308
10533.5159
9068.790001
7605.963742
6144.999448
4685.739738
3227.895148
1771.062049
314.7554022
6.533564382e-05
6.519073235e-05
6.519018033e-05
6.518970216e-05
6.518930637e-05
6.518900029e-05
6.518879016e-05
6.518868236e-05
-0.1098938164
-1.251812776
-3.648330104
-6.233063055
-6.527274121
-5.697280717
-5.313076958
-6.66494791
2669.542382
46177.70115
43501.74273
39095.17319
33969.09166
30170.14038
27411.84113
25255.43128
23415.11874
21733.59821
20129.73976
18563.2799
17014.975
15476.10017
13943.02565
12414.45327
10890.03151
9369.681161
7853.285807
6340.568455
4831.06211
3324.125805
1818.980905
314.7554022
6.533465411e-05
6.519073367e-05
6.519018193e-05
6.518970391e-05
6.518930821e-05
6.518900218e-05
6.51887921e-05
6.518868432e-05
-0.4089214444
-1.630332343
-4.174257005
-6.910009577
-8.442018098
-9.209381743
-12.22704486
-15.84987571
-16.35750134
25309.87579
38427.91852
41418.28035
34445.56422
30495.57281
27896.50078
25880.49547
24111.34403
22444.20943
20817.89886
19207.70953
17604.67687
16006.36724
14412.79208
12824.62755
11242.47994
9666.621448
8096.931556
6532.924591
4973.809789
3418.559774
1865.977065
314.7554022
6.533350218e-05
6.519073525e-05
6.519018377e-05
6.518970588e-05
6.518931026e-05
6.518900429e-05
6.518879424e-05
6.518868648e-05
-1.058789218
-2.153706816
-4.36789546
-7.198015696
-9.254378478
-9.741240908
-10.49535517
-10.32307624
-12.34063209
161.179612
27138.58606
37688.10188
31899.34397
29470.08309
27798.09437
26258.70464
24705.55319
23113.99618
21489.93677
19844.98073
18189.65165
16531.8948
14877.14363
13228.78338
11588.64162
9957.398211
8334.899428
6720.391253
5112.692524
3510.324822
1911.611496
314.7554022
6.533219929e-05
6.51907371e-05
6.519018587e-05
6.51897081e-05
6.518931254e-05
6.518900662e-05
6.518879661e-05
6.518868885e-05
-2.136241608
-2.780485483
-4.002447616
-5.951360271
-7.285360563
-7.45057033
-7.480956682
-6.754919763
-5.854857614
-6.681346553
237.9261024
19303.2787
25992.44758
27687.31901
27567.09035
26650.67665
25338.17118
23816.28748
22182.87161
20492.62256
18777.04924
17054.40911
15335.095
13624.71305
11925.90224
10239.43331
8564.882988
6901.054898
5246.248871
3598.438377
1955.39126
314.7554022
6.533075806e-05
6.519073926e-05
6.519018825e-05
6.518971058e-05
6.518931508e-05
6.51890092e-05
6.518879921e-05
6.518869147e-05
-2.114826282
-2.628410878
-3.119882011
-4.709133335
-6.43431929
-7.377446179
-7.38589606
-7.021806043
-5.680759378
-8.105199412
29.13656504
17747.47655
25072.95733
27719.65359
28132.27592
27438.74698
26180.17226
24630.11716
22932.64382
21165.58969
19371.51182
17573.59092
15784.10244
14009.0583
12250.81182
10509.54804
8784.149142
7072.704682
5372.818164
3681.795707
1996.765388
314.7554022
6.532919271e-05
6.519074177e-05
6.519019094e-05
6.518971335e-05
6.518931789e-05
6.518901204e-05
6.518880206e-05
6.518869433e-05
-1.030311109
-1.447960105
-2.119348369
-4.015431265
-5.791583549
-6.878899628
-7.223068305
-7.365396765
-7.534540527
-9.099497001
96.1340888
25730.40647
28827.55694
29986.0667
29803.61828
28791.87448
27313.66423
25591.37631
23752.0063
21865.58813
19969.82291
18084.33972
16218.65617
14376.59068
12558.72464
10763.79075
8989.462223
7232.804255
5490.53392
3759.171112
2035.12689
314.7554022
6.532751862e-05
6.519074464e-05
6.519019395e-05
6.518971642e-05
6.518932098e-05
6.518901514e-05
6.518880517e-05
6.518869744e-05
-0.3115865151
-0.7420252334
-2.01521376
-4.246736963
-5.788262534
-7.327539802
-7.791525909
-8.166769536
-8.954270677
-10.32194082
115.2045985
37355.22711
34520.75725
33593.44509
32304.26722
30611.47907
28691.24687
26669.73247
24618.43106
22574.9479
20557.86579
18575.29712
16629.5895
14719.91153
12843.69009
10997.41717
9177.102275
7378.521907
5597.352848
3829.239505
2069.824073
314.7554022
6.53257537e-05
6.519074789e-05
6.519019731e-05
6.51897198e-05
6.518932436e-05
6.518901851e-05
6.518880855e-05
6.518870082e-05
-0.2853669597
-1.037198782
-2.599619476
-5.413465415
-6.884801103
-9.275931428
-9.619434105
-9.954956474
-10.49676489
-8.093479513
271.4302557
39310.68436
38309.78758
37562.69019
35208.5348
32658.53465
30170.12164
27777.8891
25477.05297
23257.92456
21111.41502
19029.41002
17004.49996
15029.7709
13098.69483
11205.07388
9343.002706
7506.831586
5691.12564
3890.62136
2100.182388
314.7554022
6.532391677e-05
6.519075153e-05
6.519020101e-05
6.518972349e-05
6.518932803e-05
6.518902216e-05
6.518881218e-05
6.518870444e-05
-0.4816846999
-2.170749752
-4.530139526
-7.197338623
-6.564496792
-12.2315997
-7.706338186
-10.55213853
-18.40394165
-16.87052622
1333.111874
52281.22885
50958.45812
43138.97268
38308.65326
34644.00316
31552.81737
28794.65624
26253.9793
23868.29918
21600.48084
19426.44954
17329.24432
15295.98067
13316.23792
11381.17106
9482.997175
7614.677587
5769.704711
3941.94805
2125.535385
314.7554022
6.532202691e-05
6.519075559e-05
6.519020505e-05
6.518972749e-05
6.518933198e-05
6.518902608e-05
6.518881607e-05
6.518870832e-05
0.4781048414
-1.096444435
-1.596224438
-12.6144329
-8.74260332
-16.72714153
-3.220771542
2989.517691
7228.748276
13812.41888
65746.07559
65138.26679
53583.17693
45726.07257
40243.10444
36055.999
32602.47783
29593.93532
26875.91237
24360.82213
21995.77687
19746.68509
17590.06676
15508.67958
13489.10427
11520.36849
9593.131798
7699.177146
5831.073758
3981.939145
2145.260929
314.7554022
6.532010505e-05
6.519076002e-05
6.519020942e-05
6.518973178e-05
6.51893362e-05
6.518903024e-05
6.51888202e-05
6.518871244e-05
0.02407425688
-4.043477251
-9.134246483
-22.61977904
1373.303998
11861.32374
37535.93522
58693.59802
57076.06088
60899.74348
67297.09929
59808.16454
52240.89558
45939.05013
40881.69472
36734.39908
33207.14026
30102.67911
27294.90376
24703.29919
22275.12942
19974.46708
17775.68005
15659.58152
13611.135
11618.06311
9669.979639
7757.824838
5873.47847
4009.480298
2158.817643
314.7554022
6.531817293e-05
6.519076483e-05
6.519021411e-05
6.518973635e-05
6.518934067e-05
6.518903465e-05
6.518882456e-05
6.518871677e-05
5.452803053
8.49076307
2.994401498
5629.993278
52219.44595
54491.75217
55139.49805
55412.81339
55925.45794
58253.12334
57948.19014
54372.7398
49633.20698
44907.55472
40610.23377
36792.76063
33388.99137
30314.71805
27497.70641
24882.33099
22426.97822
20100.39198
17878.62928
15742.85094
13677.79979
11670.76891
9710.895423
7788.663072
5895.537881
4023.690535
2165.77659
314.7554022
6.531625325e-05
6.519076998e-05
6.519021907e-05
6.518974117e-05
6.518934537e-05
6.518903926e-05
6.518882912e-05
6.518872131e-05
1.54364269
3.09562807
-0.6150855992
1846.698945
8387.593465
46.78893566
4795.828304
49166.40491
45754.58079
51026.97116
51871.72665
50101.42254
47011.65654
43447.75808
39858.95243
36437.44283
33241.35516
30269.48299
27498.84937
24901.31991
22450.05608
20121.50783
17895.6191
15755.41598
13686.45718
11676.32039
9714.168559
7790.393263
5896.321237
4023.970449
2165.844476
314.7554022
6.531436598e-05
6.519077542e-05
6.519022428e-05
6.51897462e-05
6.518935027e-05
6.518904406e-05
6.518883386e-05
6.518872601e-05
0.2964404953
-0.2063234856
-3.071297745
-12.43700656
-16.33368808
-14.89156248
285.1534734
47549.12077
46579.57934
48228.48672
48410.3386
47149.58196
44864.25962
42012.89785
38940.41256
35856.74211
32869.52915
30023.00643
27326.8634
24774.01531
22350.40532
20039.9723
17826.94547
15696.75992
13636.30772
11633.89268
9679.065497
7762.419804
5875.384497
4010.027543
2158.876505
314.7554022
6.531253218e-05
6.51907811e-05
6.519022968e-05
6.51897514e-05
6.518935533e-05
6.518904901e-05
6.518883873e-05
6.518873085e-05
-1.671047034
-2.819690413
-5.265672163
-10.55257331
-12.61015458
-10.10245125
76.94771571
47455.27883
47596.99361
46897.02249
46391.56049
45222.28577
43282.90711
40799.17781
38033.09997
35179.63326
32357.05253
29626.16339
27011.56909
24517.44884
22137.56348
19861.03566
17675.45008
15568.39281
13528.13713
11543.88458
9605.782784
7704.836211
5832.770273
3981.880062
2144.879278
314.7554022
6.53107707e-05
6.519078697e-05
6.519023523e-05
6.518975673e-05
6.51893605e-05
6.518905407e-05
6.518884371e-05
6.518873579e-05
-4.343754021
-5.950570242
-7.261822998
-9.131162164
-8.499664133
-6.639894749
9.814151705
47612.32354
47703.28175
45371.05243
45036.56412
44065.05658
42245.89704
39867.81811
37213.21116
34471.68352
31752.91804
29113.04024
26575.79462
24146.63095
21821.35404
19591.16279
17445.44525
15373.24581
13363.97975
11407.73431
9495.347876
7618.372919
5768.981234
3939.844234
2124.005728
314.7554022
6.530909929e-05
6.519079295e-05
6.519024087e-05
6.518976215e-05
6.518936575e-05
6.51890592e-05
6.518884876e-05
6.51887408e-05
-6.167171036
-7.198130327
-7.983300446
-9.020435651
-8.645737187
-6.036480318
-3.697269002
34724.85052
46914.04478
41856.10629
44318.51241
43755.41677
41767.77168
39212.99055
36480.26717
33741.01156
31069.92262
28497.29306
26031.92971
23671.9109
21410.05078
19236.82305
17141.94077
15115.18647
13146.81794
11227.73414
9349.505369
7504.327933
5684.938695
3884.511051
2096.544709
314.7554022
6.530753286e-05
6.519079899e-05
6.519024655e-05
6.518976759e-05
6.518937103e-05
6.518906435e-05
6.518885384e-05
6.518874584e-05
-14.08297437
-11.20772171
-10.07270188
-9.475091403
-9.734474978
-8.214214839
-1.60967665
22243.65112
45955.49942
42235.2362
46625.91697
44870.27721
41856.75627
38736.12205
35753.88794
32942.21034
30288.49434
27774.2884
25382.71229
23099.01808
20910.1088
18804.14567
16770.32659
14798.76159
12880.38708
11006.88811
9170.615869
7364.496871
5581.93615
3816.717999
2062.90763
314.7554022
6.530608398e-05
6.519080502e-05
6.519025221e-05
6.518977301e-05
6.518937629e-05
6.51890695e-05
6.51888589e-05
6.518875087e-05
-21.49893904
-19.99595492
-11.99059838
-8.279541161
31.64094261
6006.703852
8746.631271
54556.78653
55108.38052
69263.79655
55079.74058
47242.94411
42052.80169
38120.85312
34856.99566
31985.48768
29367.58376
26928.66518
24625.60827
22431.33023
20327.21817
18299.33456
16336.47733
14429.16615
12569.0958
10748.82439
8961.577731
7201.110133
5461.593134
3737.519054
2023.613731
314.7554022
6.530476244e-05
6.519081097e-05
6.51902578e-05
6.518977837e-05
6.518938149e-05
6.518907458e-05
6.518886392e-05
6.518875584e-05
4909.018681
6250.670587
12492.50213
109.753585
3355.041589
36661.12603
24921.38731
57861.28285
56198.4568
78479.55343
57186.17725
46968.86742
40990.59696
36837.4801
33567.78546
30775.19413
28267.71091
25947.1885
23759.72042
21673.46898
19668.10037
17729.51027
15847.10224
14012.34974
12218.02035
10457.74486
8725.765448
7016.775978
5325.809957
3648.153838
1979.274554
314.7554022
6.530357567e-05
6.51908168e-05
6.519026326e-05
6.518978362e-05
6.518938659e-05
6.518907958e-05
6.518886884e-05
6.518876073e-05
-10.43396054
-22.04426792
921.7119394
168.1328517
8.0114561
6.389103348
-15.8870093
14937.93367
48017.87673
55509.54699
48216.40154
42455.66148
38103.19868
34670.70106
31801.50661
29279.82231
26980.89607
24832.66204
22792.61025
20834.71993
18942.20893
17103.51966
15310.09274
13555.12997
11832.90546
10138.37822
8466.968654
6814.422365
5176.720527
3550.015034
1930.577408
314.7554022
6.530252837e-05
6.519082244e-05
6.519026855e-05
6.518978871e-05
6.518939156e-05
6.518908445e-05
6.518887365e-05
6.518876551e-05
0.6609454642
-0.07891296322
2.43133435
1.486323935
0.1077658206
-3.152381365
-8.830348973
1569.980395
38506.21741
34381.52563
37714.0726
36534.13077
34295.81242
31940.64121
29687.74954
27561.71915
25543.40406
23609.95507
21743.33357
19930.59013
18162.50437
16432.28453
14734.64041
13065.19102
11420.10721
9795.903009
8189.314741
6597.229387
5016.63953
3444.612528
1878.267323
314.7554022
6.530162249e-05
6.519082785e-05
6.519027363e-05
6.518979362e-05
6.518939635e-05
6.518908915e-05
6.51888783e-05
6.518877013e-05
-1.143389181
-2.125853833
2.33919406
2.240533862
1.115961835
-1.35234672
-5.015180446
427.059578
34281.23561
29681.45776
31724.34706
31670.93167
30605.27176
29108.3251
27447.15611
25735.91949
24021.05429
22320.41957
20640.17587
18981.80591
17344.94654
15728.49309
14131.01428
12550.90443
10986.44257
9435.821089
7897.165008
6368.547324
4848.001791
3333.533428
1823.127206
314.7554022
6.530085861e-05
6.519083298e-05
6.519027847e-05
6.51897983e-05
6.518940093e-05
6.518909367e-05
6.518888277e-05
6.518877457e-05
-0.3308321044
0.2187113155
1.044437505
1.751756564
0.6123972601
3.160139167
-1.355527562
34.37800329
30680.97994
28276.87676
27830.63684
27819.98345
27346.0343
26440.25531
25256.65102
23913.76087
22484.47726
21010.49153
19515.14569
18011.52015
16506.99957
15005.74785
13510.03945
12020.98658
10538.9501
9063.78335
7594.98512
6131.801045
4673.294459
3218.398489
1765.956502
314.7554022
6.530023515e-05
6.519083781e-05
6.519028304e-05
6.518980273e-05
6.518940529e-05
6.518909797e-05
6.518888703e-05
6.518877882e-05
-0.2962454855
-0.4055802794
-0.08398581225
0.6937322029
-0.1903858518
4.356945381
0.1216801078
9.840133878
18588.91172
21188.84963
23500.80856
24432.33834
24518.64636
24050.03024
23225.44656
22178.00236
20992.60247
19721.92382
18398.40171
17042.14398
15665.8039
14277.48079
12882.42846
11484.06798
10084.60014
8685.387355
7287.200728
5890.386879
4494.985596
3100.816949
1707.549278
314.7554022
6.529974769e-05
6.519084232e-05
6.519028732e-05
6.51898069e-05
6.518940941e-05
6.518910204e-05
6.518889107e-05
6.518878284e-05
-0.5010235442
-0.9147382614
-1.14076027
-1.135428313
-1.686970472
0.4890158794
-2.228396656
6.422371594
12793.80724
17448.75945
20551.15204
21889.92495
22246.19758
22015.78539
21417.11038
20580.20185
19586.00606
18486.20294
17314.40467
16092.86852
14836.61289
13555.96402
12258.14376
10948.27148
9630.007465
8305.97648
6978.054809
5647.571469
4315.454642
2982.342794
1648.673078
314.7554022
6.529939215e-05
6.51908465e-05
6.519029129e-05
6.51898108e-05
6.518941326e-05
6.518910587e-05
6.518889488e-05
6.518878664e-05
-0.583635823
-1.497455413
-2.265991114
-2.957635208
-3.973192333
-4.326005546
-3.398858328
3.46569542
12672.24292
16980.81246
19365.18159
20330.02175
20560.44269
20349.81055
19847.01075
19139.6901
18285.0202
17322.4864
16280.16184
15178.33351
14031.83698
12851.63846
11645.92789
10420.88089
9181.194529
7930.468864
6671.483498
5406.402507
4136.930541
2864.435683
1590.049979
314.7554022
6.529916177e-05
6.519085035e-05
6.519029497e-05
6.518981441e-05
6.518941686e-05
6.518910944e-05
6.518889844e-05
6.518879019e-05
-0.7465558413
-2.292819329
-3.565417001
-4.707990103
-6.00745106
-7.734384887
-5.389508145
10.28076914
20448.32454
19857.9789
19598.64555
19504.54481
19315.7457
18976.00839
18481.43652
17846.53197
17091.90658
16238.5756
15305.44322
14308.48914
13260.78436
12172.84353
11053.06431
9908.143804
8743.434544
7563.234997
6371.022388
5169.638913
3961.442186
2748.429162
1532.341071
314.7554022
6.529904965e-05
6.519085386e-05
6.519029834e-05
6.518981774e-05
6.518942018e-05
6.518911276e-05
6.518890175e-05
6.51887935e-05
-0.7078407176
-3.2097608
-5.029106386
-6.66147401
-9.253313364
-13.23240523
-8.047274526
172.0121312
22659.47137
21211.14732
19666.55817
18773.77417
18221.98954
17757.0437
17256.20271
16673.10431
15997.51219
15234.48517
14394.56858
13489.41782
12529.98795
11525.90447
10485.3575
9415.210136
8321.179722
7208.029776
6079.748175
4939.704076
3790.783664
2635.507744
1476.135084
314.7554022
6.529904847e-05
6.519085703e-05
6.51903014e-05
6.518982079e-05
6.518942323e-05
6.518911581e-05
6.51889048e-05
6.518879656e-05
-0.1001765356
-4.477724125
-6.492044762
-8.21483967
-12.2902923
-18.97913456
-12.61979189
5834.882917
23327.15324
22832.8291
19082.57336
17702.01394
17041.40056
16573.98275
16113.23826
15592.18502
14990.57094
14307.30591
13548.95078
12724.647
11843.86413
10915.44582
9947.266845
8946.175218
7918.060743
6867.973239
5800.253651
4718.661784
3626.494488
2526.693114
1421.941333
314.7554022
6.52991496e-05
6.51908599e-05
6.519030417e-05
6.518982355e-05
6.518942602e-05
6.518911861e-05
6.518890761e-05
6.518879937e-05
1.33543616
-7.508255665
-8.930792852
-9.902633343
-14.56128425
-29.85715476
85.18979022
22752.49431
8979.356455
16097.6175
16128.84135
15910.30822
15667.61955
15384.26172
15030.59828
14591.84477
14065.30183
13455.23956
12769.30389
12016.37565
11205.39415
10344.76488
9442.105565
8504.180242
7536.93258
6545.56704
5534.649376
4508.211454
3469.853165
2422.838689
1370.186702
314.7554022
6.529934406e-05
6.519086246e-05
6.519030667e-05
6.518982606e-05
6.518942855e-05
6.518912116e-05
6.518891017e-05
6.518880194e-05
-1.106209738
-13.27977817
-14.34942107
-12.44048368
-16.40600065
-38.94127347
-80.85407154
20362.09588
6910.073617
11477.15509
13424.33465
14142.75847
14334.51684
14264.86229
14033.06585
13679.31375
13223.57421
12679.06932
12056.67112
11366.1774
10616.59045
9816.132007
8972.228454
8091.526283
7179.94145
6242.732131
5284.583708
4309.697932
3321.881422
2324.631125
1321.216027
314.7554022
6.529962244e-05
6.519086473e-05
6.519030889e-05
6.51898283e-05
6.518943083e-05
6.518912347e-05
6.518891249e-05
6.518880427e-05
-4.533987882
-19.17905948
-21.28358602
-16.60620297
-17.76062053
-97.57958076
-323.7773288
6269.915695
6792.682418
9760.369081
11948.58625
12901.88102
13262.8414
13307.62151
13157.50754
12868.79105
12470.63445
11980.81472
11412.15506
10775.09247
10078.67781
9330.963818
8539.169885
7709.775247
6848.595098
5960.856059
5051.273748
4124.13118
3183.356248
2232.597127
1275.295163
314.7554022
6.529997454e-05
6.519086675e-05
6.519031088e-05
6.518983031e-05
6.518943288e-05
6.518912555e-05
6.518891459e-05
6.518880637e-05
-5.740944923
-15.39481388
-14.87792905
0.7026364126
35.45092582
45.81252667
-22.20257508
294.0247221
2087.864947
10790.61997
11707.76078
12253.35048
12507.3622
12545.29111
12420.57056
12167.73001
11809.38041
11361.42231
10836.06347
10243.38078
9592.085753
8889.897114
8143.733789
7359.831422
6543.828788
5700.84324
4835.542127
3952.21221
3054.827317
2147.114118
1232.616027
314.7554022
6.53003894e-05
6.519086852e-05
6.519031263e-05
6.51898321e-05
6.51894347e-05
6.51891274e-05
6.518891646e-05
6.518880825e-05
-3.450048684
-5.186999476
-6.455077553
1.225297989
9.580539737
-3.263169007
30.68382575
1506.265334
14925.15107
12255.66616
11839.08799
11896.41122
11967.98011
11945.62626
11811.77323
11572.20017
11237.75778
10819.45345
10327.31847
9770.304435
9156.410711
8492.828742
7786.060253
7042.010763
6266.067134
5463.165979
4637.856958
3794.362949
2936.638014
2068.42357
1193.303062
314.7554022
6.530085576e-05
6.519087008e-05
6.519031417e-05
6.518983367e-05
6.518943632e-05
6.518912904e-05
6.518891812e-05
6.518880993e-05
0.1409946827
3.288036738
3.951085051
7.371845559
11.20595342
10.42484163
21.11055302
7184.693438
6557.608803
11337.77291
11496.53147
11525.23822
11522.53425
11457.47778
11308.7168
11071.56258
10750.02074
10351.33929
9883.477147
9354.133057
8770.449621
8138.972558
7465.69277
6756.10811
6015.285139
5247.916481
4458.373976
3650.758724
2828.948928
1996.646193
1157.420677
314.7554022
6.530136086e-05
6.519087144e-05
6.519031552e-05
6.518983505e-05
6.518943773e-05
6.518913049e-05
6.518891958e-05
6.51888114e-05
1.030473213
6.556707551
10.55951909
12.01835265
11.74142263
10.30955469
10.03652277
497.6844147
11006.27561
11674.99344
11284.03474
11185.48664
11139.4553
11053.05271
10894.07577
10655.33645
10339.44819
9952.431701
9501.14467
8992.328707
8432.310071
7826.946568
7181.656511
6501.46841
5791.071268
5054.860649
4296.980617
3521.362713
2731.763075
1931.798423
1124.981385
314.7554022
6.530189226e-05
6.519087262e-05
6.519031669e-05
6.518983625e-05
6.518943897e-05
6.518913175e-05
6.518892085e-05
6.518881268e-05
1.159857567
4.636154743
7.265676221
9.095407546
9.452296503
8.885558442
10.08364055
469.7062973
13334.40007
11098.86638
10779.13561
10793.22989
10796.764
10721.22254
10559.22033
10316.28422
10000.03034
9617.822659
9176.370389
8681.756973
8139.545247
7554.876123
6932.545733
6277.063077
5592.693648
4883.494126
4153.341907
3405.961944
2644.952381
1873.809789
1095.954391
314.7554022
6.530243586e-05
6.519087363e-05
6.51903177e-05
6.518983728e-05
6.518944003e-05
6.518913283e-05
6.518892195e-05
6.518881378e-05
1.110534787
3.784204486
5.796207854
7.001871416
7.551778076
7.811125441
8.15555204
1290.394531
2255.24826
8606.941761
9940.419886
10411.54678
10533.16639
10475.87474
10305.32294
10050.57603
9726.594646
9342.488371
8904.788682
8418.81543
7889.269289
7320.497205
6716.615618
6081.570533
5419.16937
4733.100508
4026.94793
3304.204436
2568.284995
1822.540844
1070.274474
314.7554022
6.530297795e-05
6.51908745e-05
6.519031856e-05
6.518983816e-05
6.518944092e-05
6.518913374e-05
6.518892287e-05
6.51888147e-05
0.9668553138
3.05058521
4.624968057
5.76187674
6.273864303
6.82398764
7.210640981
214.1560928
4466.800954
8766.906625
9964.065321
10379.38595
10448.49912
10343.80939
10135.64574
9854.13008
9513.314018
9120.779589
8681.513748
8199.480196
7678.252032
7121.259133
6531.878315
5913.46087
5269.336725
4602.811417
3917.162388
3215.637005
2501.453006
1777.801328
1047.850966
314.7554022
6.53035043e-05
6.519087522e-05
6.519031926e-05
6.518983888e-05
6.518944166e-05
6.518913449e-05
6.518892363e-05
6.518881545e-05
0.7475599078
2.419254128
3.673144226
4.727866683
5.143618376
5.874898757
5.547791156
5251.467188
9624.41302
10825.91958
10769.55994
10693.44828
10537.65428
10315.24088
10039.3467
9717.013698
9351.783498
8945.835801
8501.041052
8019.374145
7503.03331
6954.4413
6376.207899
5771.08564
5141.930085
4491.667734
3823.271542
3139.743059
2444.100004
1739.368176
1028.576653
314.7554022
6.530400111e-05
6.519087579e-05
6.519031981e-05
6.518983944e-05
6.518944224e-05
6.518913509e-05
6.518892423e-05
6.518881604e-05
0.5029220011
1.854045848
2.944966536
3.993154298
4.101110836
5.152081679
2.28367068
213.8619171
12107.06172
12323.74864
11594.81792
11087.20876
10693.44863
10340.17673
9989.513659
9622.824835
9231.003326
8809.773633
8357.475921
7873.977438
7360.100426
6817.298105
6247.457604
5652.772501
5035.656177
4398.680663
3744.532363
3075.979479
2395.847852
1707.002956
1012.33637
314.7554022
6.530445603e-05
6.519087617e-05
6.519032018e-05
6.518983984e-05
6.518944267e-05
6.518913553e-05
6.518892468e-05
6.518881647e-05
0.1285183289
1.384553327
2.43082654
3.584227723
3.887948474
4.946322601
4.349198127
9881.735198
16937.74003
13693.41659
12198.76542
11367.1361
10808.77499
10362.52802
9955.734305
9553.799708
9139.664809
8704.814588
8245.147512
7758.995293
7246.128269
6707.22724
6143.584206
5556.920517
4949.268592
4322.890348
3680.218273
3023.811439
2356.321857
1680.468239
999.0150706
314.7554022
6.530485594e-05
6.519087631e-05
6.519032033e-05
6.518984005e-05
6.518944294e-05
6.518913584e-05
6.5188925e-05
6.518881677e-05
-0.05686513858
1.054150203
2.199848306
3.464684644
4.371432856
3.865571847
877.0636799
18076.65233
15240.70493
13313.40578
12139.70246
11373.81152
10812.00796
10345.45084
9917.124162
9497.006212
9069.075281
8624.707715
8159.340506
7670.764464
7158.226198
6621.933377
6062.764769
5482.087818
4881.635634
4263.419001
3629.660546
2982.743906
2325.173555
1659.542409
988.5051229
314.7554022
6.530518266e-05
6.519087615e-05
6.519032027e-05
6.51898401e-05
6.518944308e-05
6.518913603e-05
6.518892523e-05
6.518881702e-05
0.204867273
1.164188499
2.168881817
2.693065393
2.609292359
2.500579288
44.99812384
3231.128414
12450.34335
12179.82096
11672.8393
11176.4164
10720.01557
10290.16818
9870.333666
9448.056971
9014.955998
8565.635825
8096.778775
7606.532739
7094.115323
6559.551035
6003.487854
5427.062379
4831.796457
4219.515626
3592.283544
2952.34865
2302.100329
1644.032465
980.7126367
314.7554022
6.530541439e-05
6.519087568e-05
6.519032002e-05
6.518984001e-05
6.518944311e-05
6.518913614e-05
6.51889254e-05
6.518881727e-05
0.6063014513
1.629967957
2.522563208
2.934053244
3.178374345
3.180115188
9.179767429
9317.620671
11072.21439
11282.70345
11195.43016
10939.01638
10601.49093
10224.89755
9826.01354
9409.963065
8977.089359
8526.136099
8055.642565
7564.509528
7052.188368
6518.703861
5964.608062
5390.910129
4799.002263
4190.590372
3567.632551
2932.285938
2286.861336
1633.784481
975.5626601
314.7554022
6.53055869e-05
6.519087504e-05
6.519031975e-05
6.518983988e-05
6.518944308e-05
6.518913618e-05
6.518892549e-05
6.518881748e-05
0.7374472701
1.814596716
2.640854566
2.922374256
2.997412266
2.869504361
65.36192164
3709.744049
9879.959241
10683.357
10887.17459
10782.74524
10522.05534
10181.94223
9798.887825
9388.723222
8957.335549
8506.211852
8035.182405
7543.711676
7031.461998
6498.504513
5945.36555
5373.000908
4782.74253
4176.238265
3555.393845
2922.320559
2279.289434
1628.69151
973.0031913
314.7554022
6.530547015e-05
6.519087459e-05
6.519031983e-05
6.518983988e-05
6.518944315e-05
6.518913626e-05
6.518892551e-05
6.518881764e-05
)
;

boundaryField
{
    lowerWall
    {
        type            fixedFluxPressure;
        gradient        uniform 0;
        value           nonuniform List<scalar> 
80
(
6.518865821e-05
6.518865825e-05
6.518865827e-05
6.518865842e-05
6.518865876e-05
6.518865922e-05
6.518865973e-05
6.518866023e-05
6.518866073e-05
6.518866123e-05
6.518866175e-05
6.518866229e-05
6.518866285e-05
6.518866344e-05
6.518866406e-05
6.518866471e-05
6.518866538e-05
6.518866608e-05
6.51886668e-05
6.518866755e-05
6.518866833e-05
6.518866914e-05
6.518866999e-05
6.518867087e-05
6.51886718e-05
6.518867279e-05
6.518867384e-05
6.518867497e-05
6.518867619e-05
6.518867752e-05
6.518867898e-05
6.518868059e-05
6.518868236e-05
6.518868432e-05
6.518868648e-05
6.518868885e-05
6.518869147e-05
6.518869433e-05
6.518869744e-05
6.518870082e-05
6.518870444e-05
6.518870832e-05
6.518871244e-05
6.518871677e-05
6.518872131e-05
6.518872601e-05
6.518873085e-05
6.518873579e-05
6.51887408e-05
6.518874584e-05
6.518875087e-05
6.518875584e-05
6.518876073e-05
6.518876551e-05
6.518877013e-05
6.518877457e-05
6.518877882e-05
6.518878284e-05
6.518878664e-05
6.518879019e-05
6.51887935e-05
6.518879656e-05
6.518879937e-05
6.518880194e-05
6.518880427e-05
6.518880637e-05
6.518880825e-05
6.518880993e-05
6.51888114e-05
6.518881268e-05
6.518881378e-05
6.51888147e-05
6.518881545e-05
6.518881604e-05
6.518881647e-05
6.518881677e-05
6.518881702e-05
6.518881727e-05
6.518881748e-05
6.518881764e-05
)
;
    }
    atmosphere
    {
        type            totalPressure;
        rho             rho;
        psi             none;
        gamma           1;
        p0              uniform 0;
        value           nonuniform List<scalar> 
80
(
-0.232888881
-0.59145527
-0.7291626929
-0.7042677458
-0.6474075516
-0.8062959504
-0.7407725858
-0.6542445219
-0.3080776874
-0.1468206382
-0.06727330206
-0.1346124739
-0.2016577656
-0.9416785721
-0.8765010675
0
0
0
0
0
0
-0.1311704062
-0.5523844085
-0.6483916002
-0.3717745599
-0.2659356181
-0.2344949071
-0.1644724466
-0.09216950823
-0.05164248946
-0.03844565236
-0.04337776445
-0.06665538503
-0.132755363
-0.3090010721
-0.6934350363
-0.825358975
-0.06704269123
0
0
-0.01636407146
-0.04314681013
-0.00543974676
0
0
0
-0.3327021464
-1.592302222
-2.72207386
-2.704758156
-5.314866358
-2.425152944
0
0
-1.015369718
-0.1740989805
-0.3311663112
-0.1777961985
-0.2888371113
-0.314638011
-0.4329473858
-0.5634038207
-0.8042347855
-0.4715703262
0
0
0
0
0
0
0
0
0
-0.007790891655
-0.05451260604
-0.03912319371
0
0
0
0
)
;
    }
    rightWall
    {
        type            empty;
    }
    leftWall
    {
        type            empty;
    }
    frontAndBack
    {
        type            fixedFluxPressure;
        gradient        nonuniform List<scalar> 
80
(
2.182725002e-06
6.548174999e-06
0.007672592823
1.527907896e-05
1.964452825e-05
2.400997979e-05
-8768.630022
0
0
0
0
0
0
0
0
0
0
0
0
0
0
0
0
0
0
0
0
0
0
0
0
0
0.000141877357
0.000146242575
0.0001506080251
0.0001549734748
0.000159338925
0.000163704375
0.000168069825
0.0001724352748
2.182725786e-06
6.548176757e-06
1.091362719e-05
1.52790771e-05
1.964452565e-05
2.400997509e-05
-3336.892554
-5767.067395
0
0
0
0
0
0
0
0
0
0
0
0
0
0
0
0
0
0
0
0
0
0
0
0
0.0001418773536
0.0001462425748
0.0001506080251
0.000154973475
0.000159338925
0.000163704375
0.000168069825
0.0001724352752
)
;
        value           nonuniform List<scalar> 
80
(
-2.336435855
1.697915517
1195.658609
-3.26256738
-2.239649979
-3.119172233
710.1298438
11812.85504
10176.00957
9020.096236
8205.066607
7608.532865
7149.666048
6776.732802
6455.631728
6163.060976
5882.750604
5603.320998
5316.9606
5018.527999
4704.895757
4374.450792
4026.709326
3662.020863
3281.341924
2886.064719
2477.889358
2058.730243
1630.648517
1195.803712
756.4189754
314.7554022
6.531583173e-05
6.51998537e-05
6.519957192e-05
6.51993653e-05
6.519924186e-05
6.519920811e-05
6.519927038e-05
6.519943541e-05
0.7374472703
1.814596716
2.640854567
2.922374257
2.997412267
2.869504362
65.15336586
3709.383607
9879.959241
10683.357
10887.17459
10782.74524
10522.05534
10181.94223
9798.887825
9388.723222
8957.335549
8506.211852
8035.182405
7543.711676
7031.461998
6498.504513
5945.36555
5373.000908
4782.74253
4176.238265
3555.393845
2922.320559
2279.289434
1628.69151
973.0031913
314.7554022
6.531433749e-05
6.520001475e-05
6.519973283e-05
6.519952572e-05
6.519940184e-05
6.519936778e-05
6.519942987e-05
6.519959484e-05
)
;
    }
}


// ************************************************************************* //
