/*--------------------------------*- C++ -*----------------------------------*\
| =========                 |                                                 |
| \\      /  F ield         | OpenFOAM: The Open Source CFD Toolbox           |
|  \\    /   O peration     | Version:  2506                                  |
|   \\  /    A nd           | Website:  www.openfoam.com                      |
|    \\/     M anipulation  |                                                 |
\*---------------------------------------------------------------------------*/
FoamFile
{
    version     2.0;
    format      ascii;
    arch        "LSB;label=32;scalar=64";
    class       volScalarField;
    location    "0.007";
    object      Qv;
}
// * * * * * * * * * * * * * * * * * * * * * * * * * * * * * * * * * * * * * //

dimensions      [1 0 -3 0 0 0 0];

internalField   nonuniform List<scalar> 
3200
(
13763360.77
14085591.44
14215388.68
13825649.19
12115793.48
10945673.41
10929734.35
9318954.521
3451459.229
399671.6045
25198.29882
3847.595201
1870.578012
1546.063792
1485.045187
1474.255682
1472.53877
1472.292903
1472.260946
1472.257142
1472.256724
1472.256681
1472.256672
1472.256648
1472.256534
1472.256029
1472.25403
1472.247006
1472.225344
1472.167465
1472.035234
1471.779724
1471.780028
1471.79232
1471.802919
1471.811797
1471.81893
1471.824297
1471.827883
1471.829679
13446244.07
13602843.23
13910525.57
12971694.65
11538163.97
9838410.774
9541235.608
7603553.893
2736408.476
323634.093
22418.02533
3717.422928
1859.452478
1545.144052
1485.06548
1474.289299
1472.548489
1472.294925
1472.2613
1472.257197
1472.256732
1472.256682
1472.256672
1472.256648
1472.256534
1472.256029
1472.25403
1472.247006
1472.225344
1472.167465
1472.035234
1471.779724
1471.780028
1471.79232
1471.802919
1471.811797
1471.81893
1471.824297
1471.827883
1471.829679
12978586.94
13009015.09
13017584.24
12363701.28
11197561.44
9472598.886
9306481.953
6297549.001
1998652.163
241038.6925
19114.31159
3561.490767
1849.368016
1545.485091
1485.536451
1474.441356
1472.584158
1472.301939
1472.26252
1472.25739
1472.25676
1472.256686
1472.256673
1472.256648
1472.256534
1472.256029
1472.25403
1472.247006
1472.225344
1472.167465
1472.035234
1471.779724
1471.780028
1471.79232
1471.802919
1471.811797
1471.81893
1471.824297
1471.827883
1471.829679
12457256.42
12428980.07
12337259.12
11874161.31
11058844.8
9874419.191
9742538.053
5359925.138
1475813.715
197395.1759
18001.37008
3593.830787
1872.956424
1553.766347
1487.900803
1475.015115
1472.706195
1472.325221
1472.266568
1472.258039
1472.256857
1472.256699
1472.256674
1472.256649
1472.256534
1472.256029
1472.25403
1472.247006
1472.225344
1472.167465
1472.035234
1471.779724
1471.780028
1471.79232
1471.802919
1471.811797
1471.81893
1471.824297
1471.827883
1471.829679
11920902.27
11861871.58
11727277.35
11386606.33
10905855.09
10687796.25
10771931.25
6067254.43
1712916.427
232810.5535
21809.57733
4095.882719
1982.07546
1582.797254
1495.428675
1476.787554
1473.082069
1472.397514
1472.279285
1472.2601
1472.257166
1472.256742
1472.25668
1472.256649
1472.256534
1472.256029
1472.25403
1472.247006
1472.225344
1472.167465
1472.035234
1471.779724
1471.780028
1471.79232
1471.802919
1471.811797
1471.81893
1471.824297
1471.827883
1471.829679
11387013.44
11300901.24
11107713.33
10752905.57
10184863.32
9074693.406
8806684.051
4845617.912
1650312.254
301629.1104
33128.53271
5604.108728
2288.259578
1661.805147
1515.937001
1481.673824
1474.131548
1472.601496
1472.315449
1472.265993
1472.258055
1472.256867
1472.256697
1472.256651
1472.256534
1472.256029
1472.25403
1472.247006
1472.225344
1472.167465
1472.035234
1471.779724
1471.780028
1471.79232
1471.802919
1471.811797
1471.81893
1471.824297
1471.827883
1471.829679
10878776.85
10749523.73
10456355.63
9963994.937
9199587.146
8127350.184
6746169.909
3829958.293
1955572.919
540570.0992
75521.72597
10754.37625
3152.3577
1861.756005
1566.094314
1493.577337
1476.697372
1473.10205
1472.404388
1472.280495
1472.26024
1472.257173
1472.256737
1472.256656
1472.256535
1472.256029
1472.25403
1472.247006
1472.225344
1472.167465
1472.035234
1471.779724
1471.780028
1471.792319
1471.802919
1471.811797
1471.81893
1471.824297
1471.827883
1471.829679
10439760.69
10269031
9885571.353
9230443.017
8280764.8
6621433.982
4842778.058
4319990.291
3118592.441
1262012.236
238779.5218
29793.18188
5552.098871
2311.632404
1670.126625
1517.792685
1481.912212
1474.121474
1472.585715
1472.31005
1472.264685
1472.257794
1472.256818
1472.256666
1472.256536
1472.256029
1472.25403
1472.247006
1472.225344
1472.167465
1472.035234
1471.779724
1471.780028
1471.792319
1471.802919
1471.811797
1471.81893
1471.824297
1471.827883
1471.829679
10103539.81
9899981.949
9437119.718
8644170.422
7420550.791
6135598.357
5009849.702
4290639.085
4238541.01
2371770.94
645370.543
87037.05754
11412.31358
3157.77551
1843.404616
1556.902759
1490.327825
1475.774009
1472.880593
1472.358153
1472.271912
1472.2588
1472.256948
1472.256682
1472.256538
1472.256029
1472.25403
1472.247006
1472.225344
1472.167465
1472.035234
1471.779724
1471.780028
1471.792319
1471.802919
1471.811797
1471.81893
1471.824297
1471.827883
1471.829679
9893522.211
9673270.449
9162487.455
8266300.174
7184029.879
6155367.397
5306313.812
4401880.419
3752529.937
2795851.071
1053490.746
180252.7255
21337.42928
4351.755412
2060.795419
1604.580802
1500.640429
1477.8204
1473.248563
1472.418403
1472.280965
1472.260058
1472.257111
1472.256702
1472.25654
1472.256029
1472.25403
1472.247006
1472.225344
1472.167465
1472.035234
1471.779724
1471.780028
1471.792319
1471.802919
1471.811797
1471.81893
1471.824297
1471.827883
1471.829679
9819709.491
9604137.573
9100027.17
8284014.481
7360503.436
6593336.244
6197475.127
5587915.738
3054722.167
2146690.747
1043935.993
240255.0169
30705.89272
5476.719196
2254.948277
1646.884008
1509.942851
1479.699109
1473.590458
1472.474707
1472.289428
1472.261229
1472.257261
1472.25672
1472.256542
1472.25603
1472.25403
1472.247006
1472.225344
1472.167465
1472.035234
1471.779724
1471.780028
1471.792319
1471.802919
1471.811797
1471.81893
1471.824297
1471.827883
1471.829679
9879060.782
9694108.315
9268370.919
8590527.349
7886682.03
7551659.35
8047215.292
7923685.467
5368969.144
1946302.021
1104250.736
285873.4246
37909.20675
6304.755642
2389.991178
1675.79784
1516.325537
1480.99607
1473.826774
1472.513418
1472.295179
1472.26201
1472.257359
1472.256731
1472.256543
1472.25603
1472.25403
1472.247006
1472.225344
1472.167465
1472.035234
1471.779724
1471.780028
1471.792319
1471.802919
1471.811797
1471.81893
1471.824297
1471.827883
1471.829679
10051825.66
9908586.354
9591408.054
9125795.607
8827995.09
9383372.754
11796066.91
11343838.76
8363531.448
4103355.052
1632289.199
374682.9702
45645.52498
6947.892815
2477.440762
1692.856935
1519.893433
1481.689452
1473.947091
1472.531981
1472.297734
1472.262324
1472.257393
1472.256734
1472.256543
1472.25603
1472.25403
1472.247006
1472.225344
1472.167465
1472.035234
1471.779724
1471.780028
1471.792319
1471.802919
1471.811797
1471.81893
1471.824297
1471.827883
1471.829679
10317467.01
10225028.6
10039645.9
9899356.846
10247141.11
12093116.45
13062802.27
12406638.54
11152993.16
7342417.211
2588033.949
505036.1251
54236.67801
7508.498798
2542.201925
1704.161807
1522.030708
1482.057783
1474.001284
1472.538474
1472.298296
1472.262339
1472.257386
1472.256732
1472.256543
1472.25603
1472.25403
1472.247006
1472.225344
1472.167465
1472.035234
1471.779723
1471.780027
1471.792319
1471.802919
1471.811797
1471.81893
1471.824297
1471.827883
1471.829679
10650714.31
10606524.06
10580188.64
10745877.15
11424283.69
13011770.88
13119396.62
13141791.6
12474743.08
11408295.1
3921423.847
664814.5414
64061.31725
8141.743352
2615.553001
1716.887072
1524.374671
1482.44114
1474.052665
1472.543555
1472.298508
1472.262287
1472.257369
1472.256729
1472.256542
1472.25603
1472.25403
1472.247006
1472.225344
1472.167465
1472.035234
1471.779723
1471.780027
1471.792319
1471.802919
1471.811797
1471.81893
1471.824297
1471.827883
1471.829679
11033914.38
11055940.98
11166776.49
11478144.86
12131618.73
13108297.8
13149222.5
13281186.55
12815124.25
12091517.49
4511398.982
796989.54
76429.2519
9066.568979
2723.706952
1735.358383
1527.743404
1482.994449
1474.12927
1472.552001
1472.299131
1472.262283
1472.257357
1472.256726
1472.256542
1472.25603
1472.25403
1472.247006
1472.225344
1472.167465
1472.035234
1471.779723
1471.780027
1471.792319
1471.802919
1471.811797
1471.81893
1471.824297
1471.827883
1471.829679
11483152.84
11586102.58
11828456.26
12274913.26
12995305.08
13599884.45
13458143.26
13482361.31
12294030.93
12075204.59
4743712.482
934087.3917
93443.74066
10323.97694
2858.532244
1756.852533
1531.473392
1483.582223
1474.207503
1472.560256
1472.299696
1472.262271
1472.257344
1472.256723
1472.256542
1472.25603
1472.25403
1472.247006
1472.225344
1472.167465
1472.035234
1471.779723
1471.780027
1471.792319
1471.802919
1471.811797
1471.81893
1471.824297
1471.827883
1471.829679
11990782.61
12193027.75
12604307
13274872.64
14232003.72
14541833.33
14519448.49
14664846.04
12974629.4
11261374.07
4744042.348
1090769.594
113961.4026
11657.62944
2980.35184
1773.741867
1533.99796
1483.903496
1474.235424
1472.56028
1472.299077
1472.262109
1472.257315
1472.256719
1472.256541
1472.256029
1472.25403
1472.247006
1472.225344
1472.167465
1472.035234
1471.779723
1471.780027
1471.792319
1471.802919
1471.811797
1471.81893
1471.824297
1471.827883
1471.829679
12502596.2
12810986.7
13418888.15
14384172.3
15346291.12
15602204.35
15277342.97
15204443.57
14915855.42
11920532.19
4788189.025
1239270.516
130410.8287
12462.75574
3027.353369
1775.912103
1533.355626
1483.591062
1474.150678
1472.542534
1472.295952
1472.261627
1472.257248
1472.256711
1472.25654
1472.256029
1472.25403
1472.247006
1472.225344
1472.167465
1472.035234
1471.779723
1471.780027
1471.792319
1471.802919
1471.811797
1471.81893
1471.824297
1471.827883
1471.829679
12945528.14
13319260.09
14076140.88
15191972.67
16292620.2
16816019.4
16410635.66
16363886.82
15349436.03
12529495.52
5395906.243
1348009.491
136019.3757
12341.40664
2968.984188
1759.0694
1528.799004
1482.522064
1473.935627
1472.50484
1472.290091
1472.260807
1472.257144
1472.256698
1472.256539
1472.256029
1472.25403
1472.247006
1472.225344
1472.167465
1472.035234
1471.779723
1471.780027
1471.792319
1471.802919
1471.811797
1471.81893
1471.824297
1471.827883
1471.829679
13325796.43
13702670.31
14498238.75
15746581.39
17013949.37
17815533.04
17914303.39
17393062.7
20815178.72
15172931.09
5822594.829
1350641.124
126098.655
11157.59821
2801.036635
1723.353403
1520.561949
1480.787146
1473.613974
1472.452066
1472.282332
1472.259773
1472.257018
1472.256684
1472.256537
1472.256029
1472.25403
1472.247006
1472.225344
1472.167465
1472.035234
1471.779723
1471.780027
1471.792319
1471.802919
1471.811797
1471.81893
1471.824297
1471.827883
1471.829679
13734514.83
14035609.71
14686194.62
15741692.76
17165210.24
18417981.46
19619945.21
21411455.1
21432716.44
16733026.25
5786648.426
1187236.369
98552.05648
8985.399767
2533.733845
1671.159971
1509.422906
1478.598337
1473.231953
1472.392615
1472.273993
1472.258708
1472.256893
1472.256671
1472.256536
1472.256029
1472.25403
1472.247006
1472.225344
1472.167465
1472.035234
1471.779723
1471.780027
1471.792319
1471.802919
1471.811797
1471.81893
1471.824297
1471.827883
1471.829679
14195039.05
14406411.18
14871953.54
15606354.45
16567921.56
17621169.41
18781360.67
19929395.42
18683880.95
17839729.71
5197417.118
852693.4886
61009.08562
6390.60417
2215.78896
1611.080317
1497.359533
1476.375817
1472.866302
1472.338635
1472.266771
1472.257824
1472.256793
1472.25666
1472.256535
1472.256029
1472.25403
1472.247006
1472.225344
1472.167465
1472.035234
1471.779723
1471.780027
1471.792319
1471.802919
1471.811797
1471.818929
1471.824297
1471.827883
1471.829679
14699363.22
14849634
15187143.02
15714875.71
16386838.16
17136188.42
17912668.47
18422785.77
16896646.96
16639619.54
4198792.304
479244.9466
29849.30314
4195.306106
1920.898749
1555.468094
1486.766345
1474.542551
1472.582147
1472.298903
1472.261711
1472.257232
1472.256729
1472.256654
1472.256534
1472.256029
1472.25403
1472.247006
1472.225344
1472.167465
1472.035234
1471.779723
1471.780027
1471.792319
1471.802919
1471.811797
1471.818929
1471.824297
1471.827883
1471.829679
15198243.62
15306804.74
15546475.6
15905361.77
16327960.08
16730598.04
16989814.67
16653516.04
14454262.43
14104974.43
3064002.451
218307.6929
13082.52967
2815.980962
1707.811711
1515.083371
1479.443336
1473.347542
1472.407013
1472.275636
1472.258881
1472.256914
1472.256696
1472.25665
1472.256534
1472.256029
1472.25403
1472.247006
1472.225344
1472.167465
1472.035234
1471.779723
1471.780027
1471.792319
1471.802918
1471.811797
1471.818929
1471.824297
1471.827883
1471.829679
15655876.58
15731737.77
15888891.9
16105841.42
16327957.54
16439512.9
16218915.24
15412575.32
13406602.43
13150132.55
2237401.372
105016.7485
6865.670267
2166.780663
1593.48597
1493.351981
1475.649361
1472.75508
1472.323741
1472.264989
1472.257631
1472.256778
1472.256682
1472.256649
1472.256534
1472.256029
1472.25403
1472.247006
1472.225344
1472.167465
1472.035234
1471.779723
1471.780027
1471.792319
1471.802918
1471.811797
1471.818929
1471.824296
1471.827883
1471.829679
16060032.62
16105778.78
16194539.92
16309687.47
16393226.68
16337423.41
16085707.56
15676122.64
15348886.83
15350794.92
1634769.282
63857.75109
4802.150499
1909.561942
1545.198816
1484.289875
1474.115519
1472.522833
1472.291981
1472.261024
1472.257176
1472.25673
1472.256677
1472.256649
1472.256534
1472.256029
1472.25403
1472.247006
1472.225344
1472.167465
1472.035234
1471.779723
1471.780027
1471.792319
1471.802918
1471.811797
1471.818929
1471.824296
1471.827883
1471.829679
16422517.06
16445796.08
16495583.16
16559590.22
16593005.69
16552777.35
16488275.11
16565229.5
16985344.27
16996054.77
1378590.831
49217.46029
4113.543369
1817.535275
1527.685797
1481.050937
1473.576618
1472.442312
1472.281068
1472.259669
1472.25702
1472.256713
1472.256675
1472.256649
1472.256534
1472.256029
1472.25403
1472.247006
1472.225344
1472.167465
1472.035234
1471.779723
1471.780027
1471.792319
1471.802918
1471.811797
1471.818929
1471.824296
1471.827883
1471.829679
16760609.72
16773644.02
16811907.64
16877722.06
16939288.53
16995105.03
17154694
17627278.68
18225109.24
18239511.03
1477072.685
46521.06719
3906.074264
1785.333666
1521.183474
1479.818287
1473.368768
1472.410905
1472.276757
1472.259126
1472.256957
1472.256706
1472.256675
1472.256649
1472.256534
1472.256029
1472.25403
1472.247006
1472.225344
1472.167465
1472.035234
1471.779723
1471.780027
1471.792319
1471.802918
1471.811797
1471.818929
1471.824296
1471.827883
1471.829679
17088635.39
17097003.22
17153440.64
17273827.47
17428036.04
17632532.7
18011113.77
18725749.57
19348259.37
19390312.4
1744308.218
50156.92873
3882.948468
1770.763343
1517.562913
1479.102587
1473.247927
1472.392709
1472.274255
1472.258808
1472.256919
1472.256702
1472.256674
1472.256648
1472.256534
1472.256029
1472.25403
1472.247006
1472.225344
1472.167465
1472.035234
1471.779723
1471.780027
1471.792319
1471.802918
1471.811797
1471.818929
1471.824296
1471.827883
1471.829679
17417943.81
17429921.98
17527402.84
17739258.25
18040499.18
18454090.21
19076539.71
19778774.33
20201505.22
20194049.47
2155023.509
58162.95385
3963.373233
1764.334065
1514.978262
1478.546475
1473.153012
1472.378523
1472.27232
1472.258563
1472.25689
1472.256699
1472.256674
1472.256648
1472.256534
1472.256029
1472.25403
1472.247006
1472.225344
1472.167465
1472.035234
1471.779723
1471.780027
1471.792319
1471.802918
1471.811797
1471.818929
1471.824297
1471.827883
1471.829679
17762157.43
17781898.1
17934043.61
18266738.41
18763767.87
19457954.77
20268370.21
21034080.69
21304323.34
21057523.22
2797322.304
73756.77042
4213.261609
1771.980712
1514.074626
1478.188481
1473.08105
1472.367052
1472.270714
1472.258358
1472.256866
1472.256696
1472.256674
1472.256648
1472.256534
1472.256029
1472.25403
1472.247006
1472.225344
1472.167465
1472.035234
1471.779723
1471.780027
1471.792319
1471.802918
1471.811797
1471.818929
1471.824297
1471.827883
1471.829679
18131829.66
18155587.64
18358732.81
18815635.12
19512089.4
20421422.95
21434663.37
22677467.8
23492377.15
22053532
3627837.943
93341.10736
4480.396081
1780.127449
1513.353913
1477.876883
1473.017865
1472.356969
1472.269303
1472.258177
1472.256844
1472.256694
1472.256673
1472.256648
1472.256534
1472.256029
1472.25403
1472.247006
1472.225344
1472.167465
1472.035234
1471.779723
1471.780027
1471.792319
1471.802918
1471.811797
1471.818929
1471.824297
1471.827883
1471.829679
18538076.16
18556428.88
18779560.24
19311524.19
20135796.71
21132423.59
22202244.29
23366332.83
23597555.75
23016444.96
5537014.777
130280.7684
4818.92647
1785.050195
1511.918449
1477.489515
1472.950553
1472.347071
1472.267979
1472.258013
1472.256825
1472.256692
1472.256673
1472.256648
1472.256534
1472.256029
1472.25403
1472.247006
1472.225344
1472.167465
1472.035234
1471.779723
1471.780027
1471.792319
1471.802918
1471.811797
1471.818929
1471.824297
1471.827883
1471.829679
18992499.64
18996059.36
19209702.13
19741058.64
20544888.25
21470475.25
22359830.98
23137472.04
23729588.1
23848516.73
12113377.8
267912.3014
5519.564112
1793.303106
1510.077824
1477.041537
1472.879426
1472.337246
1472.266712
1472.257858
1472.256807
1472.25669
1472.256673
1472.256648
1472.256534
1472.256029
1472.25403
1472.247006
1472.225344
1472.167465
1472.035234
1471.779723
1471.780027
1471.792319
1471.802918
1471.811797
1471.81893
1471.824297
1471.827883
1471.829679
19501966.57
19485116.99
19664387.53
20131476.6
20805982.61
21547746.83
22254350.65
22831521.51
23065985.28
22876914.7
22695932.92
838688.6783
7435.71836
1825.700913
1509.354226
1476.655308
1472.813194
1472.327979
1472.265518
1472.257713
1472.256791
1472.256688
1472.256673
1472.256648
1472.256534
1472.256029
1472.25403
1472.247006
1472.225344
1472.167465
1472.035234
1471.779723
1471.780027
1471.792319
1471.802918
1471.811797
1471.81893
1471.824297
1471.827883
1471.829679
20068646.9
20034859.94
20181690.71
20583551.13
21154532.37
21779813.12
22379629.9
22853620
22993321.92
22541207.88
21937421.18
1328929.867
9993.126803
1871.586635
1509.569633
1476.343009
1472.753914
1472.31949
1472.264419
1472.25758
1472.256775
1472.256686
1472.256673
1472.256648
1472.256534
1472.256029
1472.25403
1472.247006
1472.225344
1472.167465
1472.035234
1471.779723
1471.780027
1471.792319
1471.802919
1471.811797
1471.81893
1471.824297
1471.827883
1471.829679
20692778.96
20651806.2
20780852.63
21128529.6
21624280.22
22190168.75
22761863.26
23234269.2
23358856.46
22592634.17
20839562.65
1223390.525
10255.04468
1867.135577
1507.118372
1475.908454
1472.693489
1472.311694
1472.26345
1472.257464
1472.256762
1472.256685
1472.256673
1472.256648
1472.256534
1472.256029
1472.25403
1472.247006
1472.225344
1472.167465
1472.035234
1471.779723
1471.780027
1471.792319
1471.802919
1471.811797
1471.81893
1471.824297
1471.827883
1471.829679
21375082.56
21338226.59
21453945.97
21754913.51
22208952.42
22782648.85
23439593.36
24073619.82
24532601.77
24630244.01
24327009.42
2512954.383
13413.94419
1875.977433
1504.07851
1475.432705
1472.636444
1472.304957
1472.262643
1472.257369
1472.256752
1472.256684
1472.256672
1472.256648
1472.256534
1472.256029
1472.25403
1472.247006
1472.225344
1472.167465
1472.035234
1471.779723
1471.780027
1471.792319
1471.802919
1471.811797
1471.81893
1471.824297
1471.827883
1471.829679
22078870.32
22052090.13
22141388.97
22399029.07
22856566.31
23533621.73
24425153.67
25342791.4
26145511.86
26794143.9
26821718.35
11516628.69
40630.98488
2051.572461
1507.141847
1475.218915
1472.594987
1472.299648
1472.261995
1472.257293
1472.256743
1472.256683
1472.256672
1472.256648
1472.256534
1472.256029
1472.25403
1472.247006
1472.225344
1472.167465
1472.035234
1471.779723
1471.780027
1471.792319
1471.802919
1471.811797
1471.81893
1471.824297
1471.827883
1471.829679
22715264.68
22692220
22741488.72
22965589.18
23491927.21
24406171.51
25780671.44
27044773.8
27975293.76
28407343.32
26986949
11946188.15
44004.41412
1983.804797
1500.221745
1474.673823
1472.550354
1472.295079
1472.261458
1472.257229
1472.256736
1472.256682
1472.256672
1472.256648
1472.256534
1472.256029
1472.25403
1472.247006
1472.225344
1472.167465
1472.035234
1471.779723
1471.780027
1471.792319
1471.802919
1471.811797
1471.81893
1471.824297
1471.827883
1471.829679
23237080.79
23196681.05
23185579.74
23381212.35
24008245.8
25323534.95
27637691.14
29087108.61
29860171.49
30418040.12
30451908.82
12081080.72
20284.18676
1739.652548
1488.657805
1474.105762
1472.513718
1472.291397
1472.26101
1472.257175
1472.25673
1472.256681
1472.256672
1472.256648
1472.256534
1472.256029
1472.25403
1472.247006
1472.225344
1472.167465
1472.035234
1471.779723
1471.780027
1471.792319
1471.802919
1471.811797
1471.81893
1471.824297
1471.827883
1471.829679
23656750.23
23557767.18
23454191.02
23607244.19
24172259.26
25278819.41
29019174.92
29354350.24
29981968.08
30455179.12
30469235.06
6852201.194
4135.756355
1558.832617
1482.360483
1473.825849
1472.490412
1472.288478
1472.260629
1472.257128
1472.256725
1472.256681
1472.256672
1472.256648
1472.256534
1472.256029
1472.25403
1472.247006
1472.225344
1472.167465
1472.035234
1471.779723
1471.780027
1471.792319
1471.802919
1471.811797
1471.81893
1471.824297
1471.827883
1471.829679
24034111.24
23827775.65
23548569.48
23587417.89
24087739.77
24618670.1
24529034.48
24428833.75
17283467.35
12492899.07
2351368.878
6985.05259
1771.508918
1520.202637
1480.913442
1473.69628
1472.472165
1472.285854
1472.260279
1472.257086
1472.25672
1472.25668
1472.256672
1472.256648
1472.256534
1472.256029
1472.25403
1472.247006
1472.225344
1472.167465
1472.035234
1471.779723
1471.780027
1471.792319
1471.802919
1471.811797
1471.81893
1471.824297
1471.827883
1471.829679
24427169.15
24026238.55
23385949.69
23313729.86
23506962.44
23340321.76
23193471.21
19450712.82
4263703.787
160842.7627
10086.75875
2532.498351
1681.557851
1515.086048
1480.240063
1473.58352
1472.454182
1472.283246
1472.259935
1472.257044
1472.256715
1472.25668
1472.256672
1472.256648
1472.256534
1472.256029
1472.25403
1472.247006
1472.225344
1472.167465
1472.035234
1471.779723
1471.780027
1471.792319
1471.802919
1471.811797
1471.81893
1471.824297
1471.827883
1471.829679
25030416.81
24574452.6
23536654.29
23167559.58
23159378.04
23556041.66
26664490.54
22152472.05
2453766.753
69286.91797
6603.120288
2355.196897
1661.161076
1511.334865
1479.521266
1473.457448
1472.434319
1472.280422
1472.25957
1472.257001
1472.25671
1472.256679
1472.256672
1472.256648
1472.256534
1472.256029
1472.25403
1472.247006
1472.225344
1472.167465
1472.035234
1471.779723
1471.780027
1471.792319
1471.802919
1471.811797
1471.81893
1471.824297
1471.827883
1471.829679
25734921.55
25397225.33
24685876.79
23656708.69
23368298.81
24339059.92
24879281.37
23644066.52
2135460.82
54070.69568
5885.267285
2272.539221
1645.446191
1508.009666
1478.862572
1473.340636
1472.415816
1472.277784
1472.259229
1472.25696
1472.256706
1472.256679
1472.256672
1472.256648
1472.256534
1472.256029
1472.25403
1472.247006
1472.225344
1472.167465
1472.035234
1471.779723
1471.780027
1471.792319
1471.802919
1471.811797
1471.81893
1471.824297
1471.827883
1471.829679
26437378.33
26200201.93
25737082.58
25156528.75
24827841.81
24794305.16
24717270.97
23097005.3
2860280.754
80541.02439
6642.885482
2318.613236
1648.601858
1507.843308
1478.709908
1473.29769
1472.407092
1472.276328
1472.259018
1472.256933
1472.256703
1472.256679
1472.256672
1472.256648
1472.256534
1472.256029
1472.25403
1472.247006
1472.225344
1472.167465
1472.035234
1471.779723
1471.780027
1471.792319
1471.802919
1471.811797
1471.81893
1471.824297
1471.827883
1471.829679
27075678.85
26888545.84
26529178.83
26045568.84
25604056.37
25218031.09
24842176.89
22892660.39
3282855.269
102587.1484
7794.364776
2424.778307
1661.10978
1509.073513
1478.747086
1473.27824
1472.401057
1472.275161
1472.258838
1472.256909
1472.2567
1472.256678
1472.256672
1472.256648
1472.256534
1472.256029
1472.25403
1472.247006
1472.225344
1472.167465
1472.035234
1471.779723
1471.780027
1471.792319
1471.802919
1471.811797
1471.81893
1471.824297
1471.827883
1471.829679
27617213.27
27439643.22
27093356.83
26608845.85
26102880.4
25420059.55
23530598.41
23316858.35
12027475.15
248630.7077
9367.08151
2447.629234
1652.199203
1505.843317
1477.990814
1473.136736
1472.378498
1472.271996
1472.25844
1472.256864
1472.256695
1472.256678
1472.256672
1472.256648
1472.256534
1472.256029
1472.25403
1472.247006
1472.225344
1472.167465
1472.035234
1471.779723
1471.780027
1471.792319
1471.802919
1471.811797
1471.81893
1471.824297
1471.827883
1471.829679
28070332.69
27877642.21
27499453.73
26984617.32
26579565.92
26207176.16
24633897.42
23738801.86
17623854.66
607044.1864
11715.12523
2384.089205
1619.823131
1497.665204
1476.365087
1472.86446
1472.338704
1472.266806
1472.257826
1472.256797
1472.256689
1472.256677
1472.256672
1472.256648
1472.256534
1472.256029
1472.25403
1472.247006
1472.225344
1472.167465
1472.035234
1471.779723
1471.780027
1471.792319
1471.802919
1471.811797
1471.81893
1471.824297
1471.827883
1471.829679
28514600.58
28261209.69
27874010.32
27179769.67
26785850.38
26367724.71
25847404.13
24638525.09
20359124.85
1037906.442
14947.26131
2363.362981
1592.63551
1490.119234
1474.83161
1472.6079
1472.301569
1472.262027
1472.25727
1472.256738
1472.256683
1472.256677
1472.256672
1472.256648
1472.256534
1472.256029
1472.25403
1472.247006
1472.225344
1472.167465
1472.035234
1471.779723
1471.780027
1471.792319
1471.802919
1471.811797
1471.81893
1471.824297
1471.827883
1471.829679
28602225.91
28321355.59
27932362.57
27346709.34
26878910.25
26501672.3
25971223.67
24716320.35
20634954.09
1677472.147
24563.34149
2597.990155
1599.045948
1487.898405
1474.122665
1472.471318
1472.280602
1472.259255
1472.256944
1472.256703
1472.256679
1472.256676
1472.256672
1472.256648
1472.256534
1472.256029
1472.25403
1472.247006
1472.225344
1472.167465
1472.035234
1471.779724
1471.780028
1471.792319
1471.802919
1471.811797
1471.81893
1471.824297
1471.827883
1471.829679
28372836.67
28084403.02
27906174.24
27339538.23
26876151.56
26564086.75
26065122.61
24132141.96
19658812.66
1891212.161
33866.69323
2923.477626
1628.414931
1490.416921
1474.20973
1472.450818
1472.274883
1472.258319
1472.256821
1472.256689
1472.256678
1472.256676
1472.256672
1472.256648
1472.256534
1472.256029
1472.25403
1472.247006
1472.225344
1472.167465
1472.035234
1471.779724
1471.780028
1471.792319
1471.802919
1471.811797
1471.81893
1471.824297
1471.827883
1471.829679
26456319.7
26447290.43
27055537.2
26312653.41
25297332.95
24400170.16
22630767.82
22095656.43
17884616.98
2074424.268
46546.69765
3388.287955
1676.590187
1496.39062
1474.857853
1472.509476
1472.279159
1472.258536
1472.256822
1472.256688
1472.256678
1472.256676
1472.256672
1472.256648
1472.256534
1472.256029
1472.25403
1472.247006
1472.225344
1472.167465
1472.035234
1471.779724
1471.780028
1471.792319
1471.802919
1471.811797
1471.81893
1471.824297
1471.827884
1471.829679
24255261.89
24249151.94
24351028.81
23932610.34
23116888.64
21874783.11
19424988.78
18021009.65
16528649.46
2485142.138
67996.50767
4064.324569
1743.618091
1505.400574
1475.982532
1472.633568
1472.291374
1472.259622
1472.25691
1472.256694
1472.256678
1472.256676
1472.256672
1472.256648
1472.256534
1472.256029
1472.25403
1472.247006
1472.225344
1472.167465
1472.035234
1471.779724
1471.780028
1471.792319
1471.802919
1471.811797
1471.81893
1471.824297
1471.827884
1471.829679
22234883.31
22229332.12
22200112.86
21940136
21309362.31
20230382.08
18219113.05
16163731.27
15467710.16
2599337.547
83092.70034
4683.555745
1813.714749
1516.30377
1477.539934
1472.827298
1472.312682
1472.261734
1472.257101
1472.25671
1472.256679
1472.256676
1472.256672
1472.256648
1472.256534
1472.256029
1472.25403
1472.247006
1472.225344
1472.167465
1472.035234
1471.779724
1471.780028
1471.792319
1471.802919
1471.811797
1471.81893
1471.824297
1471.827884
1471.829679
20535731.45
20542499.25
20530588.95
20396090.03
19982093.78
19245463.27
17537205.37
14933022.5
14752490.38
2606010.355
97094.98628
5389.368266
1897.491739
1530.258923
1479.692397
1473.115344
1472.346578
1472.265309
1472.257445
1472.256741
1472.256682
1472.256676
1472.256672
1472.256648
1472.256534
1472.256029
1472.25403
1472.247006
1472.225344
1472.167465
1472.035234
1471.779724
1471.780028
1471.79232
1471.802919
1471.811797
1471.81893
1471.824297
1471.827884
1471.829679
19145771.45
19174115.87
19206332.81
19168194.98
18932665.82
18426752.81
17040567.96
14502504.59
14381597.26
2696124.538
118306.8635
6382.910389
2007.853419
1548.769052
1482.663991
1473.532397
1472.398052
1472.270993
1472.258014
1472.256793
1472.256686
1472.256677
1472.256672
1472.256648
1472.256534
1472.256029
1472.25403
1472.247006
1472.225344
1472.167465
1472.035234
1471.779724
1471.780028
1471.79232
1471.802919
1471.811797
1471.81893
1471.824297
1471.827884
1471.829679
17984116.13
18039042.89
18112028.21
18139824.24
18012656.73
17584475.87
16297589.98
13974273.23
13884513.76
2841498.037
145384.5122
7717.933497
2150.811189
1572.980723
1486.698399
1474.12349
1472.474194
1472.279757
1472.258929
1472.256881
1472.256694
1472.256677
1472.256672
1472.256648
1472.256534
1472.256029
1472.25403
1472.247006
1472.225344
1472.167465
1472.035234
1471.779724
1471.780028
1471.79232
1471.802919
1471.811797
1471.81893
1471.824297
1471.827884
1471.829679
16974316.05
17057349
17169577.32
17239039.43
17151170.22
16667262.85
15271063.89
13372043.48
13350952.85
3005550.922
172364.5929
9237.19109
2312.255084
1600.931787
1491.590292
1474.880626
1472.57715
1472.292244
1472.2603
1472.257019
1472.256707
1472.256679
1472.256672
1472.256648
1472.256534
1472.256029
1472.25403
1472.247006
1472.225344
1472.167465
1472.035234
1471.779724
1471.780028
1471.79232
1471.802919
1471.811797
1471.81893
1471.824297
1471.827884
1471.829679
16059679.79
16177391.73
16328454.75
16421193.3
16339582.04
15849688.82
14467598.16
13707741.03
13443375.13
3050879.487
200014.9185
11076.52629
2504.153082
1634.487977
1497.715728
1475.877663
1472.719744
1472.310407
1472.262391
1472.257239
1472.256728
1472.256681
1472.256672
1472.256648
1472.256534
1472.256029
1472.25403
1472.247006
1472.225344
1472.167465
1472.035234
1471.779724
1471.780028
1471.79232
1471.802919
1471.811797
1471.81893
1471.824297
1471.827884
1471.829679
15207518.12
15372278.82
15569637.39
15676340.46
15545927.21
14997791.88
13813204.52
13766140.72
12415636.41
2882969.269
233339.3487
13637.20616
2757.587993
1677.881521
1505.792389
1477.237001
1472.921534
1472.337121
1472.26559
1472.257589
1472.256764
1472.256684
1472.256672
1472.256648
1472.256534
1472.256029
1472.25403
1472.247006
1472.225344
1472.167465
1472.035234
1471.779724
1471.780028
1471.79232
1471.802919
1471.811797
1471.81893
1471.824297
1471.827884
1471.829679
14422649.16
14645918.32
14903579.87
15037349.93
14833895.15
14012976.5
13199050.35
13210659.49
11242984.63
2571355.848
274554.1209
17069.89456
3076.717731
1731.069364
1515.878438
1478.994931
1473.193001
1472.374564
1472.270265
1472.258124
1472.25682
1472.256689
1472.256673
1472.256648
1472.256534
1472.256029
1472.25403
1472.247006
1472.225344
1472.167465
1472.035234
1471.779724
1471.780028
1471.79232
1471.802919
1471.811797
1471.81893
1471.824297
1471.827884
1471.829679
13776526.24
14014670.7
14343370.12
14529026.83
14406950.7
13823650.25
13156618.69
12797807.29
7229746.453
2428645.835
316763.0293
20542.47294
3396.506797
1785.225479
1526.692915
1481.000765
1473.522507
1472.422777
1472.276633
1472.258892
1472.256906
1472.256698
1472.256674
1472.256648
1472.256534
1472.256029
1472.25403
1472.247006
1472.225344
1472.167465
1472.035234
1471.779724
1471.780028
1471.79232
1471.802919
1471.811797
1471.81893
1471.824297
1471.827884
1471.829679
13337371.04
13523658.73
13890371.96
14085063.96
13996058.04
13535891.13
12762943.4
12618736.76
6882787.774
2521542.44
341358.8834
22874.93718
3647.296761
1832.566102
1537.157204
1483.129565
1473.901838
1472.48241
1472.285032
1472.259967
1472.257032
1472.256712
1472.256675
1472.256649
1472.256534
1472.256029
1472.25403
1472.247006
1472.225344
1472.167465
1472.035234
1471.779724
1471.780028
1471.79232
1471.802919
1471.811797
1471.81893
1471.824297
1471.827884
1471.829679
13048385.38
13189282.22
13465512.57
13632512.64
13466823.2
12921432.38
12265698.14
11748479.13
9743028.779
2919017.292
348790.1425
24077.00594
3850.128617
1877.726782
1548.158466
1485.544427
1474.360871
1472.558811
1472.296365
1472.261488
1472.257219
1472.256733
1472.256677
1472.256649
1472.256534
1472.256029
1472.25403
1472.247006
1472.225344
1472.167465
1472.035234
1471.779724
1471.780028
1471.79232
1471.802919
1471.811797
1471.81893
1471.824297
1471.827884
1471.829679
12824082.73
12908390.59
13065189.37
13199782.75
13093776.67
12724309.51
12402041.46
12409595.13
10108700.62
2981625.377
348511.4898
25902.28026
4129.888366
1935.747811
1562.010862
1488.615549
1474.958549
1472.661277
1472.312068
1472.263669
1472.257497
1472.256766
1472.256681
1472.256649
1472.256534
1472.256029
1472.25403
1472.247006
1472.225344
1472.167465
1472.035234
1471.779724
1471.780028
1471.79232
1471.802919
1471.811797
1471.81893
1471.824297
1471.827884
1471.829679
12643990.29
12678286.13
12735328.41
12788129.7
12699466.79
12429941.32
12157415.83
12163669.77
8100836.839
2560786.586
376095.8529
30190.9851
4570.974495
2013.477663
1579.602179
1492.500108
1475.727113
1472.796423
1472.333403
1472.266728
1472.257899
1472.256815
1472.256687
1472.25665
1472.256534
1472.256029
1472.25403
1472.247006
1472.225344
1472.167465
1472.035234
1471.779724
1471.780028
1471.79232
1471.802919
1471.811797
1471.81893
1471.824297
1471.827884
1471.829679
12508987.88
12505988.38
12493520.14
12465055.81
12342722.38
12028603.31
11430867.13
11235844.33
8580459.503
3246464.167
478563.6679
37111.12812
5142.308579
2106.107628
1600.279531
1497.144148
1476.672237
1472.96807
1472.361433
1472.270888
1472.258466
1472.256886
1472.256695
1472.256651
1472.256534
1472.256029
1472.25403
1472.247006
1472.225344
1472.167465
1472.035234
1471.779724
1471.780028
1471.79232
1471.802919
1471.811797
1471.81893
1471.824297
1471.827883
1471.829679
12410797.37
12393933.49
12356667.07
12284581.2
12134665.73
11823760.34
11188410.37
10929654.69
8181754.868
3237730.757
512373.3329
42264.15626
5696.914982
2203.4215
1622.978023
1502.450305
1477.79454
1473.179606
1472.397244
1472.276394
1472.259242
1472.256988
1472.256707
1472.256652
1472.256534
1472.256029
1472.25403
1472.247006
1472.225344
1472.167465
1472.035234
1471.779724
1471.780028
1471.79232
1471.802919
1471.811797
1471.81893
1471.824297
1471.827883
1471.829679
12326825.84
12305055.75
12259121.53
12178190.37
12043787.35
11868821.08
11835170.45
11947024.79
6824404.134
2573973.937
480890.1003
45441.24548
6229.718458
2305.007067
1647.55166
1508.398666
1479.097974
1473.433978
1472.441791
1472.283472
1472.260273
1472.257126
1472.256725
1472.256654
1472.256534
1472.256029
1472.25403
1472.247006
1472.225344
1472.167465
1472.035234
1471.779724
1471.780028
1471.79232
1471.802919
1471.811797
1471.81893
1471.824297
1471.827883
1471.829679
12236756.77
12215582.47
12167422.24
12083151.29
11947383.89
11743060.64
11403913.64
11193079.68
6184481.287
2500297.953
507325.8118
51084.6911
6885.324899
2418.215197
1674.298861
1514.948987
1480.569797
1473.72976
1472.495182
1472.292214
1472.261583
1472.257308
1472.256748
1472.256657
1472.256535
1472.256029
1472.25403
1472.247006
1472.225344
1472.167465
1472.035234
1471.779724
1471.780028
1471.79232
1471.802919
1471.811797
1471.81893
1471.824297
1471.827883
1471.829679
12128581.27
12110253.57
12065137.54
11983422.36
11852574.13
11654527.03
11383563.29
11384140.85
7038444.171
3008021.114
601960.4965
60027.85632
7683.226935
2541.415784
1702.431664
1521.870252
1482.15627
1474.056695
1472.555782
1472.302404
1472.263151
1472.25753
1472.256777
1472.25666
1472.256535
1472.256029
1472.25403
1472.247006
1472.225344
1472.167465
1472.035234
1471.779724
1471.780028
1471.79232
1471.802919
1471.811797
1471.81893
1471.824297
1471.827883
1471.829679
11995887.54
11980798.39
11941690.59
11871808.88
11763980.98
11562961.15
11005180.63
10590683.98
7592786.007
3485118.965
708038.0471
70106.95132
8529.587808
2664.75532
1729.971136
1528.671794
1483.740621
1474.390078
1472.618983
1472.313275
1472.264862
1472.257778
1472.256811
1472.256665
1472.256536
1472.256029
1472.25403
1472.247006
1472.225344
1472.167465
1472.035234
1471.779724
1471.780028
1471.79232
1471.802919
1471.811797
1471.81893
1471.824297
1471.827883
1471.829679
11835801.6
11820661.58
11783965.63
11734007.86
11702589.78
11754913.18
11971494.88
12028401.61
8494233.851
3914018.683
802181.6969
79065.51295
9255.65263
2766.808003
1752.552554
1534.314555
1485.082891
1474.679367
1472.675175
1472.323173
1472.266456
1472.258015
1472.256843
1472.256669
1472.256536
1472.256029
1472.25403
1472.247006
1472.225344
1472.167465
1472.035234
1471.779724
1471.780028
1471.79232
1471.802919
1471.811797
1471.81893
1471.824297
1471.827883
1471.829679
11648666.85
11623456.72
11568779.62
11504438.14
11503427.43
11787037.89
11971127.85
11484852.79
8392328.096
3848704.978
790996.3973
79054.05359
9361.415456
2794.60098
1760.912216
1536.832153
1485.762672
1474.840023
1472.708663
1472.329412
1472.267508
1472.258177
1472.256866
1472.256672
1472.256536
1472.256029
1472.25403
1472.247006
1472.225344
1472.167465
1472.035234
1471.779724
1471.780028
1471.79232
1471.802919
1471.811797
1471.81893
1471.824297
1471.827883
1471.829679
11443151.03
11392136.81
11281948.16
11109790.47
10876662.85
10633394.83
10596089.92
9419893.192
7000381.077
3152591.768
630257.9119
65215.78788
8455.336421
2700.215609
1746.13719
1534.294516
1485.365332
1474.788554
1472.703905
1472.329322
1472.267593
1472.258202
1472.256871
1472.256673
1472.256537
1472.256029
1472.25403
1472.247006
1472.225344
1472.167465
1472.035234
1471.779724
1471.780028
1471.79232
1471.802919
1471.811797
1471.81893
1471.824297
1471.827883
1471.829679
11252354.73
11166655.81
10980725.47
10654061.1
10098186.84
9189155.749
8321727.099
8028870.214
5576924.031
2234538.929
414792.0991
45393.60253
6930.248824
2511.882047
1711.773209
1527.299292
1483.994619
1474.541359
1472.663142
1472.323152
1472.266731
1472.25809
1472.256858
1472.256671
1472.256536
1472.256029
1472.25403
1472.247006
1472.225344
1472.167465
1472.035234
1471.779724
1471.780028
1471.79232
1471.802919
1471.811797
1471.81893
1471.824297
1471.827883
1471.829679
11134641.3
11023330.31
10782805.08
10344939.73
9560878.229
8190883.623
7455918.589
6592052.771
4176173.032
1562861.531
277337.1947
32614.79243
5810.251983
2355.959691
1681.296696
1520.822274
1482.678204
1474.29505
1472.620912
1472.316489
1472.265758
1472.257958
1472.256841
1472.256669
1472.256536
1472.256029
1472.25403
1472.247006
1472.225344
1472.167465
1472.035234
1471.779724
1471.780028
1471.79232
1471.802919
1471.811797
1471.81893
1471.824297
1471.827883
1471.829679
)
;

boundaryField
{
    lowerWall
    {
        type            calculated;
        value           nonuniform List<scalar> 
80
(
1471.829679
1471.829679
1471.829679
1471.829679
1471.829679
1471.829679
1471.829679
1471.829679
1471.829679
1471.829679
1471.829679
1471.829679
1471.829679
1471.829679
1471.829679
1471.829679
1471.829679
1471.829679
1471.829679
1471.829679
1471.829679
1471.829679
1471.829679
1471.829679
1471.829679
1471.829679
1471.829679
1471.829679
1471.829679
1471.829679
1471.829679
1471.829679
1471.829679
1471.829679
1471.829679
1471.829679
1471.829679
1471.829679
1471.829679
1471.829679
1471.829679
1471.829679
1471.829679
1471.829679
1471.829679
1471.829679
1471.829679
1471.829679
1471.829679
1471.829679
1471.829679
1471.829679
1471.829679
1471.829679
1471.829679
1471.829679
1471.829679
1471.829679
1471.829679
1471.829679
1471.829679
1471.829679
1471.829679
1471.829679
1471.829679
1471.829679
1471.829679
1471.829679
1471.829679
1471.829679
1471.829679
1471.829679
1471.829679
1471.829679
1471.829679
1471.829679
1471.829679
1471.829679
1471.829679
1471.829679
)
;
    }
    atmosphere
    {
        type            calculated;
        value           nonuniform List<scalar> 
80
(
13763360.77
13446244.07
12978586.94
12457256.42
11920902.27
11387013.44
10878776.85
10439760.69
10103539.81
9893522.211
9819709.491
9879060.782
10051825.66
10317467.01
10650714.31
11033914.38
11483152.84
11990782.61
12502596.2
12945528.14
13325796.43
13734514.83
14195039.05
14699363.22
15198243.62
15655876.58
16060032.62
16422517.06
16760609.72
17088635.39
17417943.81
17762157.43
18131829.66
18538076.16
18992499.64
19501966.57
20068646.9
20692778.96
21375082.56
22078870.32
22715264.68
23237080.79
23656750.23
24034111.24
24427169.15
25030416.81
25734921.55
26437378.33
27075678.85
27617213.27
28070332.69
28514600.58
28602225.91
28372836.67
26456319.7
24255261.89
22234883.31
20535731.45
19145771.45
17984116.13
16974316.05
16059679.79
15207518.12
14422649.16
13776526.24
13337371.04
13048385.38
12824082.73
12643990.29
12508987.88
12410797.37
12326825.84
12236756.77
12128581.27
11995887.54
11835801.6
11648666.85
11443151.03
11252354.73
11134641.3
)
;
    }
    rightWall
    {
        type            empty;
    }
    leftWall
    {
        type            empty;
    }
    frontAndBack
    {
        type            calculated;
        value           nonuniform List<scalar> 
80
(
13763325.68
14085556.83
14215354.26
13825614.19
12115756.18
10945634.82
10929695.74
9318914.647
3451424.345
399659.8486
25196.61202
3847.208654
1870.362835
1545.879753
1484.867141
1474.078701
1472.361959
1472.116116
1472.084163
1472.080359
1472.079941
1472.079897
1472.079889
1472.079865
1472.07975
1472.079246
1472.077247
1472.070224
1472.048564
1471.990691
1471.858473
1471.602988
1471.603292
1471.615582
1471.626181
1471.635058
1471.64219
1471.647556
1471.651142
1471.652938
11134602.89
11023291.79
10782766.33
10344900.59
9560838.501
8190843.308
7455878.235
6592012.677
4176136.138
1562836.269
277327.8868
32612.74285
5809.714172
2355.6999
1681.099536
1520.640709
1482.500392
1474.118066
1472.444093
1472.1397
1472.088974
1472.081175
1472.080057
1472.079886
1472.079753
1472.079246
1472.077247
1472.070224
1472.048564
1471.990691
1471.858473
1471.602988
1471.603292
1471.615582
1471.626181
1471.635058
1471.64219
1471.647556
1471.651143
1471.652938
)
;
    }
}


// ************************************************************************* //
