/*--------------------------------*- C++ -*----------------------------------*\
| =========                 |                                                 |
| \\      /  F ield         | OpenFOAM: The Open Source CFD Toolbox           |
|  \\    /   O peration     | Version:  2506                                  |
|   \\  /    A nd           | Website:  www.openfoam.com                      |
|    \\/     M anipulation  |                                                 |
\*---------------------------------------------------------------------------*/
FoamFile
{
    version     2.0;
    format      ascii;
    arch        "LSB;label=32;scalar=64";
    class       volScalarField;
    location    "0.007";
    object      T;
}
// * * * * * * * * * * * * * * * * * * * * * * * * * * * * * * * * * * * * * //

dimensions      [0 0 0 1 0 0 0];

internalField   nonuniform List<scalar> 
3200
(
1818.884362
1847.779785
1859.533235
1824.439159
1676.732079
1580.422303
1579.131938
1451.025172
981.7737238
593.169027
398.9160591
327.3297076
306.3665826
301.2785194
300.225248
300.035315
300.0049859
300.0006403
300.0000755
300.0000082
300.0000008
300.0000001
299.9999999
299.9999995
299.9999975
299.9999885
299.9999532
299.9998291
299.9994461
299.998423
299.9960855
299.9915682
299.9915736
299.9917909
299.9919783
299.9921353
299.9922614
299.9923563
299.9924197
299.9924514
1790.824852
1804.635777
1832.03184
1749.489975
1628.77932
1491.901248
1468.474535
1317.69197
915.2250025
571.5997113
393.5342064
326.262747
306.2046195
301.2628992
300.2256041
300.0359085
300.0051577
300.0006761
300.0000817
300.0000092
300.000001
300.0000001
299.9999999
299.9999995
299.9999975
299.9999885
299.9999532
299.9998291
299.9994461
299.998423
299.9960855
299.9915682
299.9915736
299.9917909
299.9919783
299.9921353
299.9922614
299.9923563
299.9924197
299.9924514
1750.08496
1752.713546
1753.454348
1697.584758
1600.885268
1463.080147
1450.047762
1216.194786
839.1195675
544.0776631
386.4313444
324.9442449
306.057125
301.268692
300.2338689
300.0385931
300.0057881
300.0008
300.0001033
300.0000126
300.0000015
300.0000001
299.9999999
299.9999995
299.9999975
299.9999885
299.9999532
299.9998291
299.9994461
299.998423
299.9960855
299.9915682
299.9915736
299.9917909
299.9919783
299.9921353
299.9922614
299.9923563
299.9924197
299.9924514
1705.499421
1703.104599
1695.352347
1656.568406
1589.599432
1494.748121
1484.330403
1142.032587
777.3885715
526.9352608
383.8264576
325.2214737
306.4011046
301.4090358
300.2753268
300.048721
300.0079447
300.0012116
300.0001748
300.0000241
300.0000032
300.0000004
300
299.9999995
299.9999975
299.9999885
299.9999532
299.9998291
299.9994461
299.998423
299.9960855
299.9915682
299.9915736
299.9917909
299.9919783
299.9921353
299.9922614
299.9923563
299.9924197
299.9924514
1660.456812
1655.546957
1644.385542
1616.334332
1577.199739
1559.608302
1566.384592
1198.128627
806.4643698
541.0140403
392.2891817
329.2866795
307.9476575
301.896222
300.4069648
300.0799872
300.0145864
300.0024894
300.0003996
300.0000605
300.0000086
300.0000012
300.0000001
299.9999995
299.9999975
299.9999885
299.9999532
299.9998291
299.9994461
299.998423
299.9960855
299.9915682
299.9915736
299.9917909
299.9919783
299.9921353
299.9922614
299.9923563
299.9924197
299.9924514
1616.36769
1609.320366
1593.570577
1564.851045
1519.373231
1431.913963
1411.010874
1100.438587
798.9835526
564.761757
412.1246294
339.4709044
311.9434425
303.1858944
300.7628441
300.1660225
300.0331231
300.0060945
300.0010389
300.0001647
300.0000244
300.0000034
300.0000003
299.9999995
299.9999975
299.9999885
299.9999532
299.9998291
299.9994461
299.998423
299.9960855
299.9915682
299.9915736
299.9917909
299.9919783
299.9921353
299.9922614
299.9923563
299.9924197
299.9924514
1575.010102
1564.578529
1541.036946
1501.838328
1441.677961
1358.254282
1251.19769
1015.127769
834.3373708
627.1770666
457.987762
362.8592831
321.248584
306.2382187
301.6168254
300.3746415
300.0783971
300.0149394
300.0026108
300.000421
300.000063
300.0000088
300.0000011
299.9999996
299.9999975
299.9999885
299.9999532
299.9998291
299.9994461
299.998423
299.9960855
299.9915682
299.9915736
299.9917909
299.9919783
299.9921353
299.9922614
299.9923563
299.9924197
299.9924514
1539.709089
1526.075984
1495.630207
1444.092695
1370.147055
1241.486463
1100.206503
1056.926261
951.4602331
749.1431851
543.2434742
406.8964626
339.1587197
312.2301479
303.3187795
300.7948499
300.1702139
300.0329452
300.0058156
300.0009434
300.0001416
300.0000197
300.0000025
299.9999998
299.9999975
299.9999885
299.9999532
299.9998291
299.9994461
299.998423
299.9960855
299.9915682
299.9915736
299.9917909
299.9919783
299.9921353
299.9922614
299.9923563
299.9924197
299.9924514
1512.907965
1496.770288
1460.293976
1398.364522
1303.521699
1203.498315
1113.811991
1054.459809
1050.071148
878.8242963
649.1081417
466.9749057
365.1555549
321.2999923
305.9695947
301.4620286
300.3178272
300.0621118
300.0110265
300.0017937
300.0002693
300.0000375
300.0000048
300.0000001
299.9999975
299.9999885
299.9999532
299.9998291
299.9994461
299.998423
299.9960855
299.9915682
299.9915736
299.9917909
299.9919783
299.9921353
299.9922614
299.9923563
299.9924197
299.9924514
1496.259194
1478.868398
1438.775913
1369.025346
1285.19576
1205.050193
1137.733774
1063.785358
1008.389148
920.9767675
719.1273234
519.5044702
391.3046562
331.2060352
309.0206723
302.2569872
300.4977825
300.0981926
300.0175279
300.0028586
300.0004293
300.0000598
300.0000077
300.0000004
299.9999976
299.9999886
299.9999532
299.9998291
299.9994461
299.998423
299.9960855
299.9915682
299.9915736
299.9917909
299.9919783
299.9921353
299.9922614
299.9923563
299.9924197
299.9924514
1490.423435
1473.423401
1433.893255
1370.399075
1298.870767
1239.296919
1208.353723
1160.231968
945.5204509
855.2203606
717.6801188
543.7888819
408.3691952
338.7020916
311.5306713
302.9462461
300.6592397
300.1312807
300.0235673
300.0038537
300.0005789
300.0000805
300.0000103
300.0000008
299.9999976
299.9999886
299.9999532
299.9998291
299.9994461
299.998423
299.9960855
299.9915682
299.9915736
299.9917909
299.9919783
299.9921353
299.9922614
299.9923563
299.9924197
299.9924514
1495.115228
1480.510857
1447.06227
1394.194318
1339.612319
1313.67413
1352.045463
1342.47772
1142.75702
833.3021479
726.7012702
559.6653097
418.9691181
343.4665523
313.1744213
303.4090317
300.769548
300.1541028
300.0277411
300.0045379
300.0006806
300.0000943
300.000012
300.000001
299.9999976
299.9999886
299.9999532
299.9998291
299.9994461
299.998423
299.9960855
299.9915682
299.9915736
299.9917909
299.9919783
299.9921353
299.9922614
299.9923563
299.9924197
299.9924514
1508.802133
1497.451164
1472.421487
1435.907156
1412.670742
1456.076092
1650.084254
1612.83187
1376.567323
1038.61646
796.8053037
586.3916083
428.7920806
346.8343893
314.1989264
303.6790091
300.8310436
300.1662973
300.0298659
300.0048659
300.0007257
300.0000998
300.0000127
300.000001
299.9999976
299.9999886
299.9999532
299.9998291
299.9994461
299.998423
299.9960855
299.9915682
299.9915736
299.9917909
299.9919783
299.9921353
299.9922614
299.9923563
299.9924197
299.9924514
1529.938595
1522.570358
1507.835733
1496.720828
1524.331635
1674.833095
1757.367404
1701.212603
1597.254687
1297.469727
900.6571521
619.1680385
438.3492598
349.5738951
314.9388228
303.8566929
300.8678245
300.1727732
300.0308229
300.0049807
300.0007357
300.0001001
300.0000125
300.000001
299.9999976
299.9999886
299.9999532
299.9998291
299.9994461
299.998423
299.9960855
299.9915682
299.9915736
299.9917909
299.9919783
299.9921353
299.9922614
299.9923563
299.9924197
299.9924514
1556.626028
1553.07548
1550.961253
1564.284705
1619.423135
1752.951758
1762.274404
1764.21907
1706.981036
1618.111981
1023.037145
652.9403832
448.0026961
352.4801598
315.7585692
304.0555487
300.9081136
300.1795118
300.0317302
300.0050705
300.0007394
300.0000992
300.0000122
300.0000009
299.9999976
299.9999886
299.9999532
299.9998291
299.9994461
299.998423
299.9960855
299.9915682
299.9915736
299.9917909
299.9919783
299.9921353
299.9922614
299.9923563
299.9924197
299.9924514
1587.5755
1589.363622
1598.377028
1623.844446
1678.058121
1761.31125
1764.864714
1776.361306
1736.014728
1674.698558
1072.909381
677.4246859
458.7304206
356.4195288
316.9338195
304.3420569
300.9659277
300.1892354
300.0330829
300.0052198
300.0007504
300.0000991
300.000012
300.0000009
299.9999976
299.9999886
299.9999532
299.9998291
299.9994461
299.998423
299.9960855
299.9915682
299.9915736
299.9917909
299.9919783
299.9921353
299.9922614
299.9923563
299.9924197
299.9924514
1624.255883
1632.727106
1652.77164
1690.096597
1751.528813
1804.374019
1791.871217
1794.002392
1691.70739
1673.334905
1092.091707
700.5017716
471.6113214
361.2969577
318.3469557
304.6723213
301.0298195
300.1995614
300.0344643
300.0053657
300.0007604
300.0000989
300.0000118
300.0000008
299.9999976
299.9999886
299.9999532
299.9998291
299.9994461
299.998423
299.9960855
299.9915682
299.9915736
299.9917909
299.9919783
299.9921353
299.9922614
299.9923563
299.9924197
299.9924514
1666.280856
1683.210255
1717.99159
1775.8099
1861.042626
1889.396367
1887.334427
1900.76567
1749.743303
1606.091147
1092.118788
724.7080359
485.0896789
365.9852759
319.5780136
304.9295151
301.0729908
300.205204
300.0349573
300.0053661
300.0007495
300.000096
300.0000113
300.0000007
299.9999976
299.9999886
299.9999532
299.9998291
299.9994461
299.998423
299.9960855
299.9915682
299.9915736
299.9917909
299.9919783
299.9921353
299.9922614
299.9923563
299.9924197
299.9924514
1709.344282
1735.659683
1788.421177
1874.918537
1964.973304
1989.654673
1958.378508
1951.430565
1924.169875
1660.422843
1095.739488
746.0013156
494.7096823
368.6160502
320.0421015
304.9624181
301.0620122
300.1997166
300.0334609
300.0050524
300.0006942
300.0000875
300.0000101
300.0000006
299.9999976
299.9999886
299.9999532
299.9998291
299.9994461
299.998423
299.9960855
299.9915682
299.9915736
299.9917909
299.9919783
299.9921353
299.9922614
299.9923563
299.9924197
299.9924514
1747.232512
1779.689231
1846.92662
1950.244511
2057.932717
2111.474845
2069.865318
2065.129007
1965.274557
1711.612125
1144.913432
760.7716478
497.7956502
368.2281834
319.4648808
304.7061954
300.9840223
300.1809341
300.0296634
300.0043863
300.0005906
300.000073
300.0000082
300.0000004
299.9999976
299.9999885
299.9999532
299.9998291
299.9994461
299.998423
299.9960855
299.9915682
299.9915736
299.9917909
299.9919783
299.9921353
299.9922614
299.9923563
299.9924197
299.9924514
1780.261058
1813.485955
1885.382684
2003.72421
2132.154272
2218.536321
2229.490759
2172.465836
2589.262489
1948.434895
1178.841371
761.1215103
492.2737158
364.2791658
317.7510917
304.1561342
300.8425529
300.1504276
300.0239827
300.0034535
300.0004535
300.0000547
300.000006
300.0000001
299.9999975
299.9999885
299.9999532
299.9998291
299.9994461
299.998423
299.9960855
299.9915682
299.9915736
299.9917909
299.9919783
299.9921353
299.9922614
299.9923563
299.9924197
299.9924514
1816.31682
1843.27157
1902.74543
2003.246063
2148.125245
2286.498208
2431.134004
2674.57537
2677.706226
2102.876044
1175.998307
738.6993302
475.1487323
356.0867989
314.8429525
303.335243
300.6502369
300.1118979
300.0172344
300.0024028
300.0003061
300.0000359
300.0000038
299.9999999
299.9999975
299.9999885
299.9999532
299.9998291
299.9994461
299.998423
299.9960855
299.9915682
299.9915735
299.9917909
299.9919783
299.9921353
299.9922614
299.9923563
299.9924197
299.9924514
1857.686088
1876.954415
1920.056235
1990.057617
2085.893595
2197.185454
2328.882797
2470.577406
2317.404776
2221.213336
1128.97736
687.048444
445.1267997
343.9314545
311.0390278
302.3638486
300.4406414
300.0727268
300.010774
300.0014487
300.0001784
300.0000203
300.000002
299.9999997
299.9999975
299.9999885
299.9999532
299.9998291
299.9994461
299.998423
299.9960855
299.9915682
299.9915735
299.9917909
299.9919783
299.9921353
299.9922614
299.9923563
299.9924197
299.9924514
1903.967608
1917.968196
1949.785381
2000.625338
2067.45273
2145.049513
2229.30885
2287.051514
2119.869143
2093.248305
1046.713321
613.1383469
406.9879925
330.0436223
307.0894378
301.4377994
300.2554413
300.0403796
300.0057525
300.0007464
300.000089
300.0000098
300.0000009
299.9999996
299.9999975
299.9999885
299.9999532
299.9998291
299.9994461
299.998423
299.9960855
299.9915682
299.9915735
299.9917909
299.9919783
299.9921353
299.9922614
299.9923563
299.9924197
299.9924514
1950.840822
1961.193683
1984.252229
2019.321992
2061.497623
2102.625093
2129.619544
2094.67734
1881.341974
1849.530716
946.3861715
535.4343899
370.552388
317.906917
303.9138536
300.7481103
300.126778
300.0192764
300.0026572
300.0003351
300.000039
300.0000042
300.0000003
299.9999995
299.9999975
299.9999885
299.9999532
299.9998291
299.9994461
299.998423
299.9960855
299.9915682
299.9915735
299.9917909
299.9919783
299.9921353
299.9922614
299.9923563
299.9924197
299.9924514
1994.872593
2002.272768
2017.697912
2039.207745
2061.497366
2072.797272
2050.52041
1971.335025
1787.342523
1764.943797
864.8517011
479.4439525
346.4179912
310.4136436
302.0737479
300.3707047
300.0599128
300.0088086
300.0011854
300.0001469
300.0000169
300.0000018
300.0000001
299.9999995
299.9999975
299.9999885
299.9999532
299.9998291
299.9994461
299.998423
299.9960855
299.9915682
299.9915735
299.9917909
299.9919783
299.9921353
299.9922614
299.9923563
299.9924197
299.9924514
2034.644756
2039.201498
2048.075745
2059.653492
2068.100078
2062.453438
2037.20081
1996.844689
1965.222029
1965.404885
797.1057154
447.8140295
334.3748119
306.9279496
301.2638294
300.2119889
300.0328401
300.0047043
300.000624
300.0000768
300.0000088
300.0000009
300
299.9999995
299.9999975
299.9999885
299.9999532
299.9998291
299.9994461
299.998423
299.9960855
299.9915682
299.9915735
299.9917909
299.9919783
299.9921353
299.9922614
299.9923563
299.9924197
299.9924514
2071.071074
2073.435852
2078.503987
2085.040952
2088.463227
2084.344016
2077.759151
2085.618041
2129.150449
2130.274552
764.8164662
432.9141326
329.4222069
305.5871798
300.9649399
300.1550679
300.0233229
300.0032811
300.0004311
300.0000529
300.0000061
300.0000006
300
299.9999995
299.9999975
299.9999885
299.9999532
299.9998291
299.9994461
299.998423
299.9960855
299.9915682
299.9915735
299.9917909
299.9919783
299.9921353
299.9922614
299.9923563
299.9924197
299.9924514
2105.72926
2107.079132
2111.047838
2117.895212
2124.324999
2130.174844
2147.010101
2197.852472
2264.436938
2266.074145
777.548659
429.8239109
327.7995884
305.1048778
300.8532494
300.1333785
300.0196514
300.002726
300.0003549
300.0000433
300.0000049
300.0000005
300
299.9999995
299.9999975
299.9999885
299.9999532
299.9998291
299.9994461
299.998423
299.9960855
299.9915682
299.9915735
299.9917909
299.9919783
299.9921353
299.9922614
299.9923563
299.9924197
299.9924514
2140.021639
2140.905328
2146.877243
2159.685419
2176.232667
2198.426323
2240.297662
2322.324841
2397.290456
2402.48241
810.1674983
433.9614835
327.6144537
304.8843038
300.7908887
300.1207784
300.0175166
300.0024044
300.0003107
300.0000377
300.0000043
300.0000004
300
299.9999995
299.9999975
299.9999885
299.9999532
299.9998291
299.9994461
299.998423
299.9960855
299.9915682
299.9915735
299.9917909
299.9919783
299.9921353
299.9922614
299.9923563
299.9924197
299.9924514
2175.144823
2176.436031
2186.980626
2210.125332
2243.591795
2290.661354
2364.141098
2451.256523
2506.091818
2505.108001
856.1121987
442.3490667
328.2545253
304.7865003
300.7462956
300.1109844
300.0158398
300.0021537
300.0002765
300.0000333
300.0000038
300.0000004
299.9999999
299.9999995
299.9999975
299.9999885
299.9999532
299.9998291
299.9994461
299.998423
299.9960855
299.9915682
299.9915735
299.9917909
299.9919783
299.9921353
299.9922614
299.9923563
299.9924197
299.9924514
2212.646073
2214.82215
2231.688702
2269.173794
2326.805311
2410.869086
2514.942549
2620.038038
2658.895826
2623.370361
921.1185438
456.5248396
330.1787829
304.9027898
300.7306904
300.104678
300.0145684
300.0019509
300.0002481
300.0000297
300.0000033
300.0000003
299.9999999
299.9999995
299.9999975
299.9999885
299.9999532
299.9998291
299.9994461
299.998423
299.9960855
299.9915682
299.9915735
299.9917909
299.9919783
299.9921353
299.9922614
299.9923563
299.9924197
299.9924514
2253.871721
2256.556282
2279.689824
2332.937785
2417.612768
2535.391426
2677.993243
2873.190802
3016.398086
2772.066275
997.4490693
471.5388585
332.1369489
305.026233
300.7182387
300.0991879
300.013452
300.0017727
300.0002232
300.0000265
300.000003
300.0000003
299.9999999
299.9999995
299.9999975
299.9999885
299.9999532
299.9998291
299.9994461
299.998423
299.9960855
299.9915682
299.9915735
299.9917909
299.9919783
299.9921353
299.9922614
299.9923563
299.9924197
299.9924514
2300.385372
2302.517952
2328.670068
2392.768745
2497.442385
2634.065716
2795.563555
2993.332797
3035.921811
2931.109304
1156.179737
494.6370363
334.4881574
305.1006005
300.6934237
300.0923614
300.0122627
300.0015978
300.0001998
300.0000236
300.0000026
300.0000003
299.9999999
299.9999995
299.9999975
299.9999885
299.9999532
299.9998291
299.9994461
299.998423
299.9960855
299.9915682
299.9915735
299.9917909
299.9919783
299.9921353
299.9922614
299.9923563
299.9924197
299.9924514
2354.024563
2354.451795
2380.301552
2446.455133
2552.083925
2683.282205
2820.866466
2952.341412
3060.798082
3083.567229
1676.525086
553.6276433
338.9622443
305.2249003
300.6615763
300.084465
300.0110059
300.0014241
300.0001774
300.0000209
300.0000023
300.0000002
299.9999999
299.9999995
299.9999975
299.9999885
299.9999532
299.9998291
299.9994461
299.998423
299.9960855
299.9915682
299.9915735
299.9917909
299.9919783
299.9921353
299.9922614
299.9923563
299.9924197
299.9924514
2416.349581
2414.249198
2436.738963
2496.875374
2587.982865
2694.756685
2803.883383
2899.236733
2939.763991
2906.998134
2876.289057
684.6628461
349.2275861
305.7083677
300.6490475
300.0776554
300.0098355
300.0012603
300.0001563
300.0000183
300.000002
300.0000002
299.9999999
299.9999995
299.9999975
299.9999885
299.9999532
299.9998291
299.9994461
299.998423
299.9960855
299.9915682
299.9915735
299.9917909
299.9919783
299.9921353
299.9922614
299.9923563
299.9924197
299.9924514
2488.65199
2484.247479
2503.478562
2557.347999
2637.236926
2729.743158
2824.075562
2903.010166
2927.086735
2850.52241
2753.969228
758.2247965
360.0609155
306.3812269
300.6527777
300.0721482
300.008788
300.0011103
300.0001369
300.000016
300.0000017
300.0000002
299.9999999
299.9999995
299.9999975
299.9999885
299.9999532
299.9998291
299.9994461
299.998423
299.9960855
299.9915682
299.9915735
299.9917909
299.9919783
299.9921353
299.9922614
299.9923563
299.9924197
299.9924514
2572.316376
2566.684694
2584.491427
2633.507848
2706.206795
2793.641944
2887.403762
2969.541981
2991.975798
2859.037809
2592.660588
743.7898857
361.0420179
306.3165528
300.6103034
300.0644835
300.0077202
300.0009725
300.0001197
300.0000139
300.0000015
300.0000001
299.9999999
299.9999995
299.9999975
299.9999885
299.9999532
299.9998291
299.9994461
299.998423
299.9960855
299.9915682
299.9915735
299.9917909
299.9919783
299.9921353
299.9922614
299.9923563
299.9924197
299.9924514
2669.23404
2663.840567
2680.838776
2725.950734
2796.632088
2890.924922
3006.695595
3127.643638
3221.7987
3242.628128
3178.880217
893.1626545
371.5586847
306.4449021
300.5575511
300.0560901
300.0067121
300.0008534
300.0001055
300.0000122
300.0000013
300.0000001
299.9999999
299.9999995
299.9999975
299.9999885
299.9999532
299.9998291
299.9994461
299.998423
299.9960855
299.9915682
299.9915735
299.9917909
299.9919783
299.9921353
299.9922614
299.9923563
299.9924197
299.9924514
2776.044271
2771.84022
2785.904153
2827.226475
2903.51398
3024.023649
3199.212669
3404.298499
3610.873757
3802.503461
3811.246696
1627.007664
422.5818517
308.8967067
300.6107104
300.0523176
300.0059794
300.0007595
300.000094
300.0000109
300.0000012
300.0000001
299.9999999
299.9999995
299.9999975
299.9999885
299.9999532
299.9998291
299.9994461
299.998423
299.9960855
299.9915682
299.9915735
299.9917909
299.9919783
299.9921353
299.9922614
299.9923563
299.9924197
299.9924514
2879.53957
2875.665559
2883.960209
2922.276414
3016.315112
3195.258245
3513.326152
3884.017989
4236.080021
4435.913142
3864.792275
1662.558932
426.8179123
307.971601
300.4904963
300.042697
300.0051907
300.0006788
300.0000845
300.0000098
300.000001
300.0000001
299.9999999
299.9999995
299.9999975
299.9999885
299.9999532
299.9998291
299.9994461
299.998423
299.9960855
299.9915682
299.9915735
299.9917909
299.9919783
299.9921353
299.9922614
299.9923563
299.9924197
299.9924514
2970.044558
2962.839194
2960.865315
2996.037181
3114.70753
3399.686205
4097.899456
4826.753427
5500.270567
6649.546451
6871.996621
1673.804871
389.0468952
304.4083052
300.288589
300.0326678
300.0045432
300.0006137
300.0000766
300.0000088
300.0000009
300.0000001
299.9999999
299.9999995
299.9999975
299.9999885
299.9999532
299.9998291
299.9994461
299.998423
299.9960855
299.9915682
299.9915735
299.9917909
299.9919783
299.9921353
299.9922614
299.9923563
299.9924197
299.9924514
3047.023296
3028.505978
3009.37257
3037.733151
3147.378618
3389.031845
4782.009612
5019.893861
5654.667837
6902.935366
7308.904499
1259.442269
329.592006
301.4945919
300.1780942
300.0277247
300.0041313
300.0005621
300.0000699
300.000008
300.0000008
300.0000001
299.9999999
299.9999995
299.9999975
299.9999885
299.9999532
299.9998291
299.9994461
299.998423
299.9960855
299.9915682
299.9915735
299.9917909
299.9919783
299.9921353
299.9922614
299.9923563
299.9924197
299.9924514
3119.812251
3079.571114
3026.796941
3034.0288
3130.452565
3240.143688
3221.043261
3199.980543
2160.715017
1708.434482
876.7240723
347.0212958
304.8956268
300.8363674
300.1526494
300.0254364
300.0038088
300.0005157
300.0000637
300.0000072
300.0000008
300.0000001
299.9999999
299.9999995
299.9999975
299.9999885
299.9999532
299.9998291
299.9994461
299.998423
299.9960855
299.9915682
299.9915735
299.9917909
299.9919783
299.9921353
299.9922614
299.9923563
299.9924197
299.9924514
3199.633163
3118.256661
2996.89923
2983.811146
3019.090255
2988.61696
2962.268199
2409.969088
1052.192555
510.4874266
360.4139366
314.8289433
303.5004408
300.7481565
300.1408017
300.0234448
300.0034909
300.0004696
300.0000576
300.0000065
300.0000007
300
299.9999999
299.9999995
299.9999975
299.9999885
299.9999532
299.9998291
299.9994461
299.998423
299.9960855
299.9915682
299.9915736
299.9917909
299.9919783
299.9921353
299.9922614
299.9923563
299.9924197
299.9924514
3331.218843
3230.690435
3024.585871
2957.666751
2956.216787
3028.185209
3762.096066
2787.658771
887.192007
452.7034586
345.061319
312.7582898
303.1755865
300.6833297
300.12815
300.0212179
300.0031399
300.0004197
300.0000511
300.0000057
300.0000006
300
299.9999999
299.9999995
299.9999975
299.9999885
299.9999532
299.9998291
299.9994461
299.998423
299.9960855
299.9915682
299.9915736
299.9917909
299.9919783
299.9921353
299.9922614
299.9923563
299.9924197
299.9924514
3501.544776
3417.415907
3254.62908
3047.015475
2993.689839
3181.36168
3297.129024
3044.637585
854.0161075
438.1755596
341.1196233
311.7492612
302.9230593
300.6257539
300.1165518
300.0191544
300.0028128
300.0003731
300.0000451
300.000005
300.0000005
300
299.9999999
299.9999995
299.9999975
299.9999885
299.9999532
299.9998291
299.9994461
299.998423
299.9960855
299.9915682
299.9915736
299.9917909
299.9919783
299.9921353
299.9922614
299.9923563
299.9924197
299.9924514
3693.952827
3626.080729
3502.099132
3360.284399
3285.704796
3278.304216
3261.444815
2945.208717
927.1599612
462.0179818
345.2695175
312.3153208
302.973927
300.6228706
300.1138631
300.0183957
300.0026586
300.0003473
300.0000414
300.0000045
300.0000005
300
299.9999999
299.9999995
299.9999975
299.9999885
299.9999532
299.9998291
299.9994461
299.998423
299.9960855
299.9915682
299.9915736
299.9917909
299.9919783
299.9921353
299.9922614
299.9923563
299.9924197
299.9924514
3894.401089
3832.661312
3721.108062
3583.491114
3468.363059
3374.671363
3288.879553
2909.699742
966.5474808
477.8522079
350.908947
313.5855637
303.1747655
300.6441857
300.1145179
300.0180521
300.002552
300.0003267
300.0000382
300.0000041
300.0000004
300
299.9999999
299.9999995
299.9999975
299.9999885
299.9999532
299.9998291
299.9994461
299.998423
299.9960855
299.9915682
299.9915736
299.9917909
299.9919783
299.9921353
299.9922614
299.9923563
299.9924197
299.9924514
4089.943269
4022.785029
3900.374669
3745.09819
3599.129923
3422.953787
3023.463351
2984.375737
1669.339542
546.8437342
357.6313555
313.8530284
303.031817
300.5881874
300.1011954
300.0155522
300.0021533
300.0002708
300.0000312
300.0000033
300.0000003
300
299.9999999
299.9999995
299.9999975
299.9999885
299.9999532
299.9998291
299.9994461
299.998423
299.9960855
299.9915682
299.9915736
299.9917909
299.9919783
299.9921353
299.9922614
299.9923563
299.9924197
299.9924514
4277.603895
4194.677402
4045.048403
3864.022558
3736.234377
3628.031542
3243.413237
3062.54967
2197.478597
641.351182
366.1777667
313.1041841
302.507036
300.4459694
300.0725376
300.0107414
300.0014499
300.000179
300.0000203
300.0000021
300.0000002
300
299.9999999
299.9999995
299.9999975
299.9999885
299.9999532
299.9998291
299.9994461
299.998423
299.9960855
299.9915682
299.9915736
299.9917909
299.9919783
299.9921353
299.9922614
299.9923563
299.9924197
299.9924514
4490.434345
4364.99947
4193.161185
3929.942471
3799.884219
3673.686037
3530.684367
3244.408313
2527.035792
716.7632154
375.9777976
312.8564018
302.0596587
300.3141767
300.0454822
300.0062076
300.0007935
300.0000946
300.0000105
300.0000011
300.0000001
300
299.9999999
299.9999995
299.9999975
299.9999885
299.9999532
299.9998291
299.9994461
299.998423
299.9960855
299.9915682
299.9915736
299.9917909
299.9919783
299.9921353
299.9922614
299.9923563
299.9924197
299.9924514
4536.679232
4393.739065
4217.72503
3988.876834
3829.553696
3712.917384
3563.453169
3261.237968
2564.374273
802.2450284
397.7283294
315.5640113
302.1657055
300.2752847
300.0329663
300.0037938
300.0004229
300.0000456
300.0000047
300.0000005
300
300
299.9999999
299.9999995
299.9999975
299.9999885
299.9999532
299.9998291
299.9994461
299.998423
299.9960855
299.9915682
299.9915736
299.9917909
299.9919783
299.9921353
299.9922614
299.9923563
299.9924197
299.9924514
4418.830764
4283.859304
4206.646886
3986.293985
3828.665229
3731.570486
3588.807817
3139.320511
2436.034792
827.1047639
413.2277779
319.0084457
302.6471333
300.3193863
300.0345036
300.0034315
300.0003218
300.000029
300.0000025
300.0000002
300
300
299.9999999
299.9999995
299.9999975
299.9999885
299.9999532
299.9998291
299.9994461
299.998423
299.9960855
299.9915682
299.9915736
299.9917909
299.9919783
299.9921353
299.9922614
299.9923563
299.9924197
299.9924514
3699.513909
3696.860278
3887.625529
3657.861987
3393.433635
3194.010226
2865.383314
2778.685352
2226.190783
847.4227362
429.8538995
323.4239273
303.4216212
300.4237468
300.0459454
300.0044682
300.0003974
300.0000329
300.0000026
300.0000002
300
300
299.9999999
299.9999995
299.9999975
299.9999885
299.9999532
299.9998291
299.9994461
299.998423
299.9960855
299.9915682
299.9915736
299.9917909
299.9919783
299.9921353
299.9922614
299.9923563
299.9924197
299.9924514
3164.191481
3162.947323
3183.830473
3099.88039
2948.709127
2744.294973
2406.776299
2241.406274
2081.878004
890.364093
451.5672029
329.0433285
304.4693646
300.5805043
300.0657903
300.0066613
300.0006133
300.0000521
300.0000041
300.0000003
300
300
299.9999999
299.9999995
299.9999975
299.9999885
299.9999532
299.9998291
299.9994461
299.998423
299.9960855
299.9915682
299.9915736
299.9917909
299.9919783
299.9921353
299.9922614
299.9923563
299.9924197
299.9924514
2800.76969
2799.882977
2795.224198
2754.389915
2659.629749
2509.908059
2263.755763
2044.990594
1976.643067
901.7780852
463.998044
333.5643583
305.5303254
300.7691725
300.09325
300.0100848
300.0009899
300.0000894
300.0000075
300.0000006
300
300
299.9999999
299.9999995
299.9999975
299.9999885
299.9999532
299.9998291
299.9994461
299.998423
299.9960855
299.9915682
299.9915736
299.9917909
299.9919783
299.9921353
299.9922614
299.9923563
299.9924197
299.9924514
2550.839792
2551.759237
2550.141515
2531.988314
2477.393281
2384.669193
2188.044595
1925.780812
1908.906037
902.4389132
474.1532608
338.1666272
306.7551497
301.0090306
300.1311626
300.0151743
300.0015891
300.0001526
300.0000136
300.0000011
300.0000001
300
299.9999999
299.9999995
299.9999975
299.9999885
299.9999532
299.9998291
299.9994461
299.998423
299.9960855
299.9915682
299.9915736
299.9917909
299.9919783
299.9921353
299.9922614
299.9923563
299.9924197
299.9924514
2372.52281
2375.966982
2379.890653
2375.246918
2346.860184
2287.508532
2134.954165
1885.775078
1874.682935
911.3003039
487.7206301
343.889993
308.3028082
301.3244196
300.1834285
300.0225418
300.0024989
300.0002531
300.0000236
300.0000021
300.0000002
300
299.9999999
299.9999995
299.9999975
299.9999885
299.9999532
299.9998291
299.9994461
299.998423
299.9960855
299.9915682
299.9915736
299.9917909
299.9919783
299.9921353
299.9922614
299.9923563
299.9924197
299.9924514
2237.276908
2243.428391
2251.637535
2254.774595
2240.470468
2193.184709
2058.433616
1837.752493
1829.70203
925.3627778
502.7578359
350.5558406
310.2073669
301.7323123
300.2542499
300.0329808
300.0038446
300.000408
300.0000398
300.0000036
300.0000003
300
299.9999999
299.9999995
299.9999975
299.9999885
299.9999532
299.9998291
299.9994461
299.998423
299.9960855
299.9915682
299.9915736
299.9917909
299.9919783
299.9921353
299.9922614
299.9923563
299.9924197
299.9924514
2127.993758
2136.721612
2148.588542
2155.974463
2146.6366
2096.092121
1957.779059
1784.311164
1782.463225
940.9178918
515.9237882
357.1113758
312.2377537
302.1968362
300.3399122
300.0463473
300.0056642
300.0006287
300.000064
300.000006
300.0000005
300
299.9999999
299.9999995
299.9999975
299.9999885
299.9999532
299.9998291
299.9994461
299.998423
299.9960855
299.9915682
299.9915736
299.9917909
299.9919783
299.9921353
299.9922614
299.9923563
299.9924197
299.9924514
2034.609656
2046.35789
2061.547573
2070.936695
2062.671536
2013.8379
1882.566453
1813.936473
1790.572637
945.1617122
528.0320559
363.9969452
314.5059993
302.7457942
300.44685
300.0639404
300.0081842
300.0009497
300.000101
300.0000099
300.0000009
300.0000001
299.9999999
299.9999995
299.9999975
299.9999885
299.9999532
299.9998291
299.9994461
299.998423
299.9960855
299.9915682
299.9915736
299.9917909
299.9919783
299.9921353
299.9922614
299.9923563
299.9924197
299.9924514
1951.723086
1967.464959
1986.495677
1996.865917
1984.199144
1931.870736
1823.328195
1819.131954
1701.972169
929.3250991
541.2130649
372.2257506
317.2941857
303.4421286
300.5873037
300.0879106
300.0117499
300.0014219
300.0001575
300.0000161
300.0000015
300.0000001
299.9999999
299.9999995
299.9999975
299.9999885
299.9999532
299.9998291
299.9994461
299.998423
299.9960855
299.9915682
299.9915736
299.9917909
299.9919783
299.9921353
299.9922614
299.9923563
299.9924197
299.9924514
1878.442233
1899.012061
1923.018774
1935.59961
1916.497133
1841.233326
1769.198775
1770.209742
1604.589988
898.9997655
555.8901991
381.5493207
320.5232774
304.2757538
300.7618335
300.1188827
300.0165463
300.0020837
300.0002402
300.0000256
300.0000025
300.0000002
299.9999999
299.9999995
299.9999975
299.9999885
299.9999532
299.9998291
299.9994461
299.998423
299.9960855
299.9915682
299.9915736
299.9917909
299.9919783
299.9921353
299.9922614
299.9923563
299.9924197
299.9924514
1820.057232
1841.385829
1871.188579
1888.216459
1877.003831
1824.26067
1765.507515
1734.529101
1288.739431
884.6405467
569.4975695
389.6087224
323.4974719
305.1032454
300.9479105
300.1541854
300.0223671
300.0029359
300.0003527
300.0000392
300.000004
300.0000004
299.9999999
299.9999995
299.9999975
299.9999885
299.9999532
299.9998291
299.9994461
299.998423
299.9960855
299.9915682
299.9915736
299.9917909
299.9919783
299.9921353
299.9922614
299.9923563
299.9924197
299.9924514
1781.274017
1797.641337
1830.226509
1847.732156
1839.711027
1798.720366
1731.540878
1719.22068
1261.818996
894.0243339
576.8936984
394.4523148
325.6754179
305.8099122
301.1269333
300.1916094
300.0290667
300.0039898
300.0005012
300.0000582
300.0000063
300.0000006
300
299.9999995
299.9999975
299.9999885
299.9999532
299.9998291
299.9994461
299.998423
299.9960855
299.9915682
299.9915736
299.9917909
299.9919783
299.9921353
299.9922614
299.9923563
299.9924197
299.9924514
1756.119079
1768.34848
1792.519492
1807.262328
1792.634808
1745.15564
1689.320682
1646.140612
1484.369121
932.7523856
579.0610483
396.8027282
327.3501824
306.4702371
301.3140656
300.2340088
300.0371722
300.0053401
300.0007015
300.000085
300.0000096
300.000001
300
299.9999995
299.9999975
299.9999885
299.9999532
299.9998291
299.9994461
299.998423
299.9960855
299.9915682
299.9915736
299.9917909
299.9919783
299.9921353
299.9922614
299.9923563
299.9924197
299.9924514
1736.78365
1744.032313
1757.574166
1769.262541
1760.051725
1728.234075
1700.825196
1701.464073
1513.317937
938.6687466
578.9803115
400.2066356
329.5472217
307.2997812
301.5481476
300.2878489
300.0477226
300.007151
300.0009791
300.0001236
300.0000145
300.0000016
300.0000001
299.9999995
299.9999975
299.9999885
299.9999532
299.9998291
299.9994461
299.998423
299.9960855
299.9915682
299.9915736
299.9917909
299.9919783
299.9921353
299.9922614
299.9923563
299.9924197
299.9924514
1721.373808
1724.300694
1729.176772
1733.699265
1726.11009
1703.185939
1680.220457
1680.743791
1356.19982
897.9472734
586.7822653
407.5424709
332.7796366
308.3797993
301.8429647
300.3558186
300.0612845
300.0095392
300.0013562
300.0001777
300.0000216
300.0000024
300.0000002
299.9999995
299.9999975
299.9999885
299.9999532
299.9998291
299.9994461
299.998423
299.9960855
299.9915682
299.9915736
299.9917909
299.9919783
299.9921353
299.9922614
299.9923563
299.9924197
299.9924514
1709.88679
1709.632186
1708.57414
1706.160388
1695.813426
1669.438333
1619.963121
1604.007317
1393.411858
963.2275078
612.9764189
417.8732258
336.6136721
309.6232097
302.1860724
300.4368866
300.0779539
300.0125722
300.0018516
300.0002512
300.0000316
300.0000037
300.0000003
299.9999995
299.9999975
299.9999885
299.9999532
299.9998291
299.9994461
299.998423
299.9960855
299.9915682
299.9915736
299.9917909
299.9919783
299.9921353
299.9922614
299.9923563
299.9924197
299.9924514
1701.56587
1700.139604
1696.990692
1690.910884
1678.313516
1652.381849
1600.139455
1579.12549
1362.470729
962.4288999
620.8490398
424.6639716
340.0222709
310.8822824
302.5585502
300.5292599
300.0977369
300.0163096
300.0024846
300.0003485
300.0000453
300.0000055
300.0000005
299.9999996
299.9999975
299.9999885
299.9999532
299.9998291
299.9994461
299.998423
299.9960855
299.9915682
299.9915736
299.9917909
299.9919783
299.9921353
299.9922614
299.9923563
299.9924197
299.9924514
1694.472055
1692.636232
1688.767098
1681.964467
1670.707061
1656.124511
1653.329088
1662.632576
1257.281742
899.2602148
613.5287918
428.5492345
343.0560568
312.1491183
302.9570073
300.6324948
300.1206972
300.0208033
300.0032719
300.0004736
300.0000636
300.0000079
300.0000008
299.9999996
299.9999975
299.9999885
299.9999532
299.9998291
299.9994461
299.998423
299.9960855
299.9915682
299.9915736
299.9917909
299.9919783
299.9921353
299.9922614
299.9923563
299.9924197
299.9924514
1686.885414
1685.105179
1681.060726
1673.99905
1662.662362
1645.692021
1617.752785
1600.519982
1207.33458
891.8906519
619.694201
434.9817106
346.517886
313.5083648
303.3852012
300.7457902
300.1466037
300.0260277
300.0042156
300.0006282
300.0000867
300.0000111
300.0000013
299.9999996
299.9999975
299.9999885
299.9999532
299.9998291
299.9994461
299.998423
299.9960855
299.9915682
299.9915736
299.9917909
299.9919783
299.9921353
299.9922614
299.9923563
299.9924197
299.9924514
1677.80355
1676.268036
1672.49205
1665.666824
1654.774467
1638.371579
1616.085006
1616.132325
1273.904497
941.1497411
640.3008243
444.1800348
350.3945857
314.9299335
303.8295623
300.8650647
300.1745045
300.0318014
300.0052866
300.0008083
300.0001144
300.0000151
300.0000018
299.9999997
299.9999975
299.9999885
299.9999532
299.9998291
299.9994461
299.998423
299.9960855
299.9915682
299.9915736
299.9917909
299.9919783
299.9921353
299.9922614
299.9923563
299.9924197
299.9924514
1666.706823
1665.447952
1662.188034
1656.372856
1647.424689
1630.820698
1585.244439
1551.803673
1316.858305
984.784315
661.2321073
453.417596
354.173076
316.2980257
304.2587548
300.9818423
300.2023435
300.0376878
300.0064035
300.0010004
300.0001447
300.0000195
300.0000024
299.9999998
299.9999975
299.9999885
299.9999532
299.9998291
299.9994461
299.998423
299.9960855
299.9915682
299.9915736
299.9917909
299.9919783
299.9921353
299.9922614
299.9923563
299.9924197
299.9924514
1653.381463
1652.124663
1649.080893
1644.942591
1642.343251
1646.673548
1664.672404
1669.422411
1386.713139
1022.398778
678.3373667
460.8524078
357.1856305
317.3916293
304.6065169
301.0784007
300.2259097
300.0427948
300.0073966
300.0011754
300.0001729
300.0000236
300.0000029
299.9999999
299.9999975
299.9999885
299.9999532
299.9998291
299.9994461
299.998423
299.9960855
299.9915682
299.9915736
299.9917909
299.9919783
299.9921353
299.9922614
299.9923563
299.9924197
299.9924514
1637.887712
1635.807108
1631.299906
1626.005269
1625.922178
1649.335595
1664.641479
1624.395559
1378.801884
1016.753273
676.3670264
460.8432947
357.6087917
317.6837789
304.7343273
301.1213874
300.2378379
300.0456306
300.0079883
300.0012857
300.0001914
300.0000265
300.0000033
299.9999999
299.9999975
299.9999885
299.9999532
299.9998291
299.9994461
299.998423
299.9960855
299.9915682
299.9915736
299.9917909
299.9919783
299.9921353
299.9922614
299.9923563
299.9924197
299.9924514
1620.971127
1616.787516
1607.771533
1593.739483
1574.83922
1555.234023
1552.237664
1458.941725
1270.950582
954.6048481
646.0826763
449.0645099
353.8537413
316.6818176
304.5080934
301.0780583
300.2308663
300.0447222
300.0079043
300.0012841
300.000193
300.000027
300.0000034
299.9999999
299.9999975
299.9999885
299.9999532
299.9998291
299.9994461
299.998423
299.9960855
299.9915682
299.9915736
299.9917909
299.9919783
299.9921353
299.9922614
299.9923563
299.9924197
299.9924514
1605.354793
1598.3672
1583.261831
1556.895082
1512.482772
1440.861842
1373.324127
1350.624356
1159.357426
864.5503176
597.1418362
428.4924808
346.7453658
314.5943508
303.9757809
300.9583118
300.2068043
300.0403586
300.0071839
300.001175
300.0001777
300.000025
300.0000032
299.9999999
299.9999975
299.9999885
299.9999532
299.9998291
299.9994461
299.998423
299.9960855
299.9915682
299.9915736
299.9917909
299.9919783
299.9921353
299.9922614
299.9923563
299.9924197
299.9924514
1595.760987
1586.716649
1567.261385
1532.13123
1470.019395
1363.178326
1306.260708
1239.196885
1044.79879
788.3057278
556.8276431
411.3459334
340.6859811
312.7674662
303.496302
300.8470335
300.1836782
300.0360101
300.0064376
300.0010572
300.0001605
300.0000226
300.0000029
299.9999999
299.9999975
299.9999885
299.9999532
299.9998291
299.9994461
299.998423
299.9960855
299.9915682
299.9915736
299.9917909
299.9919783
299.9921353
299.9922614
299.9923563
299.9924197
299.9924514
)
;

boundaryField
{
    lowerWall
    {
        type            zeroGradient;
    }
    atmosphere
    {
        type            zeroGradient;
    }
    rightWall
    {
        type            empty;
    }
    leftWall
    {
        type            empty;
    }
    frontAndBack
    {
        type            fixedGradient;
        gradient        uniform -50;
    }
}


// ************************************************************************* //
