/*--------------------------------*- C++ -*----------------------------------*\
| =========                 |                                                 |
| \\      /  F ield         | OpenFOAM: The Open Source CFD Toolbox           |
|  \\    /   O peration     | Version:  2506                                  |
|   \\  /    A nd           | Website:  www.openfoam.com                      |
|    \\/     M anipulation  |                                                 |
\*---------------------------------------------------------------------------*/
FoamFile
{
    version     2.0;
    format      ascii;
    arch        "LSB;label=32;scalar=64";
    class       volScalarField;
    location    "0.007";
    object      TLiquidus;
}
// * * * * * * * * * * * * * * * * * * * * * * * * * * * * * * * * * * * * * //

dimensions      [0 0 0 1 0 0 0];

internalField   nonuniform List<scalar> 
3200
(
10
10
1723
10.0000001
10.00000006
10.00000008
1723
1723
1723
1723
1723
1723
1723
1723
1723
1723
1723
1723
1723
1723
1723
1723
1723
1723
1723
1723
1723
1723
1723
1723
1723
1723
10.00000062
10
10
10
10
10
10
10
10
10
10
10.00000002
10.00000002
10.00000001
1723
1723
1723
1723
1723
1723
1723
1723
1723
1723
1723
1723
1723
1723
1723
1723
1723
1723
1723
1723
1723
1723
1723
1723
1723
1723
10.00000063
10
10
10
10
10
10
10
10
10
10
10.00000001
10.00000001
10.00000001
1723
1723
1723
1723
1723
1723
1723
1723
1723
1723
1723
1723
1723
1723
1723
1723
1723
1723
1723
1723
1723
1723
1723
1723
1723
1723
10.00000063
10
10
10
10
10
10
10
10
10
10
10
10.00000001
10.00000001
1723
1723
1723
1723
1723
1723
1723
1723
1723
1723
1723
1723
1723
1723
1723
1723
1723
1723
1723
1723
1723
1723
1723
1723
1723
1723
10.00000063
10
10
10
10
10
10
10
10
10
10
10
10
10.00000001
1723
1723
1723
1723
1723
1723
1723
1723
1723
1723
1723
1723
1723
1723
1723
1723
1723
1723
1723
1723
1723
1723
1723
1723
1723
1723
10.00000064
10
10
10
10
10
10
10
10
10
10
10
10
10
1723
1723
1723
1723
1723
1723
1723
1723
1723
1723
1723
1723
1723
1723
1723
1723
1723
1723
1723
1723
1723
1723
1723
1723
1723
1723
10.00000064
10
10
10
10
10
10
10
10
10
10
10
10.00000001
10.00000001
10
1723
1723
1723
1723
1723
1723
1723
1723
1723
1723
1723
1723
1723
1723
1723
1723
1723
1723
1723
1723
1723
1723
1723
1723
1723
10.00000065
10
10
10
10
10
10
10
10
10
10
10.00000002
10.00000002
10
10
1723
1723
1723
1723
1723
1723
1723
1723
1723
1723
1723
1723
1723
1723
1723
1723
1723
1723
1723
1723
1723
1723
1723
1723
1723
10.00000065
10
10
10
10
10
10
10
10
10
10.00000001
10.00000006
10.00000035
10.00000058
10.00000157
10.00001845
1723
1723
1723
1723
1723
1723
1723
1723
1723
1723
1723
1723
1723
1723
1723
1723
1723
1723
1723
1723
1723
1723
1723
1723
10.00000066
10
10
10
10
10
10
10
10
10
10.00000002
10.00000021
10.00000042
10.00000062
10.00000099
10.00000035
1723
1723
1723
1723
1723
1723
1723
1723
1723
1723
1723
1723
1723
1723
1723
1723
1723
1723
1723
1723
1723
1723
1723
1723
10.00000067
10
10
10
10
10
10
10
10
10.00000001
10.00000006
10.00000023
10.00000042
10.00000057
10.00000076
10.00000041
10.00000011
1723
1723
1723
1723
1723
1723
1723
1723
1723
1723
1723
1723
1723
1723
1723
1723
1723
1723
1723
1723
1723
1723
1723
10.00000068
10
10
10
10
10
10
10
10
10.00000002
10.00000008
10.00000022
10.00000041
10.00000051
10.0000007
10.00000055
10.00000009
1723
1723
1723
1723
1723
1723
1723
1723
1723
1723
1723
1723
1723
1723
1723
1723
1723
1723
1723
1723
1723
1723
1723
10.00000069
10
10
10
10
10
10
10
10.00000001
10.00000004
10.00000014
10.00000024
10.00000041
10.0000005
10.00000054
10.00000049
1723
1723
1723
1723
1723
1723
1723
1723
1723
1723
1723
1723
1723
1723
1723
1723
1723
1723
1723
1723
1723
1723
1723
1723
10.0000007
10
10
10
10
10
10
10
10
10.00000004
10.00000023
10.00000032
10.00000043
10.00000046
1723
1723
1723
1723
1723
1723
1723
1723
1723
1723
1723
1723
1723
1723
1723
1723
1723
1723
1723
1723
1723
1723
1723
1723
1723
1723
10.00000071
10
10
10
10
10
10
10
10.00000014
10.00000024
10.00000031
10.00000035
10.00000039
10.00000029
1723
1723
1723
1723
1723
1723
1723
1723
1723
1723
1723
1723
1723
1723
1723
1723
1723
1723
1723
1723
1723
1723
1723
1723
1723
1723
10.00000072
10
10
10
10
10
10
10
10.00000026
10.0000003
10.00000032
10.00000033
10.00000031
10.00000011
1723
1723
1723
1723
1723
1723
1723
1723
1723
1723
1723
1723
1723
1723
1723
1723
1723
1723
1723
1723
1723
1723
1723
1723
1723
1723
10.00000073
10
10
10
10
10
10
10
10.00000028
10.00000029
10.00000029
10.00000028
10.00000023
10.0000001
11.83723483
1723
1723
1723
1723
1723
1723
1723
1723
1723
1723
1723
1723
1723
1723
1723
1723
1723
1723
1723
1723
1723
1723
1723
1723
1723
10.00000073
10
10
10
10
10
10
10
10.00000026
10.00000026
10.00000024
10.00000021
10.00000013
10.00000012
10.00000006
1723
1723
1723
1723
1723
1723
1723
1723
1723
1723
1723
1723
1723
1723
1723
1723
1723
1723
1723
1723
1723
1723
1723
1723
1723
10.00000074
10
10
10
10
10
10
10
10.00000022
10.00000021
10.00000019
10.00000016
10.00000011
10.0000001
10.00000009
1723
1723
1723
1723
1723
1723
1723
1723
1723
1723
1723
1723
1723
1723
1723
1723
1723
1723
1723
1723
1723
1723
1723
1723
1723
10.00000075
10
10
10
10
10
10
10
10.0000002
10.00000018
10.00000016
10.00000016
10.00000009
10.00000007
10.00000008
1723
1723
1723
1723
1723
1723
1723
1723
1723
1723
1723
1723
1723
1723
1723
1723
1723
1723
1723
1723
1723
1723
1723
1723
1723
10.00000076
10
10
10
10
10
10
10
10.00000018
10.00000017
10.00000017
10.00000014
10.00000008
10.00000008
10.00000005
10
54.29068662
1723
1723
1723
1723
1723
1723
1723
1723
1723
1723
1723
1723
1723
1723
1723
1723
1723
1723
1723
1723
1723
1723
1723
10.00000077
10
10
10
10
10
10
10
10.00000014
10.00000015
10.00000016
10.00000016
10.0000001
10.00000017
10.00000024
12.5973794
1723
1723
1723
1723
1723
1723
1723
1723
1723
1723
1723
1723
1723
1723
1723
1723
1723
1723
1723
1723
1723
1723
1723
1723
10.00000077
10
10
10
10
10
10
10
10.00000008
10.00000012
10.00000013
10.00000014
10.00000014
10.00000021
10.0000007
10.00000025
10.00000001
1723
1723
1723
1723
1723
1723
1723
1723
1723
1723
1723
1723
1723
1723
1723
1723
1723
1723
1723
1723
1723
1723
1723
10.00000078
10
10
10
10
10
10
10
10.00000004
10.00000008
10.00000011
10.00000011
10.00000011
10.00000037
10.00000144
10.00000124
10.00000007
1723
1723
1723
1723
1723
1723
1723
1723
1723
1723
1723
1723
1723
1723
1723
1723
1723
1723
1723
1723
1723
1723
1723
10.00000078
10
10
10
10
10
10
10
10.00000002
10.00000006
10.00000007
10.00000007
10.00000015
10.00000078
10.00000237
10.0000019
10.00000134
1723
1723
1723
1723
1723
1723
1723
1723
1723
1723
1723
1723
1723
1723
1723
1723
1723
1723
1723
1723
1723
1723
1723
10.00000079
10
10
10
10
10
10
10
10.00000001
10.00000002
10.00000003
10.00000005
10.00000039
10.00000149
10.00000357
10.00000184
10.00000165
1723
1723
1723
1723
1723
1723
1723
1723
1723
1723
1723
1723
1723
1723
1723
1723
1723
1723
1723
1723
1723
1723
1723
10.00000079
10
10
10
10
10
10
10
10
10.00000001
10.00000004
10.0000001
10.00000104
10.0000022
10.0000019
10.00000103
10.00000035
1723
1723
1723
1723
1723
1723
1723
1723
1723
1723
1723
1723
1723
1723
1723
1723
1723
1723
1723
1723
1723
1723
1723
10.00000079
10
10
10
10
10
10
10
10.00000001
10.00000003
10.00000013
10.00000032
10.0000006
10.00000119
10.0000012
10.00000056
10.00000004
1723
1723
1723
1723
1723
1723
1723
1723
1723
1723
1723
1723
1723
1723
1723
1723
1723
1723
1723
1723
1723
1723
1723
10.00000079
10
10
10
10
10
10
10
10.00000002
10.00000009
10.0000002
10.00000027
10.00000043
10.00000073
10.00000079
10.00000034
10.00000004
1723
1723
1723
1723
1723
1723
1723
1723
1723
1723
1723
1723
1723
1723
1723
1723
1723
1723
1723
1723
1723
1723
1723
10.00000079
10
10
10
10
10
10
10
10.00000004
10.00000015
10.0000002
10.00000021
10.00000025
10.00000038
10.00000042
10.0000001
10.00000005
1723
1723
1723
1723
1723
1723
1723
1723
1723
1723
1723
1723
1723
1723
1723
1723
1723
1723
1723
1723
1723
1723
1723
10.00000079
10
10
10
10
10
10
10
10.00000006
10.00000018
10.00000021
10.00000019
10.00000017
10.00000018
10.00000015
10.0000001
10.00000006
1723
1723
1723
1723
1723
1723
1723
1723
1723
1723
1723
1723
1723
1723
1723
1723
1723
1723
1723
1723
1723
1723
1723
10.00000079
10
10
10
10
10
10
10
10.00000008
10.00000019
10.00000022
10.00000021
10.00000019
10.00000017
10.00000014
10.00000011
10.00000005
1723
1723
1723
1723
1723
1723
1723
1723
1723
1723
1723
1723
1723
1723
1723
1723
1723
1723
1723
1723
1723
1723
1723
10.00000078
10
10
10
10
10
10
10
10.00000009
10.0000002
10.00000023
10.00000023
10.00000022
10.00000015
10.0000001
10.00000006
92.25291783
1723
1723
1723
1723
1723
1723
1723
1723
1723
1723
1723
1723
1723
1723
1723
1723
1723
1723
1723
1723
1723
1723
1723
10.00000078
10
10
10
10
10
10
10
10.00000009
10.00000019
10.00000024
10.00000024
10.00000021
10.00000011
10.00000004
10.00000002
1723
1723
1723
1723
1723
1723
1723
1723
1723
1723
1723
1723
1723
1723
1723
1723
1723
1723
1723
1723
1723
1723
1723
1723
10.00000077
10
10
10
10
10
10
10
10.00000008
10.00000018
10.00000023
10.00000025
10.00000018
10.00000005
10.00000002
10.00000003
10.83289284
1723
1723
1723
1723
1723
1723
1723
1723
1723
1723
1723
1723
1723
1723
1723
1723
1723
1723
1723
1723
1723
1723
1723
10.00000077
10
10
10
10
10
10
10
10.00000007
10.00000017
10.00000023
10.00000024
10.0000002
10.00000014
10.0000001
10.00000006
10.00000003
1723
1723
1723
1723
1723
1723
1723
1723
1723
1723
1723
1723
1723
1723
1723
1723
1723
1723
1723
1723
1723
1723
1723
10.00000076
10
10
10
10
10
10
10
10.00000009
10.00000018
10.00000023
10.00000023
10.00000018
10.00000013
10.00000009
10.00000006
10.00000003
10.00000002
1723
1723
1723
1723
1723
1723
1723
1723
1723
1723
1723
1723
1723
1723
1723
1723
1723
1723
1723
1723
1723
1723
10.00000075
10
10
10
10
10
10
10
10.00000014
10.00000019
10.00000021
10.00000019
10.00000014
10.00000009
10.00000006
10.00000004
10.00000004
10.00000002
55.90756674
1723
1723
1723
1723
1723
1723
1723
1723
1723
1723
1723
1723
1723
1723
1723
1723
1723
1723
1723
1723
1723
10.00000074
10
10
10
10
10
10
10
10.00000011
10.00000017
10.00000016
10.00000012
10.00000008
10.00000004
10.00000003
10.00000003
10.00000003
10.00000004
87.96586009
1723
1723
1723
1723
1723
1723
1723
1723
1723
1723
1723
1723
1723
1723
1723
1723
1723
1723
1723
1723
1723
10.00000073
10
10
10
10
10
10
10
10.00000003
10.00000008
10.00000007
10.00000005
10.00000003
10.00000002
10.00000002
10.00000003
10.00000003
10.00000004
89.94220212
1723
1723
1723
1723
1723
1723
1723
1723
1723
1723
1723
1723
1723
1723
1723
1723
1723
1723
1723
1723
1723
10.00000072
10
10
10
10
10
10
10
10
10.00000002
10.00000002
10.00000002
10.00000002
10.00000003
10.00000003
10.00000003
10.00000003
10.00000004
1723
1723
1723
1723
1723
1723
1723
1723
1723
1723
1723
1723
1723
1723
1723
1723
1723
1723
1723
1723
1723
1723
10.00000071
10
10
10
10
10
10
10
10.00000002
10.00000006
10.00000006
10.00000005
10.00000005
10.00000003
10.00000003
10.00000004
10.00000004
10.00000004
1723
1723
1723
1723
1723
1723
1723
1723
1723
1723
1723
1723
1723
1723
1723
1723
1723
1723
1723
1723
1723
1723
10.0000007
10
10
10
10
10
10
10
10.00000007
10.00000013
10.00000011
10.00000004
10.00000001
10
25.81825289
1723
1723
1723
1723
1723
1723
1723
1723
1723
1723
1723
1723
1723
1723
1723
1723
1723
1723
1723
1723
1723
1723
1723
1723
1723
10.00000069
10
10
10
10
10
10
10
10.00000008
10.00000012
10.00000005
10.00000002
1723
1723
1723
1723
1723
1723
1723
1723
1723
1723
1723
1723
1723
1723
1723
1723
1723
1723
1723
1723
1723
1723
1723
1723
1723
1723
1723
1723
10.00000068
10
10
10
10
10
10
10
10.00000006
10.00000011
10.00000005
1723
1723
1723
1723
1723
1723
1723
1723
1723
1723
1723
1723
1723
1723
1723
1723
1723
1723
1723
1723
1723
1723
1723
1723
1723
1723
1723
1723
1723
10.00000067
10
10
10
10
10
10
10
10.00000002
10.0000001
10.00000011
1723
1723
74.34697789
1723
1723
1723
1723
1723
1723
1723
1723
1723
1723
1723
1723
1723
1723
1723
1723
1723
1723
1723
1723
1723
1723
1723
1723
1723
1723
10.00000066
10
10
10
10
10
10
10
10
10.00000004
10.00000013
10.00000011
10.00000012
10.00000022
1723
1723
1723
1723
1723
1723
1723
1723
1723
1723
1723
1723
1723
1723
1723
1723
1723
1723
1723
1723
1723
1723
1723
1723
1723
1723
10.00000065
10
10
10
10
10
10
10
10
10.00000001
10.00000011
10.00000017
10.00000023
10.0000003
79.92969121
1723
1723
1723
1723
1723
1723
1723
1723
1723
1723
1723
1723
1723
1723
1723
1723
1723
1723
1723
1723
1723
1723
1723
1723
1723
10.00000064
10
10
10
10
10
10
10
10
10.00000002
10.00000024
10.00000038
10.00000041
10.00000038
33.6896613
1723
1723
1723
1723
1723
1723
1723
1723
1723
1723
1723
1723
1723
1723
1723
1723
1723
1723
1723
1723
1723
1723
1723
1723
1723
10.00000063
10
10
10
10
10
10
10
10
10.00000003
10.00000114
10.00000085
10.00000066
10.0000005
10.00000001
1723
1723
1723
1723
1723
1723
1723
1723
1723
1723
1723
1723
1723
1723
1723
1723
1723
1723
1723
1723
1723
1723
1723
1723
1723
10.00000063
10
10
10
10
10
10
10
10
10.00000004
10.00000145
10.00000324
10.00000209
10.00000054
10.00000704
1723
1723
1723
1723
1723
1723
1723
1723
1723
1723
1723
1723
1723
1723
1723
1723
1723
1723
1723
1723
1723
1723
1723
1723
1723
10.00000062
10
10
10
10
10
10
10
10
10.00000242
10.00000185
10.00000078
55.10142167
1723
1723
1723
1723
1723
1723
1723
1723
1723
1723
1723
1723
1723
1723
1723
1723
1723
1723
1723
1723
1723
1723
1723
1723
1723
1723
1723
10.00000061
10
10
10
10
10
10
10
1723
1723
1723
87.6300789
1723
1723
1723
1723
1723
1723
1723
1723
1723
1723
1723
1723
1723
1723
1723
1723
1723
1723
1723
1723
1723
1723
1723
1723
1723
1723
1723
1723
10.0000006
10
10
10
10
10
10
10
10
10.00000001
1723
94.42062498
12.7033043
26.37893866
18.42192343
1723
1723
1723
1723
1723
1723
1723
1723
1723
1723
1723
1723
1723
1723
1723
1723
1723
1723
1723
1723
1723
1723
1723
1723
1723
10.0000006
10
10
10
10
10
10
10
10
10.00000002
10.00000008
10.00000019
10.00000026
10.00000022
10.00000009
1723
1723
1723
1723
1723
1723
1723
1723
1723
1723
1723
1723
1723
1723
1723
1723
1723
1723
1723
1723
1723
1723
1723
1723
1723
10.00000059
10
10
10
10
10
10
10
10
10
10.00000006
10.00000022
10.00000036
10.00000024
10.00000006
1723
1723
1723
1723
1723
1723
1723
1723
1723
1723
1723
1723
1723
1723
1723
1723
1723
1723
1723
1723
1723
1723
1723
1723
1723
10.00000059
10
10
10
10
10
10
10
10
10
10.00000003
10.00000017
10.00000032
10.00000028
10.00000009
58.03177866
1723
1723
1723
1723
1723
1723
1723
1723
1723
1723
1723
1723
1723
1723
1723
1723
1723
1723
1723
1723
1723
1723
1723
1723
10.00000059
10
10
10
10
10
10
10
10
10
10.00000002
10.00000012
10.00000027
10.00000032
10.00000016
10.00000003
1723
1723
1723
1723
1723
1723
1723
1723
1723
1723
1723
1723
1723
1723
1723
1723
1723
1723
1723
1723
1723
1723
1723
1723
10.00000058
10
10
10
10
10
10
10
10
10
10.00000001
10.00000009
10.00000026
10.00000033
10.00000023
10.00000004
1723
1723
1723
1723
1723
1723
1723
1723
1723
1723
1723
1723
1723
1723
1723
1723
1723
1723
1723
1723
1723
1723
1723
1723
10.00000058
10
10
10
10
10
10
10
10
10
10
10.00000007
10.00000029
10.00000033
10.00000022
10.00000001
1723
1723
1723
1723
1723
1723
1723
1723
1723
1723
1723
1723
1723
1723
1723
1723
1723
1723
1723
1723
1723
1723
1723
1723
10.00000058
10
10
10
10
10
10
10
10
10
10
10.00000007
10.00000029
10.00000028
10.00000018
47.78839569
1723
1723
1723
1723
1723
1723
1723
1723
1723
1723
1723
1723
1723
1723
1723
1723
1723
1723
1723
1723
1723
1723
1723
1723
10.00000058
10
10
10
10
10
10
10
10
10
10
10.00000008
10.00000026
10.00000023
10.00000015
1723
1723
1723
1723
1723
1723
1723
1723
1723
1723
1723
1723
1723
1723
1723
1723
1723
1723
1723
1723
1723
1723
1723
1723
1723
10.00000058
10
10
10
10
10
10
10
10.00000001
10
10
10.00000009
10.00000022
10.00000018
10.00000011
1723
1723
1723
1723
1723
1723
1723
1723
1723
1723
1723
1723
1723
1723
1723
1723
1723
1723
1723
1723
1723
1723
1723
1723
1723
10.00000058
10
10
10
10
10
10
10
10.00000005
10.00000003
10.00000002
10.00000006
10.0000002
10.00000014
1723
1723
1723
1723
1723
1723
1723
1723
1723
1723
1723
1723
1723
1723
1723
1723
1723
1723
1723
1723
1723
1723
1723
1723
1723
1723
10.00000058
10
10
10
10
10
10
10
10.00000011
10.0000001
10.00000006
10.00000005
10.00000017
10.00000018
31.95331699
1723
1723
1723
1723
1723
1723
1723
1723
1723
1723
1723
1723
1723
1723
1723
1723
1723
1723
1723
1723
1723
1723
1723
1723
1723
10.00000058
10
10
10
10
10
10
10
10.00000011
10.00000012
10.00000008
10.00000006
10.00000013
10.00000017
10.00000017
1723
1723
1723
1723
1723
1723
1723
1723
1723
1723
1723
1723
1723
1723
1723
1723
1723
1723
1723
1723
1723
1723
1723
1723
1723
10.00000058
10
10
10
10
10
10
10
10.0000001
10.00000011
10.0000001
10.00000007
10.00000013
10.00000015
10.00000007
10
1723
1723
1723
1723
1723
1723
1723
1723
1723
1723
1723
1723
1723
1723
1723
1723
1723
1723
1723
1723
1723
1723
1723
1723
10.00000059
10
10
10
10
10
10
10
10.00000009
10.0000001
10.00000011
10.0000001
10.00000013
10.00000015
10.00000009
1723
1723
1723
1723
1723
1723
1723
1723
1723
1723
1723
1723
1723
1723
1723
1723
1723
1723
1723
1723
1723
1723
1723
1723
1723
10.00000059
10
10
10
10
10
10
10
10.00000005
10.00000009
10.00000012
10.00000012
10.00000013
10.00000013
10.00000008
1723
1723
1723
1723
1723
1723
1723
1723
1723
1723
1723
1723
1723
1723
1723
1723
1723
1723
1723
1723
1723
1723
1723
1723
1723
10.00000059
10
10
10
10
10
10
10
10
10.00000001
10.00000004
10.00000008
10.00000011
10.00000011
10.00000007
1723
1723
1723
1723
1723
1723
1723
1723
1723
1723
1723
1723
1723
1723
1723
1723
1723
1723
1723
1723
1723
1723
1723
1723
1723
10.0000006
10
10
10
10
10
10
10
10
10
10.00000001
10.00000003
10.00000005
10.00000005
10.00000005
1723
1723
1723
1723
1723
1723
1723
1723
1723
1723
1723
1723
1723
1723
1723
1723
1723
1723
1723
1723
1723
1723
1723
1723
1723
10.0000006
10
10
10
10
10
10
10
10
10
10.00000001
10.00000001
10.00000002
10.00000003
10.00000004
1723
1723
1723
1723
1723
1723
1723
1723
1723
1723
1723
1723
1723
1723
1723
1723
1723
1723
1723
1723
1723
1723
1723
1723
1723
10.0000006
10
10
10
10
10
10
10
10.00000001
10.00000002
10.00000002
10.00000002
10.00000003
10.00000003
10.00000004
1723
1723
1723
1723
1723
1723
1723
1723
1723
1723
1723
1723
1723
1723
1723
1723
1723
1723
1723
1723
1723
1723
1723
1723
1723
10.0000006
10
10
10
10
10
10
10
10.00000005
10.0000001
10.00000011
10.00000007
10.00000004
10.00000004
10.00000003
1723
1723
1723
1723
1723
1723
1723
1723
1723
1723
1723
1723
1723
1723
1723
1723
1723
1723
1723
1723
1723
1723
1723
1723
1723
10.00000061
10
10
10
10
10
10
10
10.00000007
10.00000017
10.00000018
10.0000001
10.00000004
10.00000004
10.00000005
1723
1723
1723
1723
1723
1723
1723
1723
1723
1723
1723
1723
1723
1723
1723
1723
1723
1723
1723
1723
1723
1723
1723
1723
1723
10.00000061
10
10
10
10
10
10
10
10.00000014
10.00000023
10.00000019
10.0000001
10.00000005
10.00000006
10.00000001
1723
1723
1723
1723
1723
1723
1723
1723
1723
1723
1723
1723
1723
1723
1723
1723
1723
1723
1723
1723
1723
1723
1723
1723
1723
10.00000061
10
10
10
10
10
10
10
10.0000002
10.00000021
10.00000015
10.00000008
10.00000006
10.00000004
1723
1723
1723
1723
1723
1723
1723
1723
1723
1723
1723
1723
1723
1723
1723
1723
1723
1723
1723
1723
1723
1723
1723
1723
1723
1723
10.00000061
10
10
10
10
10
10
10
10.00000017
10.00000016
10.00000013
10.00000009
10.00000007
10.00000005
1723
1723
1723
1723
1723
1723
1723
1723
1723
1723
1723
1723
1723
1723
1723
1723
1723
1723
1723
1723
1723
1723
1723
1723
1723
1723
10.00000061
10
10
10
10
10
10
10
10.00000014
10.00000013
10.00000011
10.00000008
10.00000006
10.00000002
45.8384622
1723
1723
1723
1723
1723
1723
1723
1723
1723
1723
1723
1723
1723
1723
1723
1723
1723
1723
1723
1723
1723
1723
1723
1723
1723
10.00000062
10
10
10
10
10
10
10
10.00000014
10.0000001
10.00000008
10.00000005
10.00000001
10
1723
1723
1723
1723
1723
1723
1723
1723
1723
1723
1723
1723
1723
1723
1723
1723
1723
1723
1723
1723
1723
1723
1723
1723
1723
1723
10.00000061
10
10
10
10
10
10
10
)
;

boundaryField
{
    lowerWall
    {
        type            calculated;
        value           uniform 10;
    }
    atmosphere
    {
        type            calculated;
        value           nonuniform List<scalar> 
80
(
10
10
10
10
10
10
10
10
10
10
10
10
10
10
10
10.00000026
10.00000028
10.00000026
10.00000022
10.0000002
10.00000018
10
10
10
10
10
10
10
10
10
10
10
10
10
10
10
10
10
10.00000011
10.00000003
10
10
10
10.00000008
10.00000006
10.00000002
10
10
10
10
10
10
460.122425
10
10
10
10
10
10
10
10
10
10
10
10.00000011
10.00000011
10.0000001
10.00000009
10.00000005
10
10
10
10.00000001
10
10
10
10.0000002
10.00000017
10.00000014
10.00000014
)
;
    }
    rightWall
    {
        type            empty;
    }
    leftWall
    {
        type            empty;
    }
    frontAndBack
    {
        type            calculated;
        value           nonuniform List<scalar> 
80
(
10
10
330.0011511
10.0000001
10.00000006
10.00000008
383.3416159
1723
1722.999395
1723
1723
1723
1723
1723
1723
1723
1723
1723
1723
1723
1723
1723
1723
1723
1723
1723
1723
1723
1723
1723
1723
1723
10.00000062
10
10
10
10
10
10
10
10.00000014
10.0000001
10.00000008
10.00000005
10.00000001
10
136.1758538
835.9700861
1722.931616
1723
1723
1723
1723
1723
1723
1723
1723
1723
1723
1723
1723
1723
1723
1723
1723
1723
1723
1723
1723
1723
1723
1723
10.00000061
10
10
10
10
10
10
10
)
;
    }
}


// ************************************************************************* //
