/*--------------------------------*- C++ -*----------------------------------*\
| =========                 |                                                 |
| \\      /  F ield         | OpenFOAM: The Open Source CFD Toolbox           |
|  \\    /   O peration     | Version:  2506                                  |
|   \\  /    A nd           | Website:  www.openfoam.com                      |
|    \\/     M anipulation  |                                                 |
\*---------------------------------------------------------------------------*/
FoamFile
{
    version     2.0;
    format      ascii;
    arch        "LSB;label=32;scalar=64";
    class       volScalarField;
    location    "0.007";
    object      TSolidus;
}
// * * * * * * * * * * * * * * * * * * * * * * * * * * * * * * * * * * * * * //

dimensions      [0 0 0 1 0 0 0];

internalField   nonuniform List<scalar> 
3200
(
1
1
1658
1.000000096
1.000000061
1.000000074
1658
1658
1658
1658
1658
1658
1658
1658
1658
1658
1658
1658
1658
1658
1658
1658
1658
1658
1658
1658
1658
1658
1658
1658
1658
1658
1.000000603
1
1
1
1
1
1
1
1
1
1
1.00000002
1.000000017
1.000000013
1658
1658
1658
1658
1658
1658
1658
1658
1658
1658
1658
1658
1658
1658
1658
1658
1658
1658
1658
1658
1658
1658
1658
1658
1658
1658
1.000000606
1
1
1
1
1
1
1
1
1
1
1.000000009
1.000000009
1.00000001
1658
1658
1658
1658
1658
1658
1658
1658
1658
1658
1658
1658
1658
1658
1658
1658
1658
1658
1658
1658
1658
1658
1658
1658
1658
1658
1.000000608
1
1
1
1
1
1
1
1
1
1
1.000000004
1.000000006
1.000000007
1658
1658
1658
1658
1658
1658
1658
1658
1658
1658
1658
1658
1658
1658
1658
1658
1658
1658
1658
1658
1658
1658
1658
1658
1658
1658
1.000000611
1
1
1
1
1
1
1
1
1
1
1.000000002
1.000000004
1.000000005
1658
1658
1658
1658
1658
1658
1658
1658
1658
1658
1658
1658
1658
1658
1658
1658
1658
1658
1658
1658
1658
1658
1658
1658
1658
1658
1.000000616
1
1
1
1
1
1
1
1
1
1
1
1.000000002
1.000000003
1658
1658
1658
1658
1658
1658
1658
1658
1658
1658
1658
1658
1658
1658
1658
1658
1658
1658
1658
1658
1658
1658
1658
1658
1658
1658
1.000000621
1
1
1
1
1
1
1
1
1
1.000000001
1.000000003
1.000000007
1.000000007
1.000000001
1658
1658
1658
1658
1658
1658
1658
1658
1658
1658
1658
1658
1658
1658
1658
1658
1658
1658
1658
1658
1658
1658
1658
1658
1658
1.000000627
1
1
1
1
1
1
1
1
1
1.000000003
1.000000021
1.000000017
1.000000004
1.000000001
1658
1658
1658
1658
1658
1658
1658
1658
1658
1658
1658
1658
1658
1658
1658
1658
1658
1658
1658
1658
1658
1658
1658
1658
1658
1.000000633
1
1
1
1
1
1
1
1
1
1.00000001
1.000000056
1.000000342
1.000000565
1.000001516
1.000017846
1658
1658
1658
1658
1658
1658
1658
1658
1658
1658
1658
1658
1658
1658
1658
1658
1658
1658
1658
1658
1658
1658
1658
1658
1.000000641
1
1
1
1
1
1
1
1
1.000000002
1.000000023
1.0000002
1.000000405
1.000000598
1.000000962
1.000000342
1658
1658
1658
1658
1658
1658
1658
1658
1658
1658
1658
1658
1658
1658
1658
1658
1658
1658
1658
1658
1658
1658
1658
1658
1.000000649
1
1
1
1
1
1
1
1
1.000000007
1.000000055
1.000000222
1.000000406
1.000000549
1.000000731
1.0000004
1.000000103
1658
1658
1658
1658
1658
1658
1658
1658
1658
1658
1658
1658
1658
1658
1658
1658
1658
1658
1658
1658
1658
1658
1658
1.000000657
1
1
1
1
1
1
1
1
1.000000017
1.000000079
1.000000209
1.000000398
1.000000492
1.000000676
1.000000536
1.000000091
1658
1658
1658
1658
1658
1658
1658
1658
1658
1658
1658
1658
1658
1658
1658
1658
1658
1658
1658
1658
1658
1658
1658
1.000000666
1
1
1
1
1
1
1
1.000000007
1.000000042
1.000000136
1.000000234
1.0000004
1.000000484
1.000000524
1.00000047
1658
1658
1658
1658
1658
1658
1658
1658
1658
1658
1658
1658
1658
1658
1658
1658
1658
1658
1658
1658
1658
1658
1658
1658
1.000000675
1
1
1
1
1
1
1
1.000000002
1.000000043
1.000000222
1.000000305
1.000000417
1.000000446
1658
1658
1658
1658
1658
1658
1658
1658
1658
1658
1658
1658
1658
1658
1658
1658
1658
1658
1658
1658
1658
1658
1658
1658
1658
1658
1.000000684
1
1
1
1
1
1
1
1.000000135
1.000000234
1.000000302
1.00000034
1.000000375
1.00000028
1658
1658
1658
1658
1658
1658
1658
1658
1658
1658
1658
1658
1658
1658
1658
1658
1658
1658
1658
1658
1658
1658
1658
1658
1658
1658
1.000000693
1
1
1
1
1
1
1
1.000000256
1.000000289
1.000000312
1.000000319
1.000000299
1.000000108
1658
1658
1658
1658
1658
1658
1658
1658
1658
1658
1658
1658
1658
1658
1658
1658
1658
1658
1658
1658
1658
1658
1658
1658
1658
1658
1.000000702
1
1
1
1
1
1
1
1.000000272
1.000000284
1.000000285
1.00000027
1.000000219
1.000000097
2.777173447
1658
1658
1658
1658
1658
1658
1658
1658
1658
1658
1658
1658
1658
1658
1658
1658
1658
1658
1658
1658
1658
1658
1658
1658
1658
1.00000071
1
1
1
1
1
1
1
1.00000025
1.000000248
1.000000233
1.000000199
1.000000127
1.000000115
1.000000057
1658
1658
1658
1658
1658
1658
1658
1658
1658
1658
1658
1658
1658
1658
1658
1658
1658
1658
1658
1658
1658
1658
1658
1658
1658
1.000000719
1
1
1
1
1
1
1
1.000000217
1.000000206
1.000000184
1.000000159
1.00000011
1.000000094
1.000000091
1658
1658
1658
1658
1658
1658
1658
1658
1658
1658
1658
1658
1658
1658
1658
1658
1658
1658
1658
1658
1658
1658
1658
1658
1658
1.000000726
1
1
1
1
1
1
1
1.000000191
1.000000177
1.000000157
1.000000159
1.000000087
1.000000064
1.000000077
1658
1658
1658
1658
1658
1658
1658
1658
1658
1658
1658
1658
1658
1658
1658
1658
1658
1658
1658
1658
1658
1658
1658
1658
1658
1.000000734
1
1
1
1
1
1
1
1.000000177
1.000000164
1.000000167
1.000000136
1.000000074
1.000000079
1.00000005
1
43.84277158
1658
1658
1658
1658
1658
1658
1658
1658
1658
1658
1658
1658
1658
1658
1658
1658
1658
1658
1658
1658
1658
1658
1658
1.00000074
1
1
1
1
1
1
1
1.000000138
1.000000149
1.000000157
1.000000158
1.000000101
1.000000162
1.000000232
3.512467991
1658
1658
1658
1658
1658
1658
1658
1658
1658
1658
1658
1658
1658
1658
1658
1658
1658
1658
1658
1658
1658
1658
1658
1658
1.000000747
1
1
1
1
1
1
1
1.000000078
1.000000112
1.00000013
1.000000138
1.000000134
1.000000198
1.000000675
1.000000239
1.000000014
1658
1658
1658
1658
1658
1658
1658
1658
1658
1658
1658
1658
1658
1658
1658
1658
1658
1658
1658
1658
1658
1658
1658
1.000000752
1
1
1
1
1
1
1
1.000000036
1.000000076
1.000000103
1.000000106
1.000000111
1.000000359
1.000001394
1.000001196
1.000000071
1658
1658
1658
1658
1658
1658
1658
1658
1658
1658
1658
1658
1658
1658
1658
1658
1658
1658
1658
1658
1658
1658
1658
1.000000756
1
1
1
1
1
1
1
1.000000023
1.000000057
1.00000007
1.000000063
1.000000145
1.000000751
1.000002292
1.000001841
1.0000013
1658
1658
1658
1658
1658
1658
1658
1658
1658
1658
1658
1658
1658
1658
1658
1658
1658
1658
1658
1658
1658
1658
1658
1.00000076
1
1
1
1
1
1
1
1.000000005
1.000000018
1.000000025
1.000000051
1.000000381
1.000001439
1.000003455
1.000001779
1.000001595
1658
1658
1658
1658
1658
1658
1658
1658
1658
1658
1658
1658
1658
1658
1658
1658
1658
1658
1658
1658
1658
1658
1658
1.000000762
1
1
1
1
1
1
1
1.000000002
1.000000013
1.000000034
1.0000001
1.000001001
1.000002128
1.000001835
1.000000993
1.000000336
1658
1658
1658
1658
1658
1658
1658
1658
1658
1658
1658
1658
1658
1658
1658
1658
1658
1658
1658
1658
1658
1658
1658
1.000000764
1
1
1
1
1
1
1
1.000000007
1.000000031
1.000000124
1.000000314
1.000000585
1.000001154
1.000001164
1.000000543
1.000000037
1658
1658
1658
1658
1658
1658
1658
1658
1658
1658
1658
1658
1658
1658
1658
1658
1658
1658
1658
1658
1658
1658
1658
1.000000764
1
1
1
1
1
1
1
1.000000018
1.00000009
1.000000196
1.000000265
1.000000417
1.000000709
1.000000766
1.000000328
1.000000038
1658
1658
1658
1658
1658
1658
1658
1658
1658
1658
1658
1658
1658
1658
1658
1658
1658
1658
1658
1658
1658
1658
1658
1.000000764
1
1
1
1
1
1
1
1.000000038
1.000000143
1.000000196
1.0000002
1.000000246
1.000000368
1.000000404
1.000000098
1.000000049
1658
1658
1658
1658
1658
1658
1658
1658
1658
1658
1658
1658
1658
1658
1658
1658
1658
1658
1658
1658
1658
1658
1658
1.000000763
1
1
1
1
1
1
1
1.000000061
1.000000171
1.000000201
1.000000183
1.000000167
1.000000177
1.000000147
1.0000001
1.000000055
1658
1658
1658
1658
1658
1658
1658
1658
1658
1658
1658
1658
1658
1658
1658
1658
1658
1658
1658
1658
1658
1658
1658
1.00000076
1
1
1
1
1
1
1
1.000000078
1.000000187
1.000000213
1.0000002
1.000000183
1.00000016
1.000000133
1.000000105
1.000000046
1658
1658
1658
1658
1658
1658
1658
1658
1658
1658
1658
1658
1658
1658
1658
1658
1658
1658
1658
1658
1658
1658
1658
1.000000757
1
1
1
1
1
1
1
1.000000088
1.000000192
1.000000225
1.00000022
1.000000208
1.000000141
1.000000094
1.00000006
80.56397247
1658
1658
1658
1658
1658
1658
1658
1658
1658
1658
1658
1658
1658
1658
1658
1658
1658
1658
1658
1658
1658
1658
1658
1.000000753
1
1
1
1
1
1
1
1.000000087
1.000000187
1.000000229
1.000000235
1.000000203
1.000000104
1.000000041
1.000000018
1658
1658
1658
1658
1658
1658
1658
1658
1658
1658
1658
1658
1658
1658
1658
1658
1658
1658
1658
1658
1658
1658
1658
1658
1.000000747
1
1
1
1
1
1
1
1.000000076
1.000000176
1.000000227
1.000000238
1.000000175
1.000000051
1.000000024
1.000000028
1.805664583
1658
1658
1658
1658
1658
1658
1658
1658
1658
1658
1658
1658
1658
1658
1658
1658
1658
1658
1658
1658
1658
1658
1658
1.000000741
1
1
1
1
1
1
1
1.00000007
1.000000166
1.000000221
1.000000233
1.000000192
1.000000133
1.000000096
1.000000059
1.000000026
1658
1658
1658
1658
1658
1658
1658
1658
1658
1658
1658
1658
1658
1658
1658
1658
1658
1658
1658
1658
1658
1658
1658
1.000000735
1
1
1
1
1
1
1
1.000000092
1.000000173
1.000000218
1.00000022
1.000000178
1.000000125
1.000000085
1.000000059
1.00000003
1.000000015
1658
1658
1658
1658
1658
1658
1658
1658
1658
1658
1658
1658
1658
1658
1658
1658
1658
1658
1658
1658
1658
1658
1.000000727
1
1
1
1
1
1
1
1.000000133
1.000000188
1.000000207
1.000000187
1.000000136
1.000000086
1.000000056
1.00000004
1.000000035
1.000000024
45.40679398
1658
1658
1658
1658
1658
1658
1658
1658
1658
1658
1658
1658
1658
1658
1658
1658
1658
1658
1658
1658
1658
1.000000719
1
1
1
1
1
1
1
1.000000103
1.000000161
1.000000156
1.00000012
1.000000074
1.000000043
1.00000003
1.000000027
1.000000029
1.000000034
76.41706373
1658
1658
1658
1658
1658
1658
1658
1658
1658
1658
1658
1658
1658
1658
1658
1658
1658
1658
1658
1658
1658
1.00000071
1
1
1
1
1
1
1
1.000000029
1.000000075
1.000000068
1.000000045
1.000000027
1.000000021
1.000000021
1.000000024
1.000000028
1.000000035
78.32879679
1658
1658
1658
1658
1658
1658
1658
1658
1658
1658
1658
1658
1658
1658
1658
1658
1658
1658
1658
1658
1658
1.000000701
1
1
1
1
1
1
1
1.000000004
1.000000016
1.000000018
1.000000018
1.000000023
1.000000026
1.000000029
1.000000031
1.000000033
1.000000036
1658
1658
1658
1658
1658
1658
1658
1658
1658
1658
1658
1658
1658
1658
1658
1658
1658
1658
1658
1658
1658
1658
1.000000691
1
1
1
1
1
1
1
1.000000024
1.000000059
1.000000056
1.000000052
1.000000049
1.00000003
1.00000003
1.000000036
1.000000037
1.000000038
1658
1658
1658
1658
1658
1658
1658
1658
1658
1658
1658
1658
1658
1658
1658
1658
1658
1658
1658
1658
1658
1658
1.000000681
1
1
1
1
1
1
1
1.000000066
1.000000121
1.000000105
1.000000035
1.000000009
1.000000004
16.30113546
1658
1658
1658
1658
1658
1658
1658
1658
1658
1658
1658
1658
1658
1658
1658
1658
1658
1658
1658
1658
1658
1658
1658
1658
1658
1.000000671
1
1
1
1
1
1
1
1.000000078
1.000000117
1.000000051
1.00000002
1658
1658
1658
1658
1658
1658
1658
1658
1658
1658
1658
1658
1658
1658
1658
1658
1658
1658
1658
1658
1658
1658
1658
1658
1658
1658
1658
1658
1.000000661
1
1
1
1
1
1
1
1.000000061
1.000000106
1.000000044
1658
1658
1658
1658
1658
1658
1658
1658
1658
1658
1658
1658
1658
1658
1658
1658
1658
1658
1658
1658
1658
1658
1658
1658
1658
1658
1658
1658
1658
1.000000651
1
1
1
1
1
1
1
1.000000022
1.000000094
1.000000111
1658
1658
63.24339893
1658
1658
1658
1658
1658
1658
1658
1658
1658
1658
1658
1658
1658
1658
1658
1658
1658
1658
1658
1658
1658
1658
1658
1658
1658
1658
1.000000641
1
1
1
1
1
1
1
1.000000005
1.000000041
1.000000129
1.000000104
1.000000119
1.000000211
1658
1658
1658
1658
1658
1658
1658
1658
1658
1658
1658
1658
1658
1658
1658
1658
1658
1658
1658
1658
1658
1658
1658
1658
1658
1658
1.000000632
1
1
1
1
1
1
1
1.000000001
1.000000014
1.000000107
1.000000169
1.000000226
1.00000029
68.64360673
1658
1658
1658
1658
1658
1658
1658
1658
1658
1658
1658
1658
1658
1658
1658
1658
1658
1658
1658
1658
1658
1658
1658
1658
1658
1.000000622
1
1
1
1
1
1
1
1
1.000000019
1.000000234
1.000000369
1.0000004
1.000000371
23.9152182
1658
1658
1658
1658
1658
1658
1658
1658
1658
1658
1658
1658
1658
1658
1658
1658
1658
1658
1658
1658
1658
1658
1658
1658
1658
1.000000614
1
1
1
1
1
1
1
1
1.000000029
1.000001103
1.000000827
1.000000638
1.00000048
1.000000008
1658
1658
1658
1658
1658
1658
1658
1658
1658
1658
1658
1658
1658
1658
1658
1658
1658
1658
1658
1658
1658
1658
1658
1658
1658
1.000000606
1
1
1
1
1
1
1
1
1.000000034
1.000001402
1.00000313
1.000002018
1.000000518
1.000006806
1658
1658
1658
1658
1658
1658
1658
1658
1658
1658
1658
1658
1658
1658
1658
1658
1658
1658
1658
1658
1658
1658
1658
1658
1658
1.000000598
1
1
1
1
1
1
1
1
1.000002338
1.00000179
1.000000754
44.62700275
1658
1658
1658
1658
1658
1658
1658
1658
1658
1658
1658
1658
1658
1658
1658
1658
1658
1658
1658
1658
1658
1658
1658
1658
1658
1658
1658
1.000000591
1
1
1
1
1
1
1
1658
1658
1658
76.09225962
1658
1658
1658
1658
1658
1658
1658
1658
1658
1658
1658
1658
1658
1658
1658
1658
1658
1658
1658
1658
1658
1658
1658
1658
1658
1658
1658
1658
1.000000585
1
1
1
1
1
1
1
1.000000001
1.000000011
1658
82.66081471
3.614930077
16.84349174
9.146600769
1658
1658
1658
1658
1658
1658
1658
1658
1658
1658
1658
1658
1658
1658
1658
1658
1658
1658
1658
1658
1658
1658
1658
1658
1658
1.000000579
1
1
1
1
1
1
1
1
1.000000016
1.000000078
1.000000187
1.000000254
1.000000217
1.000000086
1658
1658
1658
1658
1658
1658
1658
1658
1658
1658
1658
1658
1658
1658
1658
1658
1658
1658
1658
1658
1658
1658
1658
1658
1658
1.000000575
1
1
1
1
1
1
1
1
1.000000002
1.000000055
1.000000212
1.000000348
1.000000233
1.000000062
1658
1658
1658
1658
1658
1658
1658
1658
1658
1658
1658
1658
1658
1658
1658
1658
1658
1658
1658
1658
1658
1658
1658
1658
1658
1.000000571
1
1
1
1
1
1
1
1
1.000000001
1.000000033
1.000000166
1.000000306
1.000000267
1.000000082
47.4615629
1658
1658
1658
1658
1658
1658
1658
1658
1658
1658
1658
1658
1658
1658
1658
1658
1658
1658
1658
1658
1658
1658
1658
1658
1.000000567
1
1
1
1
1
1
1
1
1.000000001
1.000000016
1.000000119
1.000000262
1.000000307
1.000000155
1.000000031
1658
1658
1658
1658
1658
1658
1658
1658
1658
1658
1658
1658
1658
1658
1658
1658
1658
1658
1658
1658
1658
1658
1658
1658
1.000000565
1
1
1
1
1
1
1
1
1
1.000000006
1.000000084
1.000000247
1.000000317
1.000000222
1.000000035
1658
1658
1658
1658
1658
1658
1658
1658
1658
1658
1658
1658
1658
1658
1658
1658
1658
1658
1658
1658
1658
1658
1658
1658
1.000000563
1
1
1
1
1
1
1
1
1
1.000000002
1.000000069
1.000000277
1.000000319
1.000000213
1.00000001
1658
1658
1658
1658
1658
1658
1658
1658
1658
1658
1658
1658
1658
1658
1658
1658
1658
1658
1658
1658
1658
1658
1658
1658
1.000000562
1
1
1
1
1
1
1
1
1
1.000000002
1.000000069
1.000000282
1.000000271
1.000000172
37.55304825
1658
1658
1658
1658
1658
1658
1658
1658
1658
1658
1658
1658
1658
1658
1658
1658
1658
1658
1658
1658
1658
1658
1658
1658
1.000000561
1
1
1
1
1
1
1
1
1
1.000000003
1.000000078
1.000000253
1.000000226
1.000000149
1658
1658
1658
1658
1658
1658
1658
1658
1658
1658
1658
1658
1658
1658
1658
1658
1658
1658
1658
1658
1658
1658
1658
1658
1658
1.000000561
1
1
1
1
1
1
1
1.000000009
1.000000003
1.000000002
1.000000086
1.000000215
1.000000174
1.000000108
1658
1658
1658
1658
1658
1658
1658
1658
1658
1658
1658
1658
1658
1658
1658
1658
1658
1658
1658
1658
1658
1658
1658
1658
1658
1.000000561
1
1
1
1
1
1
1
1.000000052
1.000000029
1.000000015
1.000000059
1.000000195
1.000000136
1658
1658
1658
1658
1658
1658
1658
1658
1658
1658
1658
1658
1658
1658
1658
1658
1658
1658
1658
1658
1658
1658
1658
1658
1658
1658
1.000000563
1
1
1
1
1
1
1
1.000000109
1.000000101
1.000000055
1.000000051
1.000000163
1.000000174
22.23563704
1658
1658
1658
1658
1658
1658
1658
1658
1658
1658
1658
1658
1658
1658
1658
1658
1658
1658
1658
1658
1658
1658
1658
1658
1658
1.000000564
1
1
1
1
1
1
1
1.00000011
1.000000116
1.000000077
1.000000055
1.000000127
1.000000168
1.000000168
1658
1658
1658
1658
1658
1658
1658
1658
1658
1658
1658
1658
1658
1658
1658
1658
1658
1658
1658
1658
1658
1658
1658
1658
1658
1.000000566
1
1
1
1
1
1
1
1.000000097
1.000000104
1.000000094
1.000000069
1.000000122
1.000000149
1.000000069
1
1658
1658
1658
1658
1658
1658
1658
1658
1658
1658
1658
1658
1658
1658
1658
1658
1658
1658
1658
1658
1658
1658
1658
1658
1.000000568
1
1
1
1
1
1
1
1.000000084
1.000000101
1.000000107
1.000000097
1.000000123
1.000000141
1.000000083
1658
1658
1658
1658
1658
1658
1658
1658
1658
1658
1658
1658
1658
1658
1658
1658
1658
1658
1658
1658
1658
1658
1658
1658
1658
1.00000057
1
1
1
1
1
1
1
1.000000052
1.000000088
1.000000112
1.000000119
1.000000125
1.000000126
1.000000077
1658
1658
1658
1658
1658
1658
1658
1658
1658
1658
1658
1658
1658
1658
1658
1658
1658
1658
1658
1658
1658
1658
1658
1658
1658
1.000000573
1
1
1
1
1
1
1
1.000000003
1.000000014
1.000000041
1.00000008
1.000000102
1.000000102
1.000000072
1658
1658
1658
1658
1658
1658
1658
1658
1658
1658
1658
1658
1658
1658
1658
1658
1658
1658
1658
1658
1658
1658
1658
1658
1658
1.000000576
1
1
1
1
1
1
1
1.000000001
1.000000003
1.000000012
1.000000033
1.000000052
1.000000051
1.000000048
1658
1658
1658
1658
1658
1658
1658
1658
1658
1658
1658
1658
1658
1658
1658
1658
1658
1658
1658
1658
1658
1658
1658
1658
1658
1.000000579
1
1
1
1
1
1
1
1.000000001
1.000000002
1.000000005
1.000000013
1.000000023
1.000000028
1.00000004
1658
1658
1658
1658
1658
1658
1658
1658
1658
1658
1658
1658
1658
1658
1658
1658
1658
1658
1658
1658
1658
1658
1658
1658
1658
1.000000581
1
1
1
1
1
1
1
1.000000005
1.000000015
1.000000021
1.000000023
1.000000024
1.00000003
1.000000039
1658
1658
1658
1658
1658
1658
1658
1658
1658
1658
1658
1658
1658
1658
1658
1658
1658
1658
1658
1658
1658
1658
1658
1658
1658
1.000000584
1
1
1
1
1
1
1
1.000000049
1.000000101
1.000000105
1.00000007
1.000000035
1.000000034
1.000000034
1658
1658
1658
1658
1658
1658
1658
1658
1658
1658
1658
1658
1658
1658
1658
1658
1658
1658
1658
1658
1658
1658
1658
1658
1658
1.000000587
1
1
1
1
1
1
1
1.000000072
1.000000165
1.000000176
1.000000098
1.000000043
1.000000041
1.00000005
1658
1658
1658
1658
1658
1658
1658
1658
1658
1658
1658
1658
1658
1658
1658
1658
1658
1658
1658
1658
1658
1658
1658
1658
1658
1.000000589
1
1
1
1
1
1
1
1.000000137
1.000000227
1.00000018
1.000000094
1.00000005
1.000000054
1.000000012
1658
1658
1658
1658
1658
1658
1658
1658
1658
1658
1658
1658
1658
1658
1658
1658
1658
1658
1658
1658
1658
1658
1658
1658
1658
1.000000591
1
1
1
1
1
1
1
1.000000196
1.000000201
1.000000145
1.000000082
1.000000055
1.000000043
1658
1658
1658
1658
1658
1658
1658
1658
1658
1658
1658
1658
1658
1658
1658
1658
1658
1658
1658
1658
1658
1658
1658
1658
1658
1658
1.000000593
1
1
1
1
1
1
1
1.000000168
1.000000159
1.000000121
1.000000082
1.000000067
1.00000005
1658
1658
1658
1658
1658
1658
1658
1658
1658
1658
1658
1658
1658
1658
1658
1658
1658
1658
1658
1658
1658
1658
1658
1658
1658
1658
1.000000594
1
1
1
1
1
1
1
1.000000134
1.000000125
1.000000104
1.000000079
1.000000054
1.000000018
35.6668604
1658
1658
1658
1658
1658
1658
1658
1658
1658
1658
1658
1658
1658
1658
1658
1658
1658
1658
1658
1658
1658
1658
1658
1658
1658
1.000000595
1
1
1
1
1
1
1
1.000000133
1.000000099
1.000000074
1.00000005
1.000000012
1.000000002
1658
1658
1658
1658
1658
1658
1658
1658
1658
1658
1658
1658
1658
1658
1658
1658
1658
1658
1658
1658
1658
1658
1658
1658
1658
1658
1.000000594
1
1
1
1
1
1
1
)
;

boundaryField
{
    lowerWall
    {
        type            calculated;
        value           uniform 1;
    }
    atmosphere
    {
        type            calculated;
        value           nonuniform List<scalar> 
80
(
1
1
1
1
1
1
1
1
1
1
1
1
1
1
1
1.000000256
1.000000272
1.00000025
1.000000217
1.000000191
1.000000177
1
1
1
1
1
1
1
1
1
1
1
1
1
1
1
1
1
1.000000103
1.000000029
1
1
1
1.000000078
1.000000061
1.000000022
1
1
1
1
1
1
436.4073895
1.000000001
1
1
1
1
1
1
1
1
1
1
1.000000109
1.00000011
1.000000097
1.000000084
1.000000052
1
1.000000001
1.000000001
1.000000005
1
1
1
1.000000196
1.000000168
1.000000134
1.000000133
)
;
    }
    rightWall
    {
        type            empty;
    }
    leftWall
    {
        type            empty;
    }
    frontAndBack
    {
        type            calculated;
        value           nonuniform List<scalar> 
80
(
1
1
310.5399343
1.000000096
1.000000061
1.000000074
362.1366361
1658
1657.999415
1658
1658
1658
1658
1658
1658
1658
1658
1658
1658
1658
1658
1658
1658
1658
1658
1658
1658
1658
1658
1658
1658
1658
1.000000603
1
1
1
1
1
1
1
1.000000133
1.000000099
1.000000074
1.00000005
1.000000012
1.000000002
123.0510156
799.9681452
1657.933851
1658
1658
1658
1658
1658
1658
1658
1658
1658
1658
1658
1658
1658
1658
1658
1658
1658
1658
1658
1658
1658
1658
1658
1.000000594
1
1
1
1
1
1
1
)
;
    }
}


// ************************************************************************* //
