/*--------------------------------*- C++ -*----------------------------------*\
| =========                 |                                                 |
| \\      /  F ield         | OpenFOAM: The Open Source CFD Toolbox           |
|  \\    /   O peration     | Version:  2506                                  |
|   \\  /    A nd           | Website:  www.openfoam.com                      |
|    \\/     M anipulation  |                                                 |
\*---------------------------------------------------------------------------*/
FoamFile
{
    version     2.0;
    format      ascii;
    arch        "LSB;label=32;scalar=64";
    class       volScalarField;
    location    "0.01";
    object      kappa;
}
// * * * * * * * * * * * * * * * * * * * * * * * * * * * * * * * * * * * * * //

dimensions      [1 1 -3 -1 0 0 0];

internalField   nonuniform List<scalar> 
3200
(
0.4000000027
0.4000000019
0.9632774893
4.68254915
24.79843844
24.9999999
5.761473539
24.99999999
24.99999131
25
25
25
25
25
25
25
25
25
25
25
25
25
25
25
25
25
25
25
25
25
25
25
0.4000000115
0.4
0.4
0.4
0.4
0.4
0.4
0.4
0.4000000037
0.4000000026
0.4000000022
0.4000000031
19.57822409
8.783400512
6.365874681
24.99999999
24.99998765
25
25
25
25
25
25
25
25
25
25
25
25
25
25
25
25
25
25
25
25
25
25
25
0.4000000115
0.4
0.4
0.4
0.4
0.4
0.4
0.4
0.4000000026
0.4000000019
0.4000000013
0.4000000008
14.17706655
14.80912443
12.53977515
21.58152107
24.99998281
25
25
25
25
25
25
25
25
25
25
25
25
25
25
25
25
25
25
25
25
25
25
25
0.4000000116
0.4
0.4
0.4
0.4
0.4
0.4
0.4
0.4000000011
0.4000000018
0.4000000013
0.400000001
0.6978056164
13.2262721
10.51149542
9.158587607
24.99998072
25
25
25
25
25
25
25
25
25
25
25
25
25
25
25
25
25
25
25
25
25
25
25
0.4000000116
0.4
0.4
0.4
0.4
0.4
0.4
0.4
0.4000000003
0.4000000009
0.4000000013
0.4000000013
1.702293453
24.11120067
19.86870589
19.40202097
24.99996322
25
25
25
25
25
25
25
25
25
25
25
25
25
25
25
25
25
25
25
25
25
25
25
0.4000000117
0.4
0.4
0.4
0.4
0.4
0.4
0.4
0.4
0.4000000002
0.4000000005
0.4000000014
0.4000000003
10.40790622
8.980746778
12.53778944
24.99990739
25
25
25
25
25
25
25
25
25
25
25
25
25
25
25
25
25
25
25
25
25
25
25
0.4000000119
0.4
0.4
0.4
0.4
0.4
0.4
0.4
0.4
0.4000000001
0.4000000005
0.4000000013
0.4000000038
12.04502901
7.340182508
7.644749138
24.99993158
25
25
25
25
25
25
25
25
25
25
25
25
25
25
25
25
25
25
25
25
25
25
25
0.400000012
0.4
0.4
0.4
0.4
0.4
0.4
0.4
0.4
0.4000000001
0.4000000005
0.4000000009
0.4000000473
20.15578279
18.22634446
22.31056664
24.99999981
25
25
25
25
25
25
25
25
25
25
25
25
25
25
25
25
25
25
25
25
25
25
25
0.4000000122
0.4
0.4
0.4
0.4
0.4
0.4
0.4
0.4
0.4000000001
0.4000000003
0.4000000008
0.4000000356
15.34872614
18.40066486
23.30866243
20.50591252
24.99999997
25
25
25
25
25
25
25
25
25
25
25
25
25
25
25
25
25
25
25
25
25
25
0.4000000123
0.4
0.4
0.4
0.4
0.4
0.4
0.4
0.4
0.4000000004
0.4000000007
0.4000000009
0.4000000103
8.139602391
5.353291598
4.713919355
20.92948604
24.0315627
25
25
25
25
25
25
25
25
25
25
25
25
25
25
25
25
25
25
25
25
25
25
0.4000000125
0.4
0.4
0.4
0.4
0.4
0.4
0.4
0.4000000005
0.4000000016
0.4000000021
0.400000002
0.400000002
0.4000000004
0.4000000014
0.4221165447
16.29832601
6.576164473
24.99999993
25
25
25
25
25
25
25
25
25
25
25
25
25
25
25
25
25
25
25
25
25
0.4000000128
0.4
0.4
0.4
0.4
0.4
0.4
0.4
0.400000002
0.400000003
0.4000000028
0.4000000025
0.4000000014
0.4000000009
0.4000000036
3.487604566
19.99788981
1.641519679
24.99999976
25
25
25
25
25
25
25
25
25
25
25
25
25
25
25
25
25
25
25
25
25
0.400000013
0.4
0.4
0.4
0.4
0.4
0.4
0.4
0.4000000032
0.4000000029
0.4000000021
0.4000000015
0.4000000014
0.4000000015
0.4000000032
2.029994091
16.7239536
7.441951276
24.99999995
25
25
25
25
25
25
25
25
25
25
25
25
25
25
25
25
25
25
25
25
25
0.4000000132
0.4
0.4
0.4
0.4
0.4
0.4
0.4
0.4000000033
0.4000000029
0.4000000022
0.4000000018
0.4000000017
0.4000000019
0.4000000023
0.5065939125
12.89613878
14.08787386
25
25
25
25
25
25
25
25
25
25
25
25
25
25
25
25
25
25
25
25
25
25
0.4000000135
0.4
0.4
0.4
0.4
0.4
0.4
0.4
0.4000000032
0.4000000032
0.4000000029
0.4000000024
0.4000000022
0.4000000022
0.4000000012
1.955323632
24.56046845
24.99999993
24.99999998
25
25
25
25
25
25
25
25
25
25
25
25
25
25
25
25
25
25
25
25
25
0.4000000137
0.4
0.4
0.4
0.4
0.4
0.4
0.4
0.4000000024
0.4000000028
0.4000000031
0.400000003
0.4000000026
0.4000000012
0.4000000007
0.5278509099
24.43884604
24.99999994
24.99999988
25
25
25
25
25
25
25
25
25
25
25
25
25
25
25
25
25
25
25
25
25
0.400000014
0.4
0.4
0.4
0.4
0.4
0.4
0.4
0.4000000007
0.4000000015
0.4000000026
0.400000003
0.4000000022
5.383593379
1.844676318
3.487629341
24.99912705
24.99999998
24.99999983
25
25
25
25
25
25
25
25
25
25
25
25
25
25
25
25
25
25
25
25
25
0.4000000142
0.4
0.4
0.4
0.4
0.4
0.4
0.4
0.4000000006
0.4000000012
0.400000002
0.4000000023
0.4000000012
16.29179076
23.87734576
0.5665001259
19.50909038
15.04186254
24.99999944
25
25
25
25
25
25
25
25
25
25
25
25
25
25
25
25
25
25
25
25
25
0.4000000145
0.4
0.4
0.4
0.4
0.4
0.4
0.4
0.4000000014
0.4000000016
0.4000000019
0.400000002
0.400000001
1.785633089
22.15755173
16.37213441
13.00348099
4.242513917
24.99999882
25
25
25
25
25
25
25
25
25
25
25
25
25
25
25
25
25
25
25
25
25
0.4000000148
0.4
0.4
0.4
0.4
0.4
0.4
0.4
0.4000000014
0.4000000015
0.4000000015
0.4000000012
0.4000000007
0.4000000003
8.64164008
24.28352873
14.93120919
4.269974724
24.99996167
25
25
25
25
25
25
25
25
25
25
25
25
25
25
25
25
25
25
25
25
25
0.400000015
0.4
0.4
0.4
0.4
0.4
0.4
0.4
0.400000001
0.400000001
0.4000000009
0.4000000008
0.4000000008
0.4000000006
0.4000000003
10.17357764
19.74699216
17.51638697
24.9999989
25
25
25
25
25
25
25
25
25
25
25
25
25
25
25
25
25
25
25
25
25
0.4000000153
0.4
0.4
0.4
0.4
0.4
0.4
0.4
0.4000000007
0.4000000007
0.4000000007
0.400000001
0.4000000011
0.4000000011
0.4000000007
0.4000000002
16.77895296
24.99999999
24.99999988
25
25
25
25
25
25
25
25
25
25
25
25
25
25
25
25
25
25
25
25
25
0.4000000156
0.4
0.4
0.4
0.4
0.4
0.4
0.4
0.4000000006
0.4000000008
0.4000000009
0.400000001
0.4000000012
0.4000000014
0.4000000014
0.4000000007
4.894337094
25
24.99999736
25
25
25
25
25
25
25
25
25
25
25
25
25
25
25
25
25
25
25
25
25
0.4000000158
0.4
0.4
0.4
0.4
0.4
0.4
0.4
0.4000000003
0.4000000006
0.4000000009
0.4000000011
0.4000000012
0.4000000014
0.4000000016
0.4000000011
1.576626533
24.89767618
24.99999952
25
25
25
25
25
25
25
25
25
25
25
25
25
25
25
25
25
25
25
25
25
0.400000016
0.4
0.4
0.4
0.4
0.4
0.4
0.4
0.4000000001
0.4000000004
0.4000000006
0.4000000009
0.4000000011
0.4000000013
0.4000000016
0.4000000012
0.4962608136
24.45942049
24.99999972
25
25
25
25
25
25
25
25
25
25
25
25
25
25
25
25
25
25
25
25
25
0.4000000163
0.4
0.4
0.4
0.4
0.4
0.4
0.4
0.4
0.4000000001
0.4000000003
0.4000000005
0.4000000008
0.4000000011
0.4000000015
0.4000000012
3.446442563
24.99999993
24.9999997
25
25
25
25
25
25
25
25
25
25
25
25
25
25
25
25
25
25
25
25
25
0.4000000165
0.4
0.4
0.4
0.4
0.4
0.4
0.4
0.4
0.4
0.4000000001
0.4000000003
0.4000000005
0.4000000008
0.4000000014
0.4000000012
6.704751282
24.99999985
24.99999965
25
25
25
25
25
25
25
25
25
25
25
25
25
25
25
25
25
25
25
25
25
0.4000000167
0.4
0.4
0.4
0.4
0.4
0.4
0.4
0.4
0.4
0.4
0.4000000001
0.4000000003
0.4000000008
0.4000000013
0.4000000013
8.041006722
24.99999992
24.99999977
25
25
25
25
25
25
25
25
25
25
25
25
25
25
25
25
25
25
25
25
25
0.400000017
0.4
0.4
0.4
0.4
0.4
0.4
0.4
0.4
0.4
0.4
0.4000000001
0.4000000002
0.400000001
0.4000000014
0.4000000013
8.440465572
24.99999997
24.99999951
25
25
25
25
25
25
25
25
25
25
25
25
25
25
25
25
25
25
25
25
25
0.4000000172
0.4
0.4
0.4
0.4
0.4
0.4
0.4
0.4
0.4
0.4
0.4000000001
0.4000000003
0.4000000013
0.4000000015
0.4000000012
6.332181936
24.73477133
24.99999992
25
25
25
25
25
25
25
25
25
25
25
25
25
25
25
25
25
25
25
25
25
0.4000000174
0.4
0.4
0.4
0.4
0.4
0.4
0.4
0.4
0.4
0.4
0.4000000001
0.4000000005
0.4000000016
0.4000000015
0.4000000011
1.969366146
11.6480377
24.92859162
25
25
25
25
25
25
25
25
25
25
25
25
25
25
25
25
25
25
25
25
25
0.4000000175
0.4
0.4
0.4
0.4
0.4
0.4
0.4
0.4
0.4
0.4
0.4000000001
0.4000000007
0.4000000016
0.4000000015
0.400000001
0.5109131638
0.4
15.94917132
24.29955921
25
25
25
25
25
25
25
25
25
25
25
25
25
25
25
25
25
25
25
25
0.4000000177
0.4
0.4
0.4
0.4
0.4
0.4
0.4
0.4
0.4
0.4
0.4
0.4000000003
0.4000000013
0.4000000017
0.4000000012
0.4000000006
0.4000000002
10.7777661
23.03274351
24.99999999
25
25
25
25
25
25
25
25
25
25
25
25
25
25
25
25
25
25
25
0.4000000179
0.4
0.4
0.4
0.4
0.4
0.4
0.4
0.4
0.4
0.4
0.4
0.4000000001
0.4000000007
0.4000000015
0.4000000011
0.4000000004
0.4000000001
6.844379536
24.04030962
25
24.99999981
25
25
25
25
25
25
25
25
25
25
25
25
25
25
25
25
25
25
0.400000018
0.4
0.4
0.4
0.4
0.4
0.4
0.4
0.4
0.4
0.4
0.4
0.4000000001
0.4000000005
0.4000000013
0.4000000013
0.4000000006
0.4000000005
0.4000000008
12.24969825
24.99999998
25
25
25
25
25
25
25
25
25
25
25
25
25
25
25
25
25
25
25
0.4000000181
0.4
0.4
0.4
0.4
0.4
0.4
0.4
0.4
0.4
0.4
0.4
0.4000000001
0.4000000004
0.4000000009
0.4000000012
0.4000000008
0.4000000011
0.4000000013
6.932465246
24.99999995
25
25
25
25
25
25
25
25
25
25
25
25
25
25
25
25
25
25
25
0.4000000182
0.4
0.4
0.4
0.4
0.4
0.4
0.4
0.4
0.4
0.4
0.4
0.4000000001
0.4000000003
0.4000000006
0.400000001
0.4000000009
0.4000000017
0.4000000016
1.981857956
24.03385401
24.99999999
25
25
25
25
25
25
25
25
25
25
25
25
25
25
25
25
25
25
0.4000000183
0.4
0.4
0.4
0.4
0.4
0.4
0.4
0.4
0.4
0.4
0.4000000001
0.4000000002
0.4000000004
0.4000000009
0.4000000013
0.4000000016
0.4000000028
0.4000000018
0.4
20.21996948
24.9999999
25
25
25
25
25
25
25
25
25
25
25
25
25
25
25
25
25
25
0.4000000184
0.4
0.4
0.4
0.4
0.4
0.4
0.4
0.4
0.4
0.4
0.4000000001
0.4000000002
0.4000000005
0.4000000011
0.4000000017
0.4000000042
0.4000000051
0.4000000022
0.8255726448
22.90653268
24.99999992
25
25
25
25
25
25
25
25
25
25
25
25
25
25
25
25
25
25
0.4000000185
0.4
0.4
0.4
0.4
0.4
0.4
0.4
0.4
0.4
0.4
0.4000000001
0.4000000002
0.4000000005
0.4000000011
0.4000000012
0.4000000043
0.4000000165
0.4000000037
8.131882931
24.99999998
24.99999995
25
25
25
25
25
25
25
25
25
25
25
25
25
25
25
25
25
25
0.4000000185
0.4
0.4
0.4
0.4
0.4
0.4
0.4
0.4
0.4
0.4
0.4000000001
0.4000000003
0.4000000008
0.4000000014
0.4000000008
0.400000003
0.4000000692
1.095802588
21.52167681
24.99999984
24.99999997
25
25
25
25
25
25
25
25
25
25
25
25
25
25
25
25
25
25
0.4000000185
0.4
0.4
0.4
0.4
0.4
0.4
0.4
0.4
0.4
0.4000000001
0.4000000002
0.4000000005
0.400000001
0.4000000008
0.4000000006
0.4000000005
0.4000001316
1.945641152
24.96597219
24.9999999
24.99999995
25
25
25
25
25
25
25
25
25
25
25
25
25
25
25
25
25
25
0.4000000185
0.4
0.4
0.4
0.4
0.4
0.4
0.4
0.4000000001
0.4000000002
0.4000000003
0.4000000004
0.4000000008
0.4000000011
0.4000000005
0.4000000005
0.4000000004
0.4000000002
1.782559764
24.68751911
24.9999999
24.99999991
25
25
25
25
25
25
25
25
25
25
25
25
25
25
25
25
25
25
0.4000000185
0.4
0.4
0.4
0.4
0.4
0.4
0.4
0.4000000006
0.4000000005
0.4000000006
0.4000000007
0.4000000009
0.4000000007
0.4000000004
0.4000000004
0.4000000004
0.4000000002
4.2684544
25
24.99999996
24.99999991
25
25
25
25
25
25
25
25
25
25
25
25
25
25
25
25
25
25
0.4000000185
0.4
0.4
0.4
0.4
0.4
0.4
0.4
0.4000000008
0.4000000007
0.4000000007
0.4000000008
0.4000000007
0.4000000004
0.4000000003
0.4000000002
0.4000000003
0.4000000001
12.97162904
24.6294151
24.99999991
24.99999993
25
25
25
25
25
25
25
25
25
25
25
25
25
25
25
25
25
25
0.4000000184
0.4
0.4
0.4
0.4
0.4
0.4
0.4
0.4000000002
0.4000000005
0.4000000006
0.4000000005
0.4000000003
0.4000000002
0.4000000002
0.4000000002
0.4000000002
0.7653990228
21.9981192
24.99999993
24.99999983
25
25
25
25
25
25
25
25
25
25
25
25
25
25
25
25
25
25
25
0.4000000184
0.4
0.4
0.4
0.4
0.4
0.4
0.4
0.4
0.4000000001
0.4000000002
0.4000000001
0.4000000001
0.4000000001
0.4000000001
0.4000000002
0.4000000002
6.688381632
14.51838121
24.99999994
25
25
25
25
25
25
25
25
25
25
25
25
25
25
25
25
25
25
25
25
0.4000000183
0.4
0.4
0.4
0.4
0.4
0.4
0.4
0.4
0.4
0.4
0.4
0.4
0.4
0.4000000002
0.4000000002
0.4000000001
0.756710197
4.354292548
24.99999995
25
25
25
25
25
25
25
25
25
25
25
25
25
25
25
25
25
25
25
25
0.4000000182
0.4
0.4
0.4
0.4
0.4
0.4
0.4
0.4
0.4373292642
0.4050658424
0.4
0.4
0.4
0.4000000001
0.4000000002
0.4000000002
0.4000000001
3.291638414
24.99999994
25
25
25
25
25
25
25
25
25
25
25
25
25
25
25
25
25
25
25
25
0.4000000181
0.4
0.4
0.4
0.4
0.4
0.4
0.4
0.4
1.950713327
0.4
0.400000046
0.4000000001
0.4
0.4000000001
0.4000000001
0.4000000002
0.4000000003
2.674622815
25
25
25
25
25
25
25
25
25
25
25
25
25
25
25
25
25
25
25
25
25
0.400000018
0.4
0.4
0.4
0.4
0.4
0.4
0.4
0.4
0.4
0.4000928365
0.4000000041
0.4000000077
0.4
0.4000000001
0.4000000001
0.4000000002
0.4000000003
2.302584777
24.99999999
25
25
25
25
25
25
25
25
25
25
25
25
25
25
25
25
25
25
25
25
0.4000000179
0.4
0.4
0.4
0.4
0.4
0.4
0.4
0.4
0.4
0.4000002211
0.4000001647
0.4000001803
0.4000001919
0.4000000018
0.4000000003
0.4000000003
0.4000000004
1.676255782
24.99999996
25
25
25
25
25
25
25
25
25
25
25
25
25
25
25
25
25
25
25
25
0.4000000178
0.4
0.4
0.4
0.4
0.4
0.4
0.4
0.4
0.4
0.4000000013
0.4
0.4000001281
0.4000000636
0.4000000001
0.4000000004
0.4000000004
0.4000000005
2.751047506
24.99999984
25
25
25
25
25
25
25
25
25
25
25
25
25
25
25
25
25
25
25
25
0.4000000177
0.4
0.4
0.4
0.4
0.4
0.4
0.4
0.4
0.4
0.4
0.4000000001
0.4000000001
0.4000001061
0.4000000035
0.4000000003
0.4000000004
0.4859204341
19.07568408
24.99999982
25
25
25
25
25
25
25
25
25
25
25
25
25
25
25
25
25
25
25
25
0.4000000175
0.4
0.4
0.4
0.4
0.4
0.4
0.4
0.4
0.4
0.4000000001
0.4000000003
0.4000000006
0.4000000042
0.4000000004
0.4010990588
0.4000000004
0.4730050522
20.53297706
24.99999984
24.99999976
25
25
25
25
25
25
25
25
25
25
25
25
25
25
25
25
25
25
25
0.4000000174
0.4
0.4
0.4
0.4
0.4
0.4
0.4
0.4
0.4
0.4000000001
0.4000000004
0.4000000008
0.4000000012
0.4000000006
0.4000000001
0.4000000003
0.4000000002
0.6553399499
21.87442232
24.99999999
25
25
25
25
25
25
25
25
25
25
25
25
25
25
25
25
25
25
25
0.4000000173
0.4
0.4
0.4
0.4
0.4
0.4
0.4
0.4
0.4
0.4000000002
0.4000000004
0.4000000009
0.4000000012
0.4000000009
0.4000000004
0.4000000008
0.4000000017
0.4000000016
15.95349998
24.9999997
25
25
25
25
25
25
25
25
25
25
25
25
25
25
25
25
25
25
25
0.4000000172
0.4
0.4
0.4
0.4
0.4
0.4
0.4
0.4
0.4000000001
0.4000000003
0.4000000009
0.4000000015
0.4000000017
0.4000000014
0.4000000011
0.4000000025
0.4000000043
0.4000000014
18.91190089
25
25
25
25
25
25
25
25
25
25
25
25
25
25
25
25
25
25
25
25
0.4000000171
0.4
0.4
0.4
0.4
0.4
0.4
0.4
0.4
0.4000000001
0.4000000005
0.4000000014
0.400000002
0.4000000017
0.4000000009
0.4000000011
0.4000000033
0.4000000032
5.792021496
24.7288723
24.99999995
25
25
25
25
25
25
25
25
25
25
25
25
25
25
25
25
25
25
25
0.4000000169
0.4
0.4
0.4
0.4
0.4
0.4
0.4
0.4
0.4000000002
0.4000000007
0.400000002
0.4000000023
0.4000000011
0.4000000002
0.7340458047
8.180040028
16.44769469
24.30277953
24.99999984
25
25
25
25
25
25
25
25
25
25
25
25
25
25
25
25
25
25
25
25
0.4000000168
0.4
0.4
0.4
0.4
0.4
0.4
0.4
0.4
0.4000000002
0.4000000009
0.4000000024
0.4000000028
0.4000000002
10.60950188
21.12100137
25
24.99999992
24.99999992
25
25
25
25
25
25
25
25
25
25
25
25
25
25
25
25
25
25
25
25
25
0.4000000167
0.4
0.4
0.4
0.4
0.4
0.4
0.4
0.4
0.4000000003
0.4000000012
0.4000000028
0.4000000027
3.496284516
24.98267194
24.99999991
24.99999986
24.99999978
25
25
25
25
25
25
25
25
25
25
25
25
25
25
25
25
25
25
25
25
25
25
0.4000000166
0.4
0.4
0.4
0.4
0.4
0.4
0.4
0.4
0.4000000003
0.4000000014
0.4000000031
0.4000000039
0.8218437826
12.18656064
24.52145189
25
24.99999962
25
25
25
25
25
25
25
25
25
25
25
25
25
25
25
25
25
25
25
25
25
25
0.4000000164
0.4
0.4
0.4
0.4
0.4
0.4
0.4
0.4
0.4000000003
0.4000000015
0.4000000035
0.4000000045
0.4000000038
0.4000000013
6.541389226
22.64094702
24.99999832
25
25
25
25
25
25
25
25
25
25
25
25
25
25
25
25
25
25
25
25
25
25
0.4000000163
0.4
0.4
0.4
0.4
0.4
0.4
0.4
0.4
0.4000000003
0.4000000015
0.400000004
0.4000000057
0.400000005
0.4000000026
0.4000000004
12.82913187
24.9999999
25
25
25
25
25
25
25
25
25
25
25
25
25
25
25
25
25
25
25
25
25
25
0.4000000162
0.4
0.4
0.4
0.4
0.4
0.4
0.4
0.4000000001
0.4000000004
0.4000000016
0.4000000051
0.4000000078
0.4000000059
0.4000000041
0.4000000011
10.37299502
24.99999966
25
25
25
25
25
25
25
25
25
25
25
25
25
25
25
25
25
25
25
25
25
25
0.4000000161
0.4
0.4
0.4
0.4
0.4
0.4
0.4
0.4000000001
0.4000000005
0.4000000024
0.4000000066
0.4000000082
0.4000000064
0.4000000049
0.4000000018
11.31337312
24.99999991
25
25
25
25
25
25
25
25
25
25
25
25
25
25
25
25
25
25
25
25
25
25
0.400000016
0.4
0.4
0.4
0.4
0.4
0.4
0.4
0.4000000001
0.4000000007
0.4000000028
0.4000000064
0.4000000074
0.400000006
0.4000000043
0.4000000017
16.93666438
25
25
25
25
25
25
25
25
25
25
25
25
25
25
25
25
25
25
25
25
25
25
25
0.4000000159
0.4
0.4
0.4
0.4
0.4
0.4
0.4
0.4000000002
0.4000000009
0.4000000026
0.4000000058
0.4000000069
0.4000000051
0.4000000031
2.363141296
24.35051508
24.99999996
25
25
25
25
25
25
25
25
25
25
25
25
25
25
25
25
25
25
25
25
25
25
0.4000000158
0.4
0.4
0.4
0.4
0.4
0.4
0.4
0.4000000004
0.4000000014
0.4000000026
0.400000005
0.4000000071
0.400000006
0.4000000038
6.315940354
25
24.99999987
25
25
25
25
25
25
25
25
25
25
25
25
25
25
25
25
25
25
25
25
25
25
0.4000000157
0.4
0.4
0.4
0.4
0.4
0.4
0.4
0.4000000008
0.4000000026
0.4000000039
0.4000000048
0.4000000069
0.4000000072
0.4000000061
1.687804014
23.94794269
24.99999978
25
25
25
25
25
25
25
25
25
25
25
25
25
25
25
25
25
25
25
25
25
25
0.4000000157
0.4
0.4
0.4
0.4
0.4
0.4
0.4
0.4000000013
0.4000000046
0.4000000062
0.4000000063
0.4000000068
0.4000000077
0.4000000076
0.400000043
20.7793711
24.99999977
25
25
25
25
25
25
25
25
25
25
25
25
25
25
25
25
25
25
25
25
25
25
0.4000000156
0.4
0.4
0.4
0.4
0.4
0.4
0.4
0.4000000013
0.4000000056
0.4000000088
0.4000000087
0.4000000077
0.4000000081
0.4000000081
0.4000000334
19.97653509
24.99999986
25
25
25
25
25
25
25
25
25
25
25
25
25
25
25
25
25
25
25
25
25
25
0.4000000155
0.4
0.4
0.4
0.4
0.4
0.4
0.4
0.400000001
0.4000000057
0.4000000109
0.4000000111
0.4000000091
0.4000000088
0.4000000085
0.4000000167
20.03907327
24.99999988
25
25
25
25
25
25
25
25
25
25
25
25
25
25
25
25
25
25
25
25
25
25
0.4000000155
0.4
0.4
0.4
0.4
0.4
0.4
0.4
0.4000000007
0.4000000041
0.4000000103
0.400000012
0.4000000102
0.4000000094
0.4000000088
0.4000000077
19.72253785
24.99999999
25
25
25
25
25
25
25
25
25
25
25
25
25
25
25
25
25
25
25
25
25
25
0.4000000154
0.4
0.4
0.4
0.4
0.4
0.4
0.4
0.4000000005
0.4000000037
0.4000000092
0.4000000113
0.4000000109
0.4000000099
0.400000009
0.4000000031
21.98963316
24.99999988
25
25
25
25
25
25
25
25
25
25
25
25
25
25
25
25
25
25
25
25
25
25
0.4000000154
0.4
0.4
0.4
0.4
0.4
0.4
0.4
0.4000000044
0.4000000065
0.4000000086
0.4000000095
0.4000000102
0.4000000089
0.4000000079
0.8937229198
24.80949204
24.99999949
25
25
25
25
25
25
25
25
25
25
25
25
25
25
25
25
25
25
25
25
25
25
0.4000000154
0.4
0.4
0.4
0.4
0.4
0.4
0.4
0.4000000033
0.4000000032
0.4000000032
0.4000000038
0.4000000044
0.4000000038
0.4000000027
9.381744837
24.99999999
24.99999968
25
25
25
25
25
25
25
25
25
25
25
25
25
25
25
25
25
25
25
25
25
25
0.4000000153
0.4
0.4
0.4
0.4
0.4
0.4
0.4
2.54235075
9.873508353
7.579302681
6.773266356
7.764036001
9.729252571
17.37164666
24.36839542
24.99999994
24.99999998
25
25
25
25
25
25
25
25
25
25
25
25
25
25
25
25
25
25
25
25
25
25
0.4000000153
0.4
0.4
0.4
0.4
0.4
0.4
0.4
22.95968725
24.86240656
20.10365965
21.61955732
25
25
24.99999999
25
25
25
25
25
25
25
25
25
25
25
25
25
25
25
25
25
25
25
25
25
25
25
25
25
0.4000000153
0.4
0.4
0.4
0.4
0.4
0.4
0.4
)
;

boundaryField
{
    lowerWall
    {
        type            calculated;
        value           uniform 0;
    }
    atmosphere
    {
        type            calculated;
        value           uniform 0;
    }
    rightWall
    {
        type            empty;
    }
    leftWall
    {
        type            empty;
    }
    frontAndBack
    {
        type            calculated;
        value           uniform 0;
    }
}


// ************************************************************************* //
