/*--------------------------------*- C++ -*----------------------------------*\
| =========                 |                                                 |
| \\      /  F ield         | OpenFOAM: The Open Source CFD Toolbox           |
|  \\    /   O peration     | Version:  2506                                  |
|   \\  /    A nd           | Website:  www.openfoam.com                      |
|    \\/     M anipulation  |                                                 |
\*---------------------------------------------------------------------------*/
FoamFile
{
    version     2.0;
    format      ascii;
    arch        "LSB;label=32;scalar=64";
    class       volScalarField;
    location    "0.01";
    object      p;
}
// * * * * * * * * * * * * * * * * * * * * * * * * * * * * * * * * * * * * * //

dimensions      [1 -1 -2 0 0 0 0];

internalField   nonuniform List<scalar> 
3200
(
1.470714687
2.35470083
13.70527771
632.4318847
26432.72421
24991.43085
18419.802
14229.94638
12359.28911
11269.61967
10585.47877
10099.85706
9703.895824
9341.585412
8984.300536
8617.311787
8232.914941
7827.041319
7397.622063
6943.801806
6465.548617
5963.442515
5438.543733
4892.298301
4326.463602
3743.04681
3144.253127
2532.442277
1910.092061
1279.76766
644.0954494
5.740413927
-0.06993243449
-0.0720890569
-0.07424567737
-0.07640229801
-0.07855891832
-0.08071553893
-0.08287215946
-0.08502877989
0.766062986
-0.06659661454
-0.5118872638
-9.064464619
15649.32798
5928.279049
5888.404151
12842.38043
11578.30692
10864.08763
10386.96258
10010.19897
9670.248162
9336.564552
8994.009948
8634.725213
8254.397103
7850.592899
7422.029723
6968.242321
6489.410076
5986.244278
5459.899194
4911.895317
4344.051915
3758.428314
3157.273615
2542.984327
1918.068978
1285.11848
646.7810285
5.740413926
-0.06993243673
-0.07208905695
-0.07424567785
-0.07640229817
-0.07855891846
-0.08071553902
-0.08287215952
-0.0850287799
0.008472840561
-0.1178755224
-0.7636825542
-2.078802715
6076.409234
5221.725027
5894.440008
9264.86863
10247.48507
10221.47075
10088.08931
9883.732996
9630.341006
9340.424128
9020.459343
8673.191847
8299.365785
7898.915133
7471.674827
7017.742206
6537.620064
6032.239627
5502.926152
4951.342537
4379.429163
3789.348152
3183.435027
2564.158295
1934.086276
1295.859912
652.1703341
5.740413927
-0.06993243621
-0.07208905671
-0.0742456778
-0.07640229798
-0.07855891834
-0.08071553892
-0.08287215944
-0.08502877985
0.0417192476
0.1770193539
0.5776485714
2.307515302
6.977623892
2685.723851
4747.578181
7189.812148
9055.091951
9686.222081
9860.193719
9806.307335
9626.965421
9374.339512
9074.219105
8738.22432
8370.967054
7974.036251
7548.022537
7093.442603
6611.099667
6102.179386
5568.234419
5011.130241
4432.984057
3836.109057
3222.967577
2596.133327
1958.261584
1312.065794
660.2992008
5.740413927
-0.06993243605
-0.07208905665
-0.0742456778
-0.07640229793
-0.07855891829
-0.08071553887
-0.08287215938
-0.08502877979
-0.1892256223
0.1674945675
1.267797261
2.658506878
55.96869958
20093.75838
10279.67363
7920.858636
9056.057629
9608.131273
9860.159057
9854.34232
9696.880489
9455.756583
9163.860102
8834.525921
8472.249053
8078.24821
7652.945057
7196.91521
6711.166478
6197.154374
5656.712958
5091.971158
4505.278554
3899.146074
3276.200608
2639.151058
1990.763384
1333.842458
671.2190416
5.740413927
-0.06993243613
-0.07208905664
-0.07424567781
-0.07640229793
-0.07855891828
-0.08071553886
-0.08287215935
-0.08502877975
-0.2389814667
0.4431106489
1.284407609
2.193874652
3.104669115
3270.532206
3590.004329
5858.712265
8737.54898
9830.084483
10117.97183
10054.02683
9850.463809
9587.95315
9290.945538
8963.776921
8605.262158
8213.770205
7788.602548
7330.115374
6839.505704
6318.568161
5769.501779
5194.772997
4597.022874
3979.005184
3343.545125
2693.511863
2031.800625
1361.321585
684.9935052
5.740413928
-0.06993243599
-0.07208905657
-0.07424567772
-0.07640229788
-0.07855891822
-0.0807155388
-0.08287215929
-0.0850287797
-0.1974629707
0.3248611457
0.8917360756
1.60540315
1.697295494
4358.499692
4867.781254
3660.679953
9859.474772
10856.68112
10727.62042
10393.33362
10063.00007
9754.65315
9448.198812
9124.381171
8771.260167
8382.976553
7957.588866
7495.447233
6998.181488
6468.119051
5907.961108
5320.604404
4709.043179
4076.314904
3425.470109
2759.556012
2081.608691
1394.650939
701.6938573
5.740413929
-0.06993243581
-0.07208905648
-0.07424567761
-0.07640229781
-0.07855891814
-0.08071553873
-0.08287215922
-0.08502877962
-0.3702582885
0.05769805503
0.4572405005
1.070080548
0.4804418892
14520.10663
10681.26587
14271.62564
15408.82982
13009.53614
11542.49839
10728.69129
10253.55432
9919.465939
9622.82172
9314.296109
8972.429206
8589.29689
8163.340037
7695.913618
7189.663008
6647.77315
6073.626092
5470.647117
4842.237751
4191.748796
3522.471836
2837.639677
2140.431765
1433.982786
721.3932181
5.740413929
-0.06993243561
-0.0720890564
-0.07424567748
-0.07640229773
-0.07855891805
-0.08071553864
-0.08287215913
-0.08502877953
-0.3343366307
-0.09654540021
-0.135807782
-0.01671036849
-0.7294017592
8187.992652
12286.47324
22362.07001
19151.09288
14230.10472
11704.14778
10725.38032
10303.06307
10046.83953
9809.332329
9537.559641
9214.872248
8838.452387
8410.572903
7935.215904
7416.793758
6859.692539
6268.129719
5646.12645
4997.518492
4325.977976
3635.036377
2928.10627
2208.502069
1479.460355
744.1598528
5.74041393
-0.06993243541
-0.0720890563
-0.07424567734
-0.07640229763
-0.07855891795
-0.08071553854
-0.08287215903
-0.08502877944
-0.2062979801
-0.4469473948
-1.194838647
-2.314513445
-4.012925389
2303.106719
505.0649144
294.051283
12677.97364
11551.8281
10318.61167
10165.62159
10186.4812
10155.50104
10030.11438
9811.744486
9511.055441
9139.077595
8705.295384
8217.595451
7682.614202
7106.082229
6493.080848
5848.216591
5175.737902
4479.61497
3763.59676
3031.254401
2286.016937
1531.202978
770.049821
5.740413931
-0.0699324352
-0.07208905619
-0.07424567719
-0.07640229752
-0.07855891784
-0.08071553843
-0.08287215892
-0.08502877933
0.2226973753
-1.019419003
-2.996056553
-3.611072043
-2.843957272
5.14171471
18.68820777
4.687839203
6770.050182
2607.422058
7742.745411
9432.014073
10121.74175
10358.57222
10343.88492
10168.2539
9878.533419
9501.515739
9053.94652
8547.267774
7989.995917
7388.950337
6749.902187
6077.927185
5377.607101
4653.153122
3908.487802
3147.304556
2373.115156
1589.290812
799.0994526
5.740413932
-0.06993243498
-0.07208905606
-0.07424567703
-0.0764022974
-0.07855891772
-0.0807155383
-0.0828721588
-0.08502877921
0.4789629489
-2.874859397
-9.378816681
-11.88814823
-9.824565517
-0.2585169832
14.72014767
232.3854034
13357.83976
8631.150031
8022.424102
9697.948665
10509.90237
10813.16383
10818.60426
10638.85732
10333.31316
9934.512659
9461.716873
8927.543693
8341.161532
7709.830232
7039.658082
6335.988991
5603.615412
4846.907837
4069.902474
3276.366921
2469.854139
1653.750171
831.318184
5.740413933
-0.06993243474
-0.07208905593
-0.07424567686
-0.07640229727
-0.07855891759
-0.08071553817
-0.08287215867
-0.08502877908
0.6232475108
-2.147403848
-7.213990602
-9.917065532
-3.810062733
10.58570841
13.45630313
100.3369098
6670.507854
3338.383922
9537.032253
10827.45622
11406.75911
11565.57944
11478.51525
11235.26146
10881.35272
10441.51132
9930.873555
9360.038302
8737.286046
8069.560328
7362.919071
6622.761815
5853.963139
5060.965602
4247.852932
3418.412121
2576.189012
1724.540102
866.6820865
5.740413934
-0.0699324345
-0.07208905579
-0.07424567669
-0.07640229712
-0.07855891745
-0.08071553803
-0.08287215853
-0.08502877894
0.7244519921
0.5530038825
-0.7787981022
-0.0871547108
5.846610421
14.82851233
11.1713303
22.01058185
4393.472382
5111.148021
11947.40079
12668.08926
12724.10153
12563.88571
12294.62201
11942.32555
11515.3296
11019.313
10460.23591
9844.458539
9178.392906
8468.214895
7719.704169
6938.182754
6128.515498
5295.144339
4442.137805
3573.245601
2691.953928
1801.540338
905.1280703
5.740413935
-0.06993243425
-0.07208905565
-0.07424567651
-0.07640229696
-0.07855891731
-0.08071553787
-0.08287215838
-0.08502877879
0.7497386856
2.229389544
2.47618788
3.789715995
8.99593061
15.5542956
10.75106287
74.08270424
19127.26941
20743.29337
16908.23444
15173.40422
14257.68051
13671.25154
13193.7715
12724.09645
12218.33395
11660.18246
11046.30545
10379.1737
9663.619402
8905.210014
8109.507346
7281.755788
6426.777469
5548.964738
4652.31552
3740.485448
2816.845413
1884.54039
946.5485465
5.740413936
-0.06993243399
-0.0720890555
-0.07424567632
-0.0764022968
-0.07855891715
-0.08071553771
-0.08287215823
-0.08502877863
0.8696535469
2.520970053
2.445488488
2.935563891
9.631299916
22.203858
12.78714077
19.14281928
18103.75333
18848.52245
19775.21101
16859.59549
15461.97239
14669.67837
14085.12523
13541.96168
12973.73485
12356.78532
11685.63571
10962.31632
10191.70651
9379.504779
8531.365506
7652.56071
6747.878732
5821.627588
4877.681523
3919.542862
2950.407425
1973.229584
990.7864061
5.740413937
-0.06993243371
-0.07208905536
-0.07424567613
-0.07640229662
-0.078558917
-0.08071553755
-0.08287215806
-0.08502877847
0.5345624172
1.71503509
0.548892579
-2.135287303
1.092968054
1004.525922
46.01493487
1329.936653
19224.63888
19678.5768
19228.1051
17027.86498
16060.94081
15460.37047
14935.09853
14384.90022
13777.86862
13107.59637
12377.14017
11592.75219
10761.38918
9889.741728
8983.893632
8049.246394
7090.552643
6111.990143
5117.246782
4109.604524
3092.018106
2067.188213
1037.630483
5.740413938
-0.06993243343
-0.07208905521
-0.07424567594
-0.07640229644
-0.07855891684
-0.08071553738
-0.08287215789
-0.0850287783
-0.4534529853
0.8588155513
0.7825766029
-0.610840957
-0.03967825419
10630.35661
15677.04415
1938.491671
11632.27067
5212.361448
14648.42924
15962.77805
16293.56107
16175.76557
15810.00202
15284.6806
14645.2538
13918.59857
13122.57873
12270.16394
11371.35834
10434.18245
9465.223887
8469.980917
7453.097627
6418.537043
5369.71625
4309.61695
3240.8788
2165.88043
1086.811964
5.740413939
-0.06993243314
-0.07208905506
-0.07424567574
-0.07640229626
-0.07855891667
-0.0807155372
-0.08287215771
-0.08502877813
-1.606919677
-0.2454729755
1.107111799
0.8724910793
0.4295011611
60.92921173
19212.14565
8172.38744
8685.973548
5142.450843
12714.02299
15880.85646
16974.75927
17139.12502
16844.46417
16298.5737
15599.878
14798.97162
13924.41351
12993.96683
12019.69946
11010.40824
9972.840697
8912.357583
7833.321952
6739.347055
5633.468482
4518.273869
3396.006259
2268.649649
1138.002249
5.74041394
-0.06993243286
-0.07208905491
-0.07424567554
-0.07640229607
-0.07855891651
-0.08071553702
-0.08287215752
-0.08502877795
-1.619997039
-0.6695777058
1.480030115
3.8830807
3.654771049
8.51753777
2260.405458
32750.70775
11897.23271
15118.6019
15923.50267
17871.86654
18585.49504
18561.50967
18130.16014
17465.28138
16656.72382
15753.00206
14782.1382
13761.59175
12703.06694
11614.9126
10503.37455
9373.288284
8228.487781
7072.063703
5906.540536
4734.008815
3556.229262
2374.717177
1190.81259
5.74041394
-0.0699324326
-0.07208905475
-0.07424567535
-0.07640229588
-0.07855891634
-0.08071553684
-0.08287215733
-0.08502877777
-0.5439199128
-1.618363541
-1.947182203
-3.013046251
-4.234497359
-5.74274093
-21.86745023
3242.641023
17326.58625
20808.44911
20067.44814
21095.94451
20933.83672
20391.25387
19649.3904
18775.67726
17808.74387
16774.17905
15689.54654
14567.1971
13416.067
12242.80244
11052.4569
9848.93391
8635.279271
7413.882392
6186.624618
4954.99622
3720.191304
2483.184858
1244.795732
5.740413941
-0.06993243239
-0.0720890546
-0.07424567517
-0.0764022957
-0.07855891617
-0.08071553666
-0.08287215715
-0.08502877761
-0.2894633035
-3.154987414
-5.360855652
-5.431718252
-4.929518324
-5.684166702
-11.03154534
-3.514514903
10252.30252
34573.05933
29842.98885
25509.25655
23662.67809
22420.2789
21300.47803
20179.30078
19028.40014
17845.42402
16634.67097
15401.58503
14151.20468
12887.77454
11614.71603
10334.71114
9049.814789
7761.564677
6471.082313
5179.164244
3886.361074
2593.042509
1299.449803
5.740413942
-0.06993243217
-0.07208905445
-0.07424567499
-0.07640229551
-0.07855891599
-0.08071553647
-0.08287215695
-0.08502877745
-0.5749193144
-2.772232469
-4.188485484
-4.811035124
-4.971503118
-5.404672085
-6.681867678
-4.030442726
852.5241266
32557.4529
29409.73896
27435.28155
25787.35606
24326.70772
22952.94785
21612.654
20280.13423
18944.44384
17602.12642
16253.26942
14899.39561
13542.37636
12183.92094
10825.38017
9467.706244
8111.481894
6756.97817
5404.22072
4053.051701
2703.180757
1354.224695
5.740413942
-0.06993243194
-0.0720890543
-0.07424567482
-0.07640229532
-0.07855891581
-0.08071553629
-0.08287215677
-0.08502877728
-0.9379600349
-2.029881796
-3.025036506
-3.57516687
-3.805036656
-4.099449856
-4.517374021
-3.74897264
61.15321863
29983.90183
28829.96997
29034.63666
27724.7668
26146.25638
24571.95833
23038.2394
21535.04135
20050.08871
18576.1192
17109.97209
15650.73487
14198.41522
12753.21097
11315.18388
9884.151608
8459.681816
7041.130064
5627.691442
4218.44877
2812.409494
1408.531194
5.740413943
-0.06993243171
-0.07208905416
-0.07424567463
-0.07640229513
-0.07855891564
-0.08071553612
-0.08287215658
-0.08502877711
-0.898799779
-1.544925373
-2.183900449
-2.667831423
-2.984731662
-3.301184627
-3.45118447
-3.669771229
-1.713828392
32120.52113
34704.89554
32148.71136
29930.82189
27961.59943
26150.39627
24433.30961
22771.70493
21144.74906
19542.28688
17959.76441
16395.1571
14847.33776
13315.32328
11797.99543
10294.03952
8801.968086
7320.171412
5846.968511
4380.646099
2919.481582
1461.75281
5.740413943
-0.06993243145
-0.07208905403
-0.07424567443
-0.07640229494
-0.07855891548
-0.08071553595
-0.0828721564
-0.08502877694
-0.7644813931
-1.220082019
-1.670773606
-2.064380346
-2.35450686
-2.732765338
-2.858126794
-3.324994441
566.8203732
35266.7085
40337.04976
34924.27522
31888.2077
29618.92812
27634.72425
25772.9034
23973.72064
22214.91448
20488.51351
18791.64051
17122.78948
15480.45184
13862.74712
12267.43785
10692.04856
9133.984336
7590.621485
6059.366868
4537.688278
3023.121234
1513.259976
5.740413944
-0.06993243117
-0.0720890539
-0.07424567424
-0.07640229475
-0.07855891532
-0.08071553579
-0.08287215623
-0.08502877677
-0.6080988064
-0.9524792689
-1.281449823
-1.591620942
-1.807516243
-2.236687768
-2.075238824
-3.42140703
2503.474394
35607.74257
37592.72006
35323.02916
33078.7986
30991.18391
28996.67479
27049.8652
25135.36518
23252.67591
21405.21304
19595.49527
17823.90588
16088.92765
14387.77266
12716.9629
11072.73812
9451.303681
7848.965318
6262.190258
4687.620702
3122.057415
1562.42673
5.740413945
-0.0699324309
-0.07208905376
-0.07424567405
-0.07640229458
-0.07855891517
-0.08071553563
-0.08287215606
-0.08502877661
-0.4710764185
-0.7388716086
-0.9894290195
-1.214839636
-1.358862103
-1.624803199
-1.257203445
-3.169636681
3721.961989
36393.068
36433.63032
35696.37021
34112.76885
32270.33644
30310.93568
28294.52034
26265.2043
24255.21641
22284.17141
20361.22506
18488.41037
16663.57628
14882.45164
13139.90681
11430.64338
9749.531247
8091.747397
6452.808603
4828.547879
3215.062519
1608.649925
5.740413945
-0.06993243064
-0.07208905363
-0.07424567387
-0.07640229441
-0.07855891503
-0.08071553547
-0.08287215591
-0.08502877646
-0.3600824119
-0.5671500156
-0.7585381265
-0.9057652935
-1.039077013
-1.022191632
-0.859419401
-3.261240855
4134.108301
38037.50202
38608.57359
36916.09725
35405.56959
33666.45435
31682.21373
29552.07809
27375.71496
25218.82014
23115.03894
21076.82784
19104.93253
17194.51107
15338.55
13529.57358
11760.40324
10024.43429
8315.685436
6628.748875
4958.700218
3300.995896
1651.370669
5.740413946
-0.0699324304
-0.07208905351
-0.0742456737
-0.07640229425
-0.07855891489
-0.08071553532
-0.08287215576
-0.08502877632
-0.2776656655
-0.4393842848
-0.590974163
-0.6628899304
-0.8077843822
-0.6070841046
-1.166431992
-3.663904167
2240.792702
39568.72802
38210.93104
37953.83148
36926.94362
35307.70372
33199.3862
30855.86492
28466.75352
26129.30922
23880.34218
21726.11909
19659.97854
17670.98119
15747.66345
13879.43855
12056.96685
10272.12003
8517.811547
6787.800896
5076.508525
3378.851076
1690.097176
5.740413946
-0.06993243017
-0.07208905338
-0.07424567354
-0.07640229411
-0.07855891477
-0.08071553518
-0.08287215563
-0.08502877618
-0.2222325963
-0.3566322639
-0.4899795335
-0.542826214
-0.700197683
-0.610462282
-1.752960756
-3.4560813
157.053547
9818.154654
37620.15595
39754.3911
39040.66416
37438.04217
34951.76319
32205.23484
29506.1254
26951.328
24550.91107
22287.3326
20137.87934
18081.76857
16101.6848
14183.55449
12315.90969
10489.26918
8695.639575
6928.134126
5180.682269
3447.803776
1724.427571
5.740413947
-0.06993242995
-0.07208905326
-0.07424567338
-0.07640229398
-0.07855891465
-0.08071553506
-0.0828721555
-0.08502877606
-0.1881834952
-0.3109825376
-0.437225782
-0.5451911746
-0.7353653843
-0.9534512706
-1.69988754
-3.486556046
-2.284616344
2.561304652
20951.15366
42443.65449
42040.89341
40452.03667
36964.40173
33507.1776
30401.17951
27618.97276
25084.65091
22734.42421
20522.43525
18416.52674
16393.75406
14437.18856
12533.85107
10673.40802
8847.342655
7048.413226
5270.28323
3507.255585
1754.070252
5.740413947
-0.06993242975
-0.07208905316
-0.07424567324
-0.07640229386
-0.07855891454
-0.08071553494
-0.08287215539
-0.08502877594
-0.1724814614
-0.2905322461
-0.4123075848
-0.5267299675
-0.6902468917
-0.8197850598
-0.9441188026
-1.542017741
-2.013731221
-0.7301038195
7381.244349
40405.47374
41396.02313
45364.01286
38946.62999
34457.88796
30972.44173
28038.74022
25434.30356
23043.27962
20800.90816
18668.14767
16619.61768
14637.59722
12708.89926
10823.16854
8971.90848
7147.892311
5344.782583
3556.866678
1778.858831
5.740413948
-0.06993242957
-0.07208905306
-0.0742456731
-0.07640229376
-0.07855891444
-0.08071553483
-0.08287215529
-0.08502877584
-0.1602028961
-0.2554031232
-0.3420076848
-0.4071306977
-0.457136715
-0.4345462887
-0.3985382414
-0.5390394842
-6.679685004
-11.59085208
3051.279453
43902.60975
42693.97143
46696.3733
39000.17152
34405.28276
30991.96279
28129.25142
25570.54936
23203.4826
20969.76791
18835.53754
16778.97313
14784.68463
12840.97985
10938.45668
9069.228556
7226.464173
5404.088693
3596.571056
1798.758929
5.740413948
-0.0699324294
-0.07208905297
-0.07424567298
-0.07640229367
-0.07855891435
-0.08071553473
-0.0828721552
-0.08502877575
-0.1553491485
-0.2468209016
-0.3372259672
-0.4303904264
-0.5799183588
-0.705988749
-1.379639159
-1.225734128
-7.208327311
-7.59252006
-9.138509077
10664.59666
38760.99824
38030.87468
35952.21113
33171.093
30460.88029
27915.76059
25515.16318
23230.33255
21039.1418
18925.26148
16876.05353
14881.18827
12931.8772
11020.44725
9140.082668
7284.646021
5448.536976
3626.570405
1813.865328
5.740413948
-0.06993242925
-0.07208905289
-0.07424567287
-0.07640229359
-0.07855891427
-0.08071553465
-0.08287215512
-0.08502877567
-0.157875848
-0.2337753101
-0.3053623628
-0.3710949629
-0.4439100409
-0.4136805765
-0.5459859792
-0.2250503139
-0.675890321
-0.04946889886
1.295760848
2519.278041
35951.38813
34237.0679
33606.72138
31866.00195
29764.71039
27557.75211
25344.01116
23163.54122
21031.20442
18950.31335
16918.79145
14932.13667
12984.8911
11071.36973
9186.006653
7323.498935
5478.842035
3647.307454
1824.390108
5.740413949
-0.06993242912
-0.07208905283
-0.07424567278
-0.07640229352
-0.0785589142
-0.08071553458
-0.08287215505
-0.0850287756
-0.1617145653
-0.2201063613
-0.2631144826
-0.2818151387
-0.2806417968
-0.1918573949
-0.239414537
0.1188996695
-0.1447740634
0.5455413933
2.290135302
153.250189
32774.10455
34199.74955
32371.69438
30921.49184
29174.21117
27206.52812
25139.5875
23048.61549
20971.82092
18925.99619
16916.66175
14943.67417
13004.17842
11094.13164
9209.073629
7344.499853
5496.023454
3659.425241
1830.644658
5.740413949
-0.06993242901
-0.07208905277
-0.0742456727
-0.07640229347
-0.07855891415
-0.08071553452
-0.082872155
-0.08502877555
-0.1769687519
-0.2271659487
-0.2610899846
-0.2722347904
-0.2581203725
-0.1476032106
-0.05793328271
0.3643076976
0.6626291426
1.624848271
2.220049426
3.393061181
21820.65605
28370.38668
30758.61205
30274.0626
28804.11638
26954.56169
24959.19384
22919.51132
20881.46731
18865.18835
16878.18394
14921.71775
12994.01457
11091.9032
9211.655579
7349.402783
5501.325311
3663.722785
1833.020025
5.740413949
-0.06993242892
-0.07208905274
-0.07424567263
-0.07640229343
-0.07855891411
-0.08071553448
-0.08287215496
-0.08502877551
-0.2027887451
-0.2491518575
-0.2719839889
-0.2578152908
-0.2042076675
-0.03333319025
0.03914671604
0.4964494295
0.6462775218
1.735841654
2.014718714
15.6453586
29239.91805
32582.36136
32018.43793
30612.03119
28813.63066
26848.40791
24823.11371
22788.76792
20769.34812
18775.10482
16809.16587
14870.9958
12958.25668
11067.80976
9196.242467
7340.130379
5496.151274
3661.118268
1831.970214
5.74041395
-0.06993242885
-0.07208905271
-0.07424567259
-0.0764022934
-0.07855891408
-0.08071553445
-0.08287215494
-0.08502877548
-0.2495253474
-0.3038329879
-0.3358714572
-0.3342166928
-0.3017406332
-0.2011826006
-0.1091356156
0.3453573842
0.5205671752
1.692598749
1.851317124
3780.5266
36533.93859
38186.16241
34120.82785
31341.99471
28989.96693
26802.32479
24696.08424
22643.09777
20632.05132
18656.71506
16712.37619
14794.83983
12900.20381
11024.83482
9165.373514
7318.725
5482.030674
3652.627494
1828.001654
5.74041395
-0.06993242882
-0.0720890527
-0.07424567256
-0.07640229339
-0.07855891406
-0.08071553444
-0.08287215492
-0.08502877547
-0.322915328
-0.3988498753
-0.4502455997
-0.4569766681
-0.4246774789
-0.3356319723
-0.3200622195
0.01771484695
0.1056046503
0.4564942384
32.44217558
28812.69886
36886.51046
39629.06424
34936.57482
31645.15035
29001.91661
26674.83921
24515.80002
22455.48681
20459.04308
18507.32599
16588.78149
14695.78045
12822.88045
10965.94908
9121.689738
7287.364588
5460.618589
3639.359255
1821.669553
5.74041395
-0.0699324288
-0.0720890527
-0.07424567256
-0.07640229339
-0.07855891406
-0.08071553444
-0.08287215492
-0.08502877547
-0.42024148
-0.5472729855
-0.6406533153
-0.657415047
-0.6633766756
-0.7242982779
-0.675140981
-0.6587435777
-0.7097075134
-0.8230766232
147.5265488
37856.2446
36893.59873
38062.10091
34351.28296
31300.10749
28697.70906
26379.31491
24236.78958
22204.00598
20241.30771
18324.76385
16439.64263
14576.61848
12729.58553
10894.38736
9068.068198
7248.422883
5433.719282
3622.52227
1813.579022
5.74041395
-0.06993242882
-0.07208905272
-0.07424567257
-0.07640229341
-0.07855891408
-0.08071553445
-0.08287215494
-0.08502877548
-0.585623033
-0.8264237719
-0.9693496423
-1.011556855
-1.040636305
-1.184556151
-1.168561238
-0.8256213339
-0.7243618918
-1.006986121
112.6290614
34846.12725
36274.63514
35631.2219
33106.3114
30506.28305
28109.49637
25907.92151
23848.03726
21882.43977
19977.4185
18110.78067
16268.40906
14441.46697
12624.45514
10813.94335
9007.768583
7204.536392
5403.312638
3603.433181
1804.386537
5.740413949
-0.06993242886
-0.07208905275
-0.07424567261
-0.07640229343
-0.07855891411
-0.08071553448
-0.08287215496
-0.08502877551
-0.4875609289
-1.050639991
-1.362621214
-1.467228633
-1.49405675
-1.560835694
-1.442349588
-1.029983744
-0.763456806
-1.015750109
858.9738398
34864.54337
35985.6189
34949.48062
31936.48743
29509.21751
27326.07073
25294.83635
23364.9969
21500.29608
19675.14572
17872.53324
16081.75024
14296.38994
12512.82697
10729.16083
8944.522602
7158.638162
5371.560983
3583.513443
1794.796344
5.740413949
-0.06993242893
-0.07208905279
-0.07424567266
-0.07640229347
-0.07855891415
-0.08071553452
-0.082872155
-0.08502877555
-0.2347432766
-0.8454041547
-1.551321651
-1.929205309
-1.948960822
-1.811279065
-1.478371457
-1.152927776
-0.8277995358
-0.8043311646
9286.656476
30920.40006
35800.2171
31770.39379
30180.95803
28268.03038
26390.73017
24580.35306
22816.81409
21078.59753
19350.33121
17622.45487
15889.6713
14149.52073
12401.30594
10645.35054
8882.519897
7113.929592
5340.779119
3564.265576
1785.547543
5.740413948
-0.06993242903
-0.07208905284
-0.07424567273
-0.07640229353
-0.0785589142
-0.08071553457
-0.08287215506
-0.0850287756
0.3190397493
-0.3784946864
-2.136069624
-2.735074172
-2.496094238
-1.944466989
-1.402667428
-1.223410914
-0.6217732929
5.836297777
28048.93149
33332.09772
35894.13882
31103.71194
28748.98103
26991.22577
25388.46248
23819.02673
22243.30356
20646.94187
19025.11839
17377.27657
15704.95713
14010.71845
12297.52914
10568.4164
8826.274747
7073.778638
5313.360023
3547.224443
1777.389923
5.740413947
-0.06993242915
-0.07208905291
-0.07424567282
-0.07640229359
-0.07855891427
-0.08071553464
-0.08287215512
-0.08502877567
0.9745882319
-0.1248309075
-4.188675157
-4.21850447
-3.044473638
-1.934337061
-1.319564102
-2.879650591
-2.697040722
2818.504717
11936.34823
30662.43082
29519.81835
27957.08116
26720.01249
25559.4263
24352.86371
23063.98481
21690.43002
20240.74457
18725.91589
17156.56579
15542.15593
13890.86636
12209.67809
10504.51225
8780.38274
7041.548456
5291.658104
3533.884494
1771.049052
5.740413946
-0.0699324293
-0.07208905299
-0.07424567293
-0.07640229367
-0.07855891435
-0.08071553472
-0.0828721552
-0.08502877575
3.796132211
2.65703627
-8.189838907
-6.682325827
-3.802532999
-1.720393287
-0.2533788071
-0.978161786
-0.214240223
13.12263626
1020.958481
17805.28196
23054.62112
24484.78261
24614.56271
24173.60255
23399.58106
22393.6212
21213.69467
19899.69728
18481.23371
16980.90693
15416.22719
13800.91046
12145.8054
10459.57236
8749.194562
7020.3733
5277.840177
3525.608693
1767.183098
5.740413946
-0.06993242946
-0.07208905308
-0.07424567305
-0.07640229376
-0.07855891444
-0.08071553482
-0.08287215529
-0.08502877584
12.84331555
5.788370316
-41.97692239
-10.67368596
-4.460732448
-1.343395031
0.7590540774
1.460997325
2.117046167
5.846650704
406.3385259
16769.73189
20403.29804
22312.86795
23079.85301
23120.84112
22678.23686
21897.2273
20871.04218
19663.13084
18318.42071
16869.59703
15340.9289
13750.73928
12113.05992
10438.77681
8736.448637
7012.909159
5273.721552
3523.529282
1766.336007
5.740413945
-0.06993242963
-0.07208905318
-0.07424567319
-0.07640229387
-0.07855891455
-0.08071553492
-0.08287215539
-0.08502877594
4.82667025
279.4598008
-15.0173846
1.428272908
-3.248169343
-0.52645767
1.419205985
2.568677723
3.080992031
5.219560799
272.3629711
17048.5375
19475.05488
21283.53638
22271.13701
22551.66833
22295.28608
21645.9991
20710.11905
19563.37431
18259.72748
16838.12937
15327.1468
13748.05425
12116.9168
10446.02528
8744.912536
7021.092294
5280.608526
3528.453042
1768.892977
5.740413944
-0.06993242982
-0.07208905329
-0.07424567333
-0.07640229398
-0.07855891466
-0.08071553504
-0.0828721555
-0.08502877605
0.0822743059
-5.207182658
5.814704063
4.501555704
2.621843069
1.84439836
2.762423763
3.798663877
4.662190107
7.513745177
190.927371
17025.90121
19166.21455
21075.07918
22169.47881
22519.3991
22305.21173
21681.33827
20760.0535
19620.525
18318.98884
16896.04387
15381.47035
13797.41135
12160.52673
10483.49411
8776.08264
7045.938283
5299.168207
3540.783486
1775.044118
5.740413943
-0.06993243002
-0.07208905341
-0.07424567348
-0.07640229411
-0.07855891478
-0.08071553516
-0.08287215562
-0.08502877617
0.140997457
0.8407577014
2.171509929
2.309213707
2.880511723
3.063626777
4.059013413
5.001422785
7.18181459
11.14403132
80.87120593
14519.48661
19090.34004
21681.07666
22812.29077
23051.243
22724.80684
22014.07224
21028.22683
19839.6873
18499.66037
17045.58368
15505.27502
13899.59156
12244.28397
10551.34128
8829.984696
7087.409627
5329.343658
3560.470707
1784.76122
5.740413943
-0.06993243024
-0.07208905354
-0.07424567365
-0.07640229424
-0.07855891491
-0.0807155353
-0.08287215575
-0.0850287763
-0.2409105398
-0.8022919462
0.6506599355
1.317905441
2.159522668
3.583850647
4.487924603
5.754689071
10.4336058
16.56656533
235.4513299
11072.52124
20996.06711
23746.59796
24347.39747
24148.51243
23528.69757
22621.91182
21499.09312
20210.33962
18794.38077
17281.3503
15694.44879
14051.39273
12365.67544
10647.60196
8905.104631
7144.371847
5370.327431
3586.996677
1797.791283
5.740413942
-0.06993243047
-0.07208905368
-0.07424567382
-0.07640229439
-0.07855891504
-0.08071553544
-0.08287215589
-0.08502877644
-0.3420278569
-0.1161404761
0.4534795012
1.492833502
2.105235964
3.788447472
4.857175043
6.295140651
9.372221247
11.42724493
15885.1027
32355.54852
30074.71163
27961.87552
26682.22101
25666.71525
24619.54592
23445.77978
22135.89506
20708.19893
19186.17116
17590.98236
15939.77099
14245.85159
12519.42205
10768.28612
8998.459631
7214.64598
5420.599131
3619.399633
1813.668527
5.740413942
-0.0699324307
-0.07208905382
-0.074245674
-0.07640229454
-0.07855891519
-0.08071553559
-0.08287215604
-0.08502877659
-0.372519651
0.03429414121
0.5218945453
1.492278368
2.361499961
3.968656733
4.227611612
2.987812643
5.598101111
-28.0877783
24391.35417
42904.04577
38600.98135
31343.92637
28752.91652
27216.57819
25836.98417
24405.76422
22890.51387
21300.39455
19651.12215
17956.63171
16227.79502
14472.81682
12697.87372
10907.66029
9105.80143
7295.153787
5478.025288
3656.336686
1831.744559
5.740413941
-0.06993243095
-0.07208905396
-0.07424567418
-0.07640229471
-0.07855891534
-0.08071553575
-0.0828721562
-0.08502877675
-0.4693359406
-0.1493616169
0.2259236481
0.9970534105
1.993346458
3.291671458
4.311289437
3.888175069
3.60716045
-16.87788656
12.6968608
26255.14572
27740.33569
30059.53336
29768.97493
28609.68864
27106.04794
25449.77558
23720.00343
21951.74709
20161.29116
18356.62253
16541.95487
14719.74351
12891.59431
11058.67918
9221.931581
7382.143043
5540.013538
3696.179889
1851.234453
5.740413941
-0.06993243121
-0.07208905411
-0.07424567437
-0.07640229488
-0.07855891549
-0.08071553592
-0.08287215636
-0.08502877691
-0.6033695212
-0.5153181553
-0.3187433469
0.2807857997
1.404337992
2.988257135
5.581902555
5.125182538
2.63726302
-7.272113305
0.2460130462
15119.15601
26731.16386
31384.28184
31653.77794
30347.14572
28527.74022
26567.28398
24587.97816
22625.30199
20685.67181
18766.60715
16863.65295
14972.6048
13090.07933
11213.5295
9341.102079
7471.473917
5603.708071
3737.137612
1871.274832
5.74041394
-0.06993243148
-0.07208905425
-0.07424567456
-0.07640229506
-0.07855891565
-0.08071553609
-0.08287215653
-0.08502877708
-0.7551545448
-1.075232403
-1.295891145
-1.170178078
-0.6447735267
1.113020085
8.609309581
6.060375279
4.785713164
3.038492254
1.455096203
27137.94811
36063.44258
37093.80866
35114.71194
32597.3797
30090.48057
27703.63796
25439.3232
23275.81167
21189.48361
19160.47496
17173.43931
15216.94003
13282.58671
11364.25584
9457.472436
7558.943116
5666.209458
3777.39045
1890.988726
5.74041394
-0.06993243175
-0.0720890544
-0.07424567476
-0.07640229524
-0.07855891581
-0.08071553626
-0.08287215671
-0.08502877725
-0.9208825452
-1.809634854
-2.657372024
-3.291175807
-3.964382793
-3.903911935
20.63338274
6.568555051
2.230198662
-7.90643211
3563.608891
57395.15337
60143.57356
45814.8257
39113.8868
34837.18663
31533.16442
28717.46492
26189.86833
23849.13847
21635.97149
19512.36294
17452.68372
15439.12566
13459.06891
11503.43242
9565.587452
7640.617239
5724.798475
3815.228792
1909.551023
5.74041394
-0.06993243201
-0.07208905455
-0.07424567495
-0.07640229543
-0.07855891597
-0.08071553643
-0.0828721569
-0.08502877742
-1.09043611
-2.657579645
-4.379372404
-5.602167681
-4.635336564
-17.42772235
7.115047226
3.426769922
5547.998455
25863.68957
67476.17155
62332.05378
55351.95442
46907.84334
40688.83197
36104.31892
32487.52403
29443.19085
26753.54954
24294.90072
21992.89484
19800.31472
17685.80159
15627.80594
13611.12725
11624.81438
9660.826114
7713.140458
5777.140695
3849.177927
1926.247848
5.740413939
-0.06993243222
-0.0720890547
-0.07424567513
-0.07640229561
-0.07855891613
-0.08071553661
-0.08287215708
-0.08502877759
-1.204727851
-3.460118953
-6.845217063
-12.8822478
-26.57979565
-41.56233686
10956.9244
39155.06285
49693.27114
49698.07732
67532.17988
58461.49456
51877.8912
45775.84405
40629.2823
36403.73307
32869.42287
29814.22821
27086.23892
24584.0155
22240.38528
20010.1929
17862.39678
15775.16458
13732.81522
11723.86799
9739.760362
7773.978355
5821.448187
3878.096944
1940.523551
5.740413939
-0.06993243242
-0.07208905485
-0.0742456753
-0.07640229579
-0.07855891631
-0.08071553679
-0.08287215727
-0.08502877775
-1.096343475
-3.088368774
-5.548361857
-8.93343952
-12.12296774
963.2841555
64321.90645
54165.49982
42466.12211
43007.75221
53053.39886
51652.24634
47922.22425
43688.36319
39648.72497
36011.91338
32772.21178
29858.06339
27193.15992
24714.53027
22374.43053
20137.66879
17978.42277
15877.63494
13821.09565
11798.07787
9800.367215
7821.565117
5856.579012
3901.240505
1952.010338
5.740413938
-0.06993243263
-0.07208905499
-0.07424567548
-0.07640229598
-0.07855891648
-0.08071553697
-0.08287215746
-0.08502877791
-0.9569358986
-2.575295943
-4.184428147
-6.257833834
-2.414441009
9.419002119
14105.4624
52563.73416
46199.43999
51752.7408
49319.58966
47171.91926
44470.38666
41406.65702
38265.3475
35222.99178
32349.453
29652.65343
27113.8012
24706.50714
22405.1308
20187.6233
18035.98492
15935.85054
13875.84868
11846.9765
9842.064049
7855.336839
5882.064487
3918.277928
1960.538051
5.740413938
-0.06993243284
-0.07208905514
-0.07424567566
-0.07640229617
-0.07855891665
-0.08071553715
-0.08287215764
-0.08502877807
-0.8214683958
-2.251142992
-4.090643866
-6.927717057
-11.61604675
-16.84993025
-50.01014252
3313.785068
39846.99125
50562.48002
45299.93316
43245.41047
41380.73782
39202.53741
36783.02869
34265.26161
31749.95709
29289.29203
26902.87653
24592.55843
22351.95584
20171.7029
18042.03669
15953.92678
13899.46608
11871.91173
9865.574729
7875.654972
5898.066405
3929.270669
1966.124544
5.740413937
-0.06993243306
-0.07208905527
-0.07424567584
-0.07640229636
-0.07855891682
-0.08071553732
-0.08287215782
-0.08502877824
-0.6308612233
-1.692695451
-2.953589333
-4.140337271
-4.216559196
-4.574260544
-8.706424499
38.75433152
11318.8063
33089.81188
38072.09246
39129.02913
38604.62105
37239.74
35398.98002
33305.07269
31095.81919
28851.67481
26615.84689
24408.88724
22238.425
20105.18929
18006.52495
15938.34674
13896.17162
11875.62673
9872.66795
7883.643489
5905.277673
3934.615594
1968.949923
5.740413937
-0.0699324333
-0.0720890554
-0.07424567604
-0.07640229654
-0.07855891698
-0.08071553748
-0.082872158
-0.08502877841
-0.4282270358
-1.099514266
-1.840429854
-2.215649151
-1.867053546
-0.8380067926
1.164861055
15.98696694
6928.911857
29909.28364
34769.96032
36593.9939
36668.98993
35752.83394
34268.08353
32460.2278
30476.56645
28405.73459
26299.94257
24188.7123
22087.66085
20004.0968
17940.51934
15896.75683
13871.24235
11861.75378
9865.827325
7880.975158
5904.78727
3934.965689
1969.319896
5.740413937
-0.06993243356
-0.07208905553
-0.07424567622
-0.07640229672
-0.07855891713
-0.08071553764
-0.08287215817
-0.08502877857
-0.263373475
-0.5769590886
-1.022849871
-1.042300782
-0.9835628941
0.2616365478
2.728814473
10.27451674
8436.61559
30755.74859
34504.5015
35808.00636
35724.52089
34834.52707
33460.28934
31791.18206
29944.47765
27994.74899
25989.47095
23958.35195
21919.40149
19883.0093
17854.69101
15836.91295
13830.28383
11834.31792
9847.913429
7869.64442
5897.932424
3931.141338
1967.624181
5.740413936
-0.06993243381
-0.07208905566
-0.07424567641
-0.07640229689
-0.07855891727
-0.0807155378
-0.08287215832
-0.08502877872
-0.1049393864
-0.1967268766
-0.3212478507
-0.3156123239
-0.3309484649
0.5972560374
2.373989308
6.447664194
19514.64446
35787.35007
36684.71185
36409.01671
35586.56258
34400.46216
32947.36009
31299.72748
29515.40797
27639.30833
25704.83479
23735.81556
21748.57507
19753.83923
17758.31527
15765.91539
13778.65995
11797.32062
9821.865331
7851.758403
5886.158234
3924.04414
1964.295561
5.740413936
-0.06993243404
-0.07208905579
-0.07424567658
-0.07640229705
-0.07855891741
-0.08071553795
-0.08287215847
-0.08502877887
0.02511356463
0.1689191379
0.3842490443
0.607014152
0.6782301156
1.035686619
1.953979308
283.5326432
44243.86732
44966.39076
40037.36577
37556.78749
35812.2501
34233.39413
32628.95716
30944.95518
29178.11434
27342.23707
25454.73787
23531.49198
21585.23488
19625.44916
17658.8095
15689.76994
13721.11873
11754.43965
9790.470046
7829.366991
5870.899124
3914.582198
1959.773831
5.740413935
-0.06993243427
-0.07208905591
-0.07424567675
-0.0764022972
-0.07855891755
-0.08071553809
-0.08287215861
-0.08502877901
0.1069870892
0.4104276058
0.7811796578
1.278536029
1.509694658
1.321933643
2.208511881
2571.231456
46762.00652
46055.7619
40941.06521
37968.51851
35872.25174
34091.90302
32390.1165
30673.01802
28909.85292
27096.78213
25240.37997
23350.17069
21435.4148
19503.90625
17561.69913
15613.23379
13661.60468
11708.84946
9756.208936
7804.341169
5853.489708
3903.6121
1954.477279
5.740413935
-0.06993243448
-0.07208905603
-0.0742456769
-0.07640229734
-0.07855891767
-0.08071553823
-0.08287215874
-0.08502877914
0.1306124559
0.4944793011
0.8460535494
1.477140067
1.758640531
1.428961449
1.503021976
121.6592035
39765.065
42413.32351
39702.49464
37503.97229
35616.33221
33871.84743
32166.58574
30447.14374
28691.4921
26894.65169
25059.82081
23193.38745
21302.34011
19393.05668
17470.84372
15539.85971
13603.21598
11663.14436
9721.175039
7778.299069
5835.106452
3891.899184
1948.782652
5.740413935
-0.06993243467
-0.07208905615
-0.07424567705
-0.07640229746
-0.07855891778
-0.08071553835
-0.08287215886
-0.08502877926
0.1096024872
0.4479620799
0.7493682457
1.176231279
1.496468036
1.197597214
1.249349641
2.06838029
29379.68659
38135.02557
37951.81109
36728.54277
35217.2551
33612.56689
31957.23242
30257.47484
28514.31433
26730.50454
24910.85618
23061.21086
21187.4958
19295.13269
17388.75684
15472.14366
13548.25391
11619.33588
9687.046815
7752.572765
5816.737151
3880.094988
1943.013318
5.740413935
-0.06993243486
-0.07208905625
-0.07424567719
-0.07640229758
-0.07855891789
-0.08071553846
-0.08287215897
-0.08502877937
0.08102397528
0.3257856068
0.5341796344
0.8005641668
1.124185632
0.9165089774
1.429452794
0.8277749991
27615.28887
37657.95537
37241.40808
36241.13242
34911.57608
33403.93029
31792.29813
30111.20433
28377.78048
26602.18972
24791.88221
22953.0986
21091.29538
19211.21844
17316.90492
15411.70203
13498.31796
11578.89627
9655.101535
7728.206217
5799.172911
3868.729166
1937.434467
5.740413935
-0.06993243502
-0.07208905635
-0.07424567732
-0.07640229768
-0.07855891798
-0.08071553857
-0.08287215907
-0.08502877947
0.05443437201
0.2391795321
0.3773140556
0.4637453426
0.8778181532
0.52766239
1.57335296
0.1195494284
28071.1373
37959.54778
37115.21908
36083.00204
34783.98303
33299.27681
31696.82093
30017.25954
28283.40935
26508.58729
24701.38018
22868.00241
21013.36576
19141.53815
17255.93969
15359.43865
13454.41642
11542.82643
9626.253695
7705.974843
5783.016763
3858.212516
1932.253842
5.740413934
-0.06993243517
-0.07208905643
-0.07424567744
-0.07640229776
-0.07855891807
-0.08071553866
-0.08287215915
-0.08502877955
0.0117345268
0.1390612441
0.2807481332
0.1846816643
0.7402668158
0.200085754
1.62579513
-0.1804466546
26986.88071
37233.51484
37177.48426
36191.67199
34842.07336
33312.36871
31678.44502
29977.59964
28230.00667
26447.36691
24637.04622
22804.16277
20952.62472
19085.62601
17205.87379
15315.69266
13417.07845
11511.73497
9601.107752
7686.418865
5768.703541
3848.847829
1927.626461
5.740413934
-0.06993243531
-0.0720890565
-0.07424567754
-0.07640229784
-0.07855891814
-0.08071553874
-0.08287215923
-0.08502877963
-0.110433917
0.1420750083
0.1045329192
-0.09738469442
0.6499161727
-0.01539534896
1.549782305
-0.2370481371
33285.22546
39585.9502
38170.0113
36664.12539
35080.26602
33429.67462
31726.98714
29984.68461
28211.64864
26413.82568
24595.2734
22758.97587
20907.34199
19042.4643
17166.23289
15280.37514
13386.46459
11485.92191
9580.018247
7669.884498
5756.526582
3840.845662
1923.661892
5.740413934
-0.06993243541
-0.07208905656
-0.07424567762
-0.07640229789
-0.0785589182
-0.0807155388
-0.08287215928
-0.08502877969
-0.3057985487
0.6715063896
0.1431157202
-0.2085256433
0.6416395893
0.2477421088
1.776588133
15.4135541
42851.22385
42210.39291
39252.58145
37214.54829
35385.18775
33599.07336
31815.14156
30022.50111
28218.07631
26401.01275
24571.2446
22729.12352
20875.30045
19010.65277
17136.21387
15253.10513
13362.47699
11465.46364
9563.152677
7656.568559
5746.667685
3834.342605
1920.432867
5.740413934
-0.06993243546
-0.07208905658
-0.07424567767
-0.07640229792
-0.07855891822
-0.08071553883
-0.08287215931
-0.08502877971
-0.7884552465
-0.1522806506
-0.9826502241
-0.7586120314
0.1052535743
-0.1888099836
1.43556554
4754.258141
46226.63881
40674.12887
39415.28702
37556.29926
35646.85896
33766.286
31912.00181
30072.09999
28237.14152
26400.90334
24559.56734
22710.97106
20854.08055
18988.62852
17114.85978
15233.34873
13344.86809
11450.29607
9550.553337
7646.562858
5739.227382
3829.419998
1917.984198
5.740413934
-0.06993243557
-0.07208905663
-0.07424567775
-0.07640229798
-0.07855891829
-0.08071553889
-0.08287215937
-0.08502877978
205.2844306
4331.483079
2487.124104
1941.469394
2678.939143
4283.66399
15645.4378
38820.79812
47997.61938
42772.75446
40178.05998
37948.52234
35879.66023
33907.20668
31994.4769
30116.75349
28257.48498
26405.89037
24555.14863
22701.11041
20841.41896
18974.91679
17101.24278
15220.55576
13333.34361
11440.29178
9542.194222
7639.895082
5734.252929
3826.121331
1916.341094
5.740413934
-0.06993243574
-0.07208905673
-0.07424567786
-0.07640229807
-0.07855891839
-0.08071553899
-0.08287215947
-0.08502877989
21751.81155
29729.14787
19947.35751
24444.55867
35863.85997
38343.15368
41304.54488
44412.91905
46650.37821
43368.94296
40575.69351
38180.08945
36016.05079
33988.40069
32041.94292
30142.95004
28270.15288
26410.02285
24554.02437
22696.90037
20835.56467
18968.37252
17094.63336
15214.28147
13327.65153
11435.32543
9538.028847
7636.562987
5731.761714
3824.466807
1915.516106
5.740413934
-0.06993243558
-0.07208905665
-0.07424567781
-0.07640229799
-0.07855891831
-0.08071553892
-0.0828721594
-0.08502877981
)
;

boundaryField
{
    lowerWall
    {
        type            calculated;
        value           nonuniform List<scalar> 
80
(
-0.08610709012
-0.08610709014
-0.08610709009
-0.08610709002
-0.08610708999
-0.08610708993
-0.08610708986
-0.08610708977
-0.08610708967
-0.08610708956
-0.08610708944
-0.08610708931
-0.08610708917
-0.08610708903
-0.08610708887
-0.08610708871
-0.08610708854
-0.08610708836
-0.08610708819
-0.08610708801
-0.08610708785
-0.08610708769
-0.08610708752
-0.08610708735
-0.08610708718
-0.08610708701
-0.08610708685
-0.0861070867
-0.08610708656
-0.08610708642
-0.0861070863
-0.08610708618
-0.08610708608
-0.08610708599
-0.08610708591
-0.08610708584
-0.08610708579
-0.08610708575
-0.08610708572
-0.08610708571
-0.08610708571
-0.08610708572
-0.08610708575
-0.08610708579
-0.08610708584
-0.08610708591
-0.08610708599
-0.08610708608
-0.08610708618
-0.08610708629
-0.08610708641
-0.08610708654
-0.08610708668
-0.08610708683
-0.08610708698
-0.08610708715
-0.08610708731
-0.08610708748
-0.08610708766
-0.08610708783
-0.08610708799
-0.08610708815
-0.08610708831
-0.08610708848
-0.08610708865
-0.08610708881
-0.08610708896
-0.08610708911
-0.08610708925
-0.08610708938
-0.0861070895
-0.08610708961
-0.08610708971
-0.08610708979
-0.08610708987
-0.08610708993
-0.08610708995
-0.08610709001
-0.08610709013
-0.08610709005
)
;
    }
    atmosphere
    {
        type            calculated;
        value           nonuniform List<scalar> 
80
(
0
0
-0.01090937711
-0.2026379049
-0.5049146657
-0.6718404792
-0.4513904674
-0.6693967569
-0.4960684154
-0.6032348207
-0.1270068994
0
0
0
0
0
0
-0.01189398161
0
0
0
0
-0.2937452155
-0.8383891997
-0.6985710535
-0.5729924701
-0.4412089727
-0.3333676587
-0.246378428
-0.1801839899
-0.1358882012
-0.1103673352
-0.1043604472
-0.1052828083
-0.1049096761
-0.1169831759
-0.1264548726
-0.1456787352
-0.1713055489
-0.2176872692
-0.2882871424
-0.4027290926
-0.4902734741
-0.02676911118
0
0
-0.06745994792
-0.02616211929
0
0
-0.1350507195
-0.1506005717
-0.2717670909
-0.4080774416
-0.4988169004
-0.5456206919
-0.5941253415
-0.5542986051
-0.4566725393
-0.3171467984
-0.2047953795
-0.09766569393
-0.04946609126
-0.02367122824
-0.009087599334
-0.00131645666
0
0
0
0
-0.003403858907
-0.01000933557
-0.01246072722
-0.004104127385
-0.007706926463
-0.02240008281
0
0
0
0
)
;
    }
    rightWall
    {
        type            empty;
    }
    leftWall
    {
        type            empty;
    }
    frontAndBack
    {
        type            calculated;
        value           nonuniform List<scalar> 
80
(
1.470714687
2.35470083
13.70527771
632.4318847
26432.72421
24991.43085
18419.802
14229.94638
12359.28911
11269.61967
10585.47877
10099.85706
9703.895824
9341.585412
8984.300536
8617.311787
8232.914941
7827.041319
7397.622063
6943.801806
6465.548617
5963.442515
5438.543733
4892.298301
4326.463602
3743.04681
3144.253127
2532.442277
1910.092061
1279.76766
644.0954494
5.740413927
-0.06993243449
-0.0720890569
-0.07424567737
-0.07640229801
-0.07855891832
-0.08071553893
-0.08287215946
-0.08502877989
21751.81155
29729.14787
19947.35751
24444.55867
35863.85997
38343.15368
41304.54488
44412.91905
46650.37821
43368.94296
40575.69351
38180.08945
36016.05079
33988.40069
32041.94292
30142.95004
28270.15288
26410.02285
24554.02437
22696.90037
20835.56467
18968.37252
17094.63336
15214.28147
13327.65153
11435.32543
9538.028847
7636.562987
5731.761714
3824.466807
1915.516106
5.740413934
-0.06993243558
-0.07208905665
-0.07424567781
-0.07640229799
-0.07855891831
-0.08071553892
-0.0828721594
-0.08502877981
)
;
    }
}


// ************************************************************************* //
