/*--------------------------------*- C++ -*----------------------------------*\
| =========                 |                                                 |
| \\      /  F ield         | OpenFOAM: The Open Source CFD Toolbox           |
|  \\    /   O peration     | Version:  2506                                  |
|   \\  /    A nd           | Website:  www.openfoam.com                      |
|    \\/     M anipulation  |                                                 |
\*---------------------------------------------------------------------------*/
FoamFile
{
    version     2.0;
    format      ascii;
    arch        "LSB;label=32;scalar=64";
    class       volScalarField;
    location    "0.01";
    object      p_rgh;
}
// * * * * * * * * * * * * * * * * * * * * * * * * * * * * * * * * * * * * * //

dimensions      [1 -1 -2 0 0 0 0];

internalField   nonuniform List<scalar> 
3200
(
1.471728053
2.357739151
14.2324519
638.0983166
26476.48889
25045.37333
18433.71042
14303.52138
12442.67408
11362.81467
10688.48377
10212.67206
9826.520824
9474.020412
9126.545536
8769.366787
8394.779941
7998.716319
7579.107063
7135.096806
6666.653617
6174.357515
5659.268733
5122.833301
4566.808602
3993.20181
3404.218127
2802.217277
2189.677061
1569.16266
943.3004494
314.7554139
0.0001578797429
0.0001577306427
0.0001577302283
0.0001577296934
0.0001577295433
0.0001577291741
0.0001577289427
0.0001577289095
0.7670769915
-0.06355496184
-0.506819047
-9.057359526
15683.5603
5946.203058
5903.878881
12915.95543
11661.69188
10957.28263
10489.96758
10123.01397
9792.873162
9468.999552
9136.254948
8786.780213
8416.262103
8022.267899
7603.514723
7159.537321
6690.515076
6197.159278
5680.624194
5142.430317
4584.396915
4008.583314
3417.238615
2812.759327
2197.653978
1574.51348
945.9860285
314.7554139
0.0001578780817
0.0001577305855
0.0001577297396
0.000157729527
0.0001577294067
0.0001577290765
0.0001577288879
0.000157728897
0.009487437582
-0.114831344
-0.7586072069
-2.071689534
6100.753735
5252.909108
5925.914379
9328.221734
10330.87001
10314.66575
10191.09431
9996.547996
9752.966006
9472.859128
9162.704343
8825.246847
8461.230785
8070.590133
7653.159827
7209.037206
6738.725064
6243.154627
5723.651152
5181.877537
4619.774163
4039.503152
3443.400027
2833.933295
2213.671276
1585.254912
951.3753341
314.7554139
0.000157879251
0.0001577308239
0.0001577297974
0.0001577297213
0.0001577295274
0.0001577291835
0.000157728969
0.0001577289463
0.04273422642
0.1800647648
0.5827259304
2.314627227
7.485150715
2713.372867
4773.796273
7216.018344
9138.476885
9779.417081
9963.198719
9919.122335
9749.590421
9506.774512
9216.464105
8890.27932
8532.832054
8145.711251
7729.507537
7284.737603
6812.204667
6313.094386
5788.959419
5241.665241
4673.329057
4086.264057
3482.932577
2865.908327
2237.846584
1601.460794
959.5042008
314.7554139
0.0001578804521
0.0001577308877
0.0001577297972
0.0001577297741
0.0001577295742
0.0001577292303
0.0001577290294
0.000157729009
-0.1882104301
0.1705405166
1.272875155
2.665618494
58.16845859
20145.72817
10330.1409
7977.694625
9139.442505
9701.326273
9963.164057
9967.15732
9819.505489
9588.191583
9306.105102
8986.580921
8634.114053
8249.92321
7834.430057
7388.21021
6912.271478
6408.069374
5877.437958
5322.506158
4745.623554
4149.301074
3536.165608
2908.926058
2270.348384
1623.237458
970.4240416
314.7554139
0.0001578816375
0.0001577309007
0.000157729787
0.0001577297658
0.0001577295827
0.0001577292395
0.0001577290556
0.0001577290399
-0.237966177
0.446156851
1.2894858
2.200986688
3.113817626
3291.993508
3612.255492
5895.02291
8820.933667
9923.279483
10220.97683
10166.84183
9973.088809
9720.38815
9433.190538
9115.831921
8767.127158
8385.445205
7970.087548
7521.410374
7040.610704
6529.483161
5990.226779
5425.307997
4837.367874
4229.160184
3603.510125
2963.286863
2311.385625
1650.716585
984.1985052
314.7554139
0.000157883316
0.0001577309715
0.0001577298719
0.0001577298218
0.0001577296483
0.0001577292964
0.0001577291147
0.0001577290993
-0.1964476699
0.3279073945
0.8968143955
1.61251542
1.706443421
4383.535685
4885.65505
3682.359487
9942.85954
10949.87612
10830.62542
10506.14862
10185.62507
9887.08815
9590.443812
9276.436171
8933.125167
8554.651553
8139.073866
7686.742233
7199.286488
6679.034051
6128.686108
5551.139404
4949.388179
4326.469904
3685.435109
3029.331012
2361.193691
1684.045939
1000.898857
314.7554139
0.0001578853105
0.0001577310529
0.0001577299856
0.0001577298911
0.0001577297294
0.0001577293719
0.0001577291911
0.0001577291739
-0.369243049
0.06074415329
0.4623187409
1.077193433
0.4895941526
14563.29947
10727.40605
14337.15873
15492.21482
13102.73114
11645.50339
10841.50629
10376.17932
10051.90094
9765.06672
9466.351109
9134.294206
8760.97189
8344.825037
7887.208618
7390.768008
6858.68815
6294.351092
5701.182117
5082.582751
4441.903796
3782.436836
3107.414677
2420.016765
1723.377786
1020.598218
314.7554139
0.0001578875802
0.000157731141
0.0001577301142
0.0001577299718
0.0001577298196
0.0001577294594
0.0001577292779
0.0001577292605
-0.333321508
-0.09349962003
-0.1307299633
-0.009597895398
-0.7202505552
8220.450615
12332.94264
22430.55748
19219.24796
14323.29972
11807.15278
10838.19532
10425.68807
10179.27453
9951.577329
9689.614641
9376.737248
9010.127387
8592.057903
8126.510904
7617.898758
7070.607539
6488.854719
5876.66145
5237.863492
4576.132976
3895.001377
3197.88127
2488.087069
1768.855355
1043.364853
314.7554139
0.0001578901016
0.0001577312405
0.0001577302554
0.0001577300672
0.0001577299203
0.0001577295598
0.0001577293759
0.0001577293587
-0.205283
-0.4439020219
-1.189761468
-2.307401706
-4.003773639
2319.684585
517.5299955
306.9670842
12747.56416
11641.35507
10421.61667
10278.43659
10309.1062
10287.93604
10172.35938
9963.799486
9672.920441
9310.752595
8886.780384
8408.890451
7883.719202
7316.997229
6713.805848
6078.751591
5416.082902
4729.76997
4023.56176
3301.029401
2565.601937
1820.597978
1069.254821
314.7554139
0.0001578928509
0.000157731352
0.0001577304066
0.000157730177
0.0001577300311
0.0001577296725
0.000157729485
0.0001577294682
0.2237122339
-1.016373928
-2.990979832
-3.603961398
-2.834809546
5.152901608
18.7014314
4.764812903
6823.757527
2630.83546
7845.750411
9544.829073
10244.36675
10491.00722
10486.12992
10320.3089
10040.39842
9673.190739
9235.43152
8738.562774
8191.100917
7599.865337
6970.627187
6308.462185
5617.952101
4903.308122
4168.452802
3417.079556
2652.700156
1878.685812
1098.304453
314.7554139
0.0001578958044
0.0001577314741
0.000157730566
0.0001577302999
0.0001577301514
0.0001577297966
0.0001577296047
0.0001577295885
0.4799777436
-2.871814363
-9.373739788
-11.88103736
-9.815417984
-0.2473317422
14.73336827
241.26886
13424.0697
8635.873112
8125.429101
9810.763665
10632.52737
10945.59883
10960.84926
10790.91232
10495.17816
10106.18766
9643.201873
9118.838693
8542.266532
7920.745232
7260.383082
6566.523991
5843.960412
5097.062837
4329.867474
3546.141921
2749.439139
1943.145171
1130.523184
314.7554139
0.0001578989362
0.0001577316053
0.0001577307331
0.0001577304349
0.0001577302803
0.000157729931
0.0001577297346
0.0001577297188
0.6242622966
-2.144358641
-7.208912991
-9.909953432
-3.800914574
10.59689335
13.46952463
105.0245562
6725.575232
3365.076553
9640.037253
10940.27122
11529.38411
11698.01444
11620.76025
11387.31646
11043.21772
10613.18632
10112.35855
9551.333302
8938.391046
8280.475328
7583.644071
6853.296815
6094.308139
5311.120602
4507.817932
3688.187121
2855.774012
2013.935102
1165.887086
314.7554139
0.0001579022224
0.0001577317437
0.0001577309073
0.0001577305809
0.0001577304172
0.0001577300749
0.000157729874
0.0001577298584
0.7254667224
0.556049073
-0.7737203179
-0.08004240289
5.855758592
14.83969738
11.18455402
22.32316894
4435.311548
5163.012561
12050.40579
12780.90426
12846.72653
12696.32071
12436.86701
12094.38055
11677.1946
11190.988
10641.72091
10035.75354
9379.497906
8679.129895
7940.429169
7168.717754
6368.860498
5545.299339
4702.102805
3843.020601
2971.538928
2090.935338
1204.33307
314.7554139
0.0001579056356
0.0001577318874
0.0001577310876
0.0001577307372
0.0001577305615
0.0001577302273
0.0001577300226
0.0001577300066
0.7507532416
2.232434259
2.48126493
3.796827369
9.005077615
15.5654794
10.76428822
78.63609099
19209.14746
20836.48837
17011.23944
15286.21922
14380.30551
13803.68654
13336.0165
12876.15145
12380.19895
11831.85746
11227.79045
10570.4687
9864.724402
9116.125014
8330.232346
7512.290788
6667.122469
5799.119738
4912.28052
4010.260448
3096.430413
2173.93539
1245.753546
314.7554139
0.0001579091542
0.0001577320343
0.0001577312729
0.0001577309032
0.0001577307123
0.0001577303872
0.0001577301798
0.0001577301627
0.8706678188
2.524013919
2.45056422
2.942673622
9.640444926
22.21503755
12.80035593
19.51464225
18185.21149
18941.71608
19878.21601
16972.41049
15584.59739
14802.11337
14227.37023
13694.01668
13135.59985
12528.46032
11867.12071
11153.61132
10392.81151
9590.419779
8752.090506
7883.09571
6988.223732
6071.782588
5137.646523
4189.317862
3229.992425
2262.624584
1289.991406
314.7554139
0.0001579127525
0.0001577321826
0.0001577314624
0.0001577310779
0.0001577308688
0.0001577305535
0.0001577303451
0.0001577303256
0.5355763244
1.718077843
0.5539666143
-2.128179244
1.102113061
1014.975281
49.54025574
1338.860855
19308.00956
19771.76801
19331.1101
17140.67998
16183.56581
15592.80547
15077.34353
14536.95522
13939.73362
13279.27137
12558.62517
11784.04719
10962.49418
10100.65673
9204.618632
8279.781394
7330.897643
6362.145143
5377.211782
4379.379524
3371.603106
2356.583213
1336.835483
314.7554139
0.000157916404
0.0001577323315
0.0001577316568
0.0001577312585
0.0001577310296
0.0001577307246
0.0001577305178
0.0001577304946
-0.4524395016
0.8618570072
0.7876485198
-0.6037352556
-0.03053343021
10664.82556
15737.83947
1938.970898
11696.86205
5267.839288
14751.43424
16075.59305
16416.18607
16308.20057
15952.24702
15436.7356
14807.1188
14090.27357
13304.06373
12461.45894
11572.46334
10645.09745
9685.948887
8700.515917
7693.442627
6668.692043
5629.68125
4579.39195
3520.4638
2455.27543
1386.016964
314.7554139
0.0001579200833
0.0001577324811
0.0001577318547
0.0001577314427
0.0001577311928
0.000157730899
0.0001577306973
0.0001577306684
-1.605906742
-0.2424332937
1.112180055
0.879589982
0.4386339095
63.78808795
19268.39511
8219.590088
8728.232664
5157.025375
12817.02798
15993.67146
17097.38427
17271.56002
16986.70917
16450.6287
15761.743
14970.64662
14105.89851
13185.26183
12220.80446
11221.32324
10193.5657
9142.892583
8073.666952
6989.502055
5893.433482
4788.048869
3675.591259
2558.044649
1437.207249
314.7554139
0.0001579237544
0.0001577326322
0.0001577320513
0.0001577316291
0.0001577313576
0.0001577310757
0.0001577308829
0.0001577308452
-1.618984993
-0.6665411265
1.485091583
3.890166776
3.663884839
8.528689072
2281.039654
32822.05858
11945.68861
15133.28044
16026.50751
17984.68154
18708.12004
18693.94467
18272.40514
17617.33638
16818.58882
15924.67706
14963.6232
13952.88675
12904.17194
11825.8276
10724.09955
9603.823284
8468.832781
7322.218703
6166.505536
5003.783815
3835.814262
2664.112177
1490.01759
314.7554139
0.0001579273873
0.0001577327851
0.0001577322415
0.000157731816
0.0001577315245
0.0001577312556
0.0001577310724
0.0001577310203
-0.5429092888
-1.615331865
-1.942130907
-3.005977721
-4.225410472
-5.731629485
-21.85429752
3270.976737
17391.69404
20872.96669
20170.45313
21208.75951
21056.46172
20523.68887
19791.6354
18927.73226
17970.60887
16945.85405
15871.03154
14758.4921
13617.172
12453.71744
11273.1819
10079.46891
8875.624271
7664.037392
6446.589618
5224.77122
3999.776304
2772.579858
1544.000732
314.7554139
0.0001579309416
0.0001577329394
0.0001577324214
0.0001577320028
0.0001577316968
0.0001577314405
0.0001577312619
0.0001577311859
-0.2884544925
-3.151961686
-5.355815889
-5.424668412
-4.920461426
-5.673103265
-11.01847174
-3.499418064
10307.00276
34666.10856
29945.99385
25622.07155
23785.30309
22552.7139
21442.72303
20331.35578
19190.26514
18017.09902
16816.15597
15592.88003
14352.30968
13098.68954
11835.44103
10565.24614
9290.159789
8011.719677
6731.047313
5448.939244
4165.946074
2882.437509
1598.654803
314.7554139
0.0001579344556
0.0001577330901
0.0001577325984
0.0001577321914
0.0001577318749
0.0001577316254
0.0001577314524
0.0001577313464
-0.5739125536
-2.769213123
-4.183456978
-4.804002937
-4.962474067
-5.393653552
-6.668867942
-4.015472246
866.8264307
32650.41222
29512.74395
27548.09655
25909.98106
24459.14272
23095.19285
21764.709
20441.99923
19116.11884
17783.61142
16444.56442
15100.50061
13753.29136
12404.64594
11055.91517
9708.051244
8361.636894
7016.94317
5673.99572
4332.636701
2992.575757
1653.429695
314.7554139
0.000157937915
0.0001577332361
0.0001577327784
0.0001577323819
0.0001577320524
0.0001577318081
0.0001577316401
0.0001577315111
-0.9369556063
-2.026869554
-3.020020197
-3.568152953
-3.796034605
-4.088472085
-4.504435367
-3.734079485
64.82828356
30076.41854
28932.97497
29147.45166
27847.3918
26278.69138
24714.20333
23190.2944
21696.90635
20221.76371
18757.6042
17301.26709
15851.83987
14409.33022
12973.93597
11545.71888
10124.49661
8709.836816
7301.095064
5897.466442
4498.03377
3101.804494
1707.736194
314.7554139
0.0001579413012
0.0001577333752
0.0001577329646
0.0001577325739
0.0001577322251
0.0001577319824
0.0001577318264
0.0001577316832
-0.897797916
-1.541920959
-2.178897425
-2.660837015
-2.9757573
-3.290247204
-3.438309377
-3.654992803
-1.403981959
32211.2936
34807.90054
32261.52636
30053.44689
28094.03443
26292.64127
24585.36461
22933.56993
21316.42406
19723.77188
18151.05941
16596.2621
15058.25276
13536.04828
12028.53043
10534.38452
9052.123086
7580.136412
6116.743511
4660.231099
3208.876582
1760.95781
314.7554139
0.0001579446301
0.0001577335093
0.0001577331588
0.0001577327652
0.0001577323874
0.0001577321495
0.000157732007
0.0001577318546
-0.7634821797
-1.217085626
-1.665784138
-2.057405502
-2.345559135
-2.721863992
-2.84530216
-3.310291694
576.2828352
35359.56836
40440.05475
35037.09022
32010.8327
29751.36312
27776.96925
25924.9584
24135.58564
22386.58948
20669.99851
18982.93551
17323.89448
15691.36684
14083.47212
12497.97285
10932.39356
9384.139336
7850.586485
6329.141868
4817.273278
3312.516234
1812.464976
314.7554139
0.0001579478749
0.0001577336424
0.0001577333525
0.0001577329497
0.0001577325426
0.0001577323131
0.0001577321801
0.0001577320208
-0.6071022037
-0.9494907431
-1.276473536
-1.584664688
-1.798592519
-2.225815782
-2.062446283
-3.406730832
2523.411428
35700.60963
37695.72506
35435.84416
33201.4236
31123.61891
29138.91979
27201.9202
25297.23018
23424.35091
21586.69804
19786.79027
18025.01088
16299.84265
14608.49766
12947.4979
11313.08312
9701.458681
8108.930318
6531.965258
4967.205702
3411.452415
1861.63173
314.7554139
0.0001579510074
0.0001577337745
0.00015773354
0.0001577331252
0.0001577326926
0.0001577324733
0.0001577323449
0.0001577321806
-0.4700823236
-0.7358905872
-0.9844651178
-1.207900348
-1.349959136
-1.613954338
-1.24443146
-3.15497157
3746.287324
36485.94872
36536.63532
35809.18521
34235.39385
32402.77144
30453.18068
28446.57534
26427.0693
24426.89141
22465.65641
20552.52006
18689.51537
16874.49128
15103.17664
13370.44181
11670.98838
9999.686247
8351.712397
6722.583603
5108.132879
3504.457519
1907.854925
314.7554139
0.0001579540106
0.0001577339046
0.0001577337191
0.0001577332916
0.0001577328368
0.0001577326284
0.0001577325006
0.0001577323329
-0.3590906847
-0.5641760219
-0.7535856259
-0.8988411464
-1.030191647
-1.011360253
-0.846659499
-3.24657472
4159.761562
38130.36532
38711.57859
37028.91225
35528.19459
33798.88935
31824.45873
29704.13309
27537.57996
25390.49514
23296.52394
21268.12284
19306.03753
17405.42607
15559.275
13760.10858
12000.74824
10274.58929
8575.650436
6898.523875
5238.285218
3590.390896
1950.575669
314.7554139
0.0001579568718
0.000157734032
0.0001577338908
0.0001577334468
0.0001577329735
0.0001577327762
0.0001577326464
0.0001577324769
-0.2766761563
-0.4364168204
-0.5860320829
-0.6559792379
-0.7989141254
-0.5962666036
-1.153679513
-3.649223791
2259.527585
39660.4163
38313.93604
38066.64648
37049.56862
35440.13872
33341.6312
31007.91992
28628.61852
26300.98422
24061.82718
21917.41409
19861.08354
17881.89619
15968.38845
14109.97355
12297.31185
10522.27503
8777.776547
7057.575896
5356.093525
3668.246076
1989.302176
314.7554139
0.0001579595789
0.0001577341555
0.0001577340549
0.0001577335896
0.0001577331019
0.0001577329153
0.0001577327817
0.0001577326117
-0.221245171
-0.3536708931
-0.4850470574
-0.5359277021
-0.6913409945
-0.5996580816
-1.740220087
-3.441412656
161.8840224
9858.500805
37722.83762
39867.2061
39163.28916
37570.47717
35094.00819
32357.28984
29667.9904
27123.003
24732.39607
22478.6276
20338.98434
18292.68357
16322.4098
14414.08949
12556.25469
10739.42418
8955.604575
7197.909126
5460.267269
3737.198776
2023.632571
314.7554139
0.0001579621206
0.0001577342729
0.0001577342105
0.0001577337199
0.0001577332212
0.0001577330445
0.0001577329061
0.0001577327364
-0.1871980545
-0.3080269508
-0.4323023698
-0.538304109
-0.7265213297
-0.9426600354
-1.687160281
-3.471900248
-1.931682973
2.579242273
21013.14801
42553.2432
42163.51841
40584.47167
37106.64673
33659.2326
30563.04451
27790.64776
25266.13591
22925.71921
20723.54025
18627.44174
16614.47906
14667.72356
12774.19607
10923.56302
9107.307655
7318.188226
5549.86823
3796.650585
2053.275252
314.7554139
0.0001579644854
0.0001577343824
0.000157734356
0.0001577338378
0.000157733331
0.0001577331632
0.0001577330193
0.0001577328506
-0.1714979478
-0.287582283
-0.4073929984
-0.5198540516
-0.6814150564
-0.809005951
-0.931406557
-1.527390381
-1.997215659
-0.7117699103
7422.322885
40507.83978
41518.64294
45496.44786
39088.87499
34609.94296
31134.30673
28210.41522
25615.78856
23234.57462
21002.01316
18879.06267
16840.34268
14868.13222
12949.24426
11073.32354
9231.87348
7417.667311
5624.367583
3846.261678
2078.063831
314.7554139
0.0001579666611
0.0001577344823
0.0001577344904
0.0001577339432
0.0001577334308
0.0001577332705
0.0001577331209
0.0001577329537
-0.1592212877
-0.2524587387
-0.3371019188
-0.4002660682
-0.4483174413
-0.4237794138
-0.3858364933
-0.5244242192
-6.663185021
-11.57250728
3076.223188
44009.92358
42816.52977
46828.8083
39142.41652
34557.33776
31153.82779
28300.92642
25752.03436
23394.7776
21170.87291
19046.45254
16999.69813
15015.21963
13081.32485
11188.61168
9329.193556
7496.239173
5683.673693
3885.966056
2097.963929
314.7554139
0.0001579686381
0.0001577345712
0.0001577346129
0.0001577340357
0.00015773352
0.0001577333661
0.0001577332107
0.0001577330451
-0.154369445
-0.2438821122
-0.3323291161
-0.4235373729
-0.5711121858
-0.695234513
-1.366945335
-1.211114454
-7.191802126
-7.574119821
-9.118359975
10716.00022
38883.42483
38163.30968
36094.45613
33323.148
30622.74529
28087.43559
25696.64818
23421.62755
21240.2468
19136.17648
17096.77853
15111.72327
13172.2222
11270.60225
9400.047668
7554.421021
5728.121976
3915.965405
2113.070328
314.7554139
0.0001579704053
0.0001577346482
0.0001577347225
0.000157734115
0.0001577335982
0.0001577334493
0.0001577332884
0.0001577331244
-0.1568980606
-0.2308421619
-0.3004745496
-0.3642537522
-0.4351174792
-0.4029398635
-0.5333020021
-0.2104297022
-0.6593387637
-0.03097617386
1.316268296
2547.291727
36073.62537
34369.5029
33748.96638
32018.05695
29926.57539
27729.42711
25525.49616
23354.83622
21232.30942
19161.22835
17139.51645
15162.67167
13225.2361
11321.52473
9445.971653
7593.273935
5758.427035
3936.702454
2123.595108
314.7554139
0.0001579719509
0.0001577347124
0.0001577348178
0.0001577341811
0.0001577336647
0.0001577335195
0.0001577333536
0.0001577331912
-0.1607387065
-0.2171789012
-0.2582358197
-0.2749860068
-0.2718633329
-0.1811312356
-0.2267428705
0.1335148544
-0.1282145054
0.5640589674
2.310653082
159.8476354
32891.25976
34332.18455
32513.93938
31073.54684
29336.07617
27378.20312
25321.0725
23239.91049
21172.92592
19136.91119
17137.38675
15174.20917
13244.52342
11344.28664
9469.038629
7614.274853
5775.608454
3948.820241
2129.849658
314.7554139
0.0001579732631
0.0001577347635
0.0001577348973
0.0001577342338
0.0001577337189
0.0001577335765
0.0001577334061
0.0001577332451
-0.1759948263
-0.2242441901
-0.2562204972
-0.2654177884
-0.2493561365
-0.1368919783
-0.04527502511
0.3789140578
0.679187821
1.643372425
2.240570652
3.415626521
21918.08894
28502.82168
30900.85705
30426.1176
28965.98138
27126.23669
25140.67884
23110.80632
21082.57231
19076.10335
17098.90894
15152.25275
13234.35957
11342.0582
9471.620579
7619.177783
5780.910311
3953.117785
2132.225025
314.7554139
0.0001579743315
0.0001577348012
0.0001577349597
0.0001577342731
0.0001577337602
0.0001577336197
0.0001577334456
0.0001577332858
-0.2018167465
-0.246235775
-0.2671236169
-0.2510103063
-0.1954574713
-0.02263659353
0.05179190443
0.5110470996
0.6628343149
1.754368737
2.035232242
17.42198854
29351.222
32714.79636
32160.68293
30764.08619
28975.49566
27020.08291
25004.59871
22980.06292
20970.45312
18986.01982
17029.89087
15101.5308
13198.60168
11317.96476
9456.207467
7609.905379
5775.736274
3950.513268
2131.175214
314.7554139
0.0001579751469
0.0001577348255
0.000157735004
0.0001577342989
0.0001577337882
0.000157733649
0.0001577334718
0.0001577333131
-0.2485552608
-0.300922524
-0.33102007
-0.3274234808
-0.2930040643
-0.1904999971
-0.0965025715
0.3599476484
0.5371242623
1.711134014
1.871837003
3813.850313
36656.04391
38318.59741
34263.07285
31494.04971
29151.83193
26973.99979
24877.56924
22834.39277
20833.15632
18867.63006
16933.10119
15025.37483
13140.54881
11274.98982
9425.338514
7588.5
5761.615674
3942.022494
2127.206654
314.7554139
0.0001579757033
0.0001577348365
0.0001577350295
0.0001577343111
0.0001577338024
0.000157733664
0.0001577334847
0.0001577333267
-0.3219471364
-0.3959449668
-0.4454030629
-0.4501950109
-0.4159542167
-0.3249628501
-0.307440543
0.03229908367
0.122165526
0.4750471176
35.08450774
28908.43749
37008.65958
39761.49924
35078.81982
31797.20535
29163.78161
26846.51421
24697.28502
22646.78181
20660.14808
18718.24099
16809.50649
14926.31545
13063.22545
11216.10408
9381.654738
7557.139588
5740.203589
3928.754255
2120.874553
314.7554139
0.0001579759969
0.0001577348342
0.0001577350356
0.0001577343097
0.0001577338025
0.0001577336647
0.0001577334842
0.0001577333266
-0.4192751732
-0.5443735907
-0.6358195359
-0.6506448014
-0.6546665577
-0.7136426295
-0.6625312975
-0.6441658759
-0.6931420849
-0.8045021892
153.4104981
37968.41143
37015.87181
38194.53591
34493.52796
31452.16249
28859.57406
26550.98991
24418.27458
22395.30098
20442.41271
18535.67885
16660.36763
14807.15348
12969.93053
11144.54236
9328.033198
7518.197883
5713.304282
3911.91727
2112.784022
314.7554139
0.0001579760264
0.000157734819
0.000157735022
0.0001577342949
0.0001577337885
0.000157733651
0.0001577334701
0.0001577333129
-0.5846586154
-0.8235298863
-0.9645245911
-1.004798024
-1.03193964
-1.173915251
-1.155965626
-0.8110516182
-0.7077904284
-0.9883811746
117.9005826
34956.98771
36397.01105
35763.6569
33248.5564
30658.33805
28271.36137
26079.59651
24029.52226
22073.73477
20178.5235
18321.69567
16489.13406
14672.00197
12864.80014
11064.09835
9267.733583
7474.311392
5682.897638
3892.828181
2103.591537
314.7554139
0.0001579757959
0.0001577347909
0.0001577349883
0.0001577342668
0.0001577337603
0.0001577336233
0.0001577334428
0.0001577332856
-0.4865984233
-1.047751671
-1.357805072
-1.460481787
-1.485374987
-1.550211967
-1.429771007
-1.015425282
-0.746881227
-0.9971082775
873.9409086
34976.88206
36107.96902
35081.91562
32078.73243
29661.27251
27487.93573
25466.51135
23546.4819
21691.59108
19876.25072
18083.44824
16302.47524
14526.92494
12753.17197
10979.31583
9204.487602
7428.413162
5651.145983
3872.908443
2094.001344
314.7554139
0.0001579753149
0.0001577347501
0.0001577349346
0.0001577342258
0.0001577337184
0.0001577335816
0.0001577334024
0.0001577332451
-0.2337827697
-0.8425217675
-1.546515325
-1.922472108
-1.940296331
-1.800675489
-1.465812299
-1.138383522
-0.8112234894
-0.7856553705
9337.421074
31031.10463
35922.63647
31902.82879
30323.20303
28420.08538
26552.59517
24752.02806
22998.29909
21269.89253
19551.43621
17833.36987
16110.3963
14380.05573
12641.65094
10895.50554
9142.484897
7383.704592
5620.364119
3853.660576
2084.752543
314.7554139
0.000157974599
0.0001577346967
0.0001577348615
0.0001577341722
0.000157733663
0.0001577335263
0.0001577333492
0.0001577331916
0.3199980782
-0.3756189591
-2.131274559
-2.728356633
-2.487449155
-1.933884209
-1.390127731
-1.208882179
-0.6051994032
7.104873912
28138.68845
33444.74023
36016.76382
31236.14694
28891.22603
27143.28077
25550.32748
23990.70173
22424.78856
20838.23687
19226.22339
17588.19157
15925.68213
14241.25345
12537.87414
10818.5714
9086.239747
7343.553638
5592.945023
3836.619443
2076.594923
314.7554139
0.000157973668
0.0001577346309
0.0001577347704
0.0001577341061
0.0001577335948
0.0001577334578
0.0001577332836
0.0001577331254
0.9755442304
-0.1219628919
-4.183893839
-4.211805241
-3.035849247
-1.923774559
-1.307042148
-2.865141679
-2.680520718
2840.633171
11994.05649
30775.2457
29642.44335
28089.51616
26862.25749
25711.4813
24514.72871
23235.65981
21871.91502
20432.03957
18927.02089
17367.48079
15762.88093
14121.40136
12450.02309
10754.66725
9040.34774
7311.323456
5571.243104
3823.279494
2070.254052
314.7554139
0.000157972547
0.0001577345527
0.000157734663
0.0001577340277
0.0001577335147
0.0001577333767
0.0001577332059
0.0001577330471
3.79708535
2.659890458
-8.185082938
-6.675653981
-3.793935249
-1.709853501
-0.2408704162
-0.9636558569
-0.1977174663
14.35016022
1036.36279
17918.09696
23177.24612
24617.21761
24756.80771
24325.65755
23561.44606
22565.2962
21395.17967
20090.99228
18682.33871
17191.82193
15636.95219
14031.44546
12386.1504
10709.72736
9009.159562
7290.1483
5557.425177
3815.003693
2066.388098
314.7554139
0.0001579712633
0.0001577344624
0.0001577345416
0.000157733937
0.0001577334233
0.0001577332835
0.0001577331167
0.0001577329571
12.84426352
5.810187749
-41.96794649
-10.66707348
-4.452181317
-1.332892643
0.7715372866
1.475499728
2.13361293
5.865364805
417.5514892
16882.54689
20525.92304
22445.30295
23222.09801
23272.89612
22840.10186
22068.9023
21052.52718
19854.42584
18519.52571
17080.51203
15561.6539
13981.27428
12353.40492
10688.93181
8996.413637
7282.684159
5553.306552
3812.924282
2065.541007
314.7554139
0.0001579698455
0.0001577343605
0.000157734408
0.0001577338342
0.0001577333215
0.0001577331787
0.0001577330163
0.0001577328559
4.827609388
280.2574147
-15.01277744
1.434791752
-3.239692418
-0.5160156696
1.431638416
2.583144938
3.097558416
5.238325985
281.1669831
17161.3525
19597.67988
21415.97138
22413.38201
22703.72333
22457.15108
21817.6741
20891.60405
19754.66931
18460.83248
17049.04437
15547.8718
13978.58925
12357.2618
10696.18028
9004.877536
7290.867294
5560.193526
3817.848042
2068.097977
314.7554139
0.0001579683179
0.000157734248
0.0001577342636
0.0001577337196
0.0001577332101
0.0001577330631
0.0001577329054
0.0001577327442
0.08321435613
-5.204408126
5.819392457
4.50804071
2.63024867
1.854769702
2.774793443
3.813083449
4.678739492
7.532531556
198.2884053
17138.71621
19288.83955
21207.51418
22311.72381
22671.4541
22467.07673
21853.01327
20941.5385
19811.82
18520.09384
17106.95887
15602.19535
14027.94635
12400.87173
10733.64911
9036.04764
7315.713283
5578.753207
3830.178486
2074.249118
314.7554139
0.0001579667009
0.000157734126
0.000157734109
0.000157733594
0.0001577330896
0.0001577329373
0.0001577327843
0.0001577326224
0.1419390356
0.8435634318
2.176151168
2.31570023
2.888883525
3.073936826
4.071323914
5.015803549
7.198369575
11.16288515
85.82223592
14632.30161
19212.96504
21813.51166
22954.53577
23203.298
22886.67184
22185.74724
21209.71183
20030.9823
18700.76537
17256.49868
15726.00002
14130.12656
12484.62897
10801.49628
9089.949696
7357.184627
5608.928658
3849.865707
2083.96622
314.7554139
0.0001579650139
0.0001577339958
0.0001577339454
0.0001577334579
0.0001577329609
0.0001577328021
0.0001577326536
0.0001577324913
-0.2399687482
-0.7994758254
0.6553275026
1.32441339
2.167890595
3.594128835
4.500193287
5.769058096
10.45021408
16.58557653
244.6974505
11185.33624
21118.69211
23879.03296
24489.64247
24300.56743
23690.56257
22793.58682
21680.57812
20401.63462
18995.48577
17492.2653
15915.17379
14281.92773
12606.02044
10897.75696
9165.069631
7414.146847
5649.912431
3876.391677
2096.996283
314.7554139
0.000157963272
0.0001577338591
0.0001577337736
0.0001577333118
0.0001577328246
0.0001577326582
0.0001577325138
0.0001577323515
-0.3410865808
-0.113321631
0.4581610215
1.499363076
2.113616071
3.798715028
4.869419644
6.309502755
9.388869943
11.7437956
15962.75939
32468.36352
30197.33663
28094.31052
26824.46601
25818.77025
24781.41092
23617.45478
22317.38006
20899.49393
19387.27616
17801.89736
16160.49599
14476.38659
12759.76705
11018.44112
9258.424631
7484.42098
5700.184131
3908.794633
2112.873527
314.7554139
0.0001579614884
0.0001577337178
0.0001577335954
0.0001577331561
0.0001577326815
0.0001577325064
0.0001577323653
0.0001577322036
-0.3715792021
0.03711238863
0.5265806691
1.49881919
2.36989093
3.978920842
4.239824696
3.004982412
5.614646383
-27.81826794
24474.7103
43016.69881
38723.60635
31476.36137
28895.16152
27368.63319
25998.84917
24577.43922
23071.99887
21491.68955
19852.22715
18167.54671
16448.52002
14703.35182
12938.21872
11157.81529
9365.76643
7564.928787
5757.610288
3945.731686
2130.949559
314.7554139
0.0001579596725
0.0001577335737
0.000157733412
0.0001577329911
0.0001577325322
0.0001577323476
0.0001577322086
0.0001577320483
-0.4683963628
-0.1465453004
0.2306089192
1.00359596
2.001738314
3.301924432
4.323456591
3.90236796
3.623511113
-16.8593465
13.6859171
26352.73079
27862.96069
30191.96836
29911.21993
28761.74364
27267.91294
25621.45058
23901.48843
22143.04209
20362.39616
18567.53753
16762.67987
14950.27851
13131.93931
11308.83418
9481.896581
7651.918043
5819.598538
3985.574889
2150.439453
314.7554139
0.0001579578315
0.0001577334287
0.0001577332246
0.0001577328179
0.0001577323777
0.0001577321831
0.0001577320442
0.0001577318866
-0.6024306588
-0.5125039365
-0.3140613376
0.2873237126
1.412720777
2.998487778
5.594013002
5.139250633
2.653380574
-7.253969745
0.2662985257
15188.24201
26853.78886
31516.71684
31796.02294
30499.20072
28689.60522
26738.95898
24769.46316
22816.59699
20886.77681
18977.52215
17084.37795
15203.1398
13330.42433
11463.6845
9601.067079
7741.248917
5883.293071
4026.532612
2170.479832
314.7554139
0.0001579559713
0.0001577332833
0.0001577330324
0.0001577326394
0.0001577322195
0.0001577320142
0.0001577318726
0.0001577317194
-0.7542160829
-1.072419663
-1.291212653
-1.163647953
-0.6364067328
1.123219878
8.621360244
6.074327228
4.801600788
3.056123726
1.474398581
27221.07823
36186.06758
37226.24366
35256.95694
32749.4347
30252.34557
27875.31296
25620.8082
23467.10667
21390.58861
19371.38996
17394.16431
15447.47503
13522.93171
11614.41084
9717.437436
7828.718116
5945.794458
4066.78545
2190.193726
314.7554139
0.0001579540998
0.0001577331369
0.0001577328378
0.0001577324578
0.0001577320591
0.0001577318425
0.0001577316944
0.0001577315478
-0.9199440518
-1.806822407
-2.652695662
-3.284653125
-3.956034126
-3.893745611
20.64538569
6.58246038
2.246017858
-7.889466991
3581.194563
57506.47221
60266.19856
45947.2607
39256.1318
34989.24163
31695.02942
28889.13992
26371.35333
24040.43347
21837.07649
19723.27794
17673.40872
15669.66066
13699.41391
11753.58742
9825.552452
7910.392239
6004.383475
4104.623792
2208.756023
314.7554139
0.0001579522444
0.0001577329887
0.0001577326464
0.0001577322748
0.0001577318973
0.0001577316684
0.0001577315106
0.0001577313744
-1.089497077
-2.654765911
-4.374695571
-5.595649595
-4.627004531
-17.41758498
7.127017867
4.294514252
5572.026366
25921.84979
67574.80382
62444.86878
55474.57942
47040.27834
40831.07697
36256.37392
32649.38903
29614.86585
26935.03454
24486.19572
22193.99984
20011.22972
17906.52659
15858.34094
13851.47225
11874.96938
9920.791114
7982.915458
6056.725695
4138.572927
2225.452848
314.7554139
0.0001579504329
0.0001577328386
0.0001577324636
0.0001577320919
0.0001577317325
0.0001577314903
0.000157731324
0.0001577312055
-1.203787754
-3.45730212
-6.840536155
-12.87572947
-26.57147807
-41.55222432
10981.20953
39215.58237
49776.1185
49791.0918
67635.18488
58574.30956
52000.5162
45908.27905
40771.5273
36555.78807
33031.28787
29985.90321
27267.72392
24775.3105
22441.49028
20221.1079
18083.12178
16005.69958
13973.16022
11974.02299
9999.725362
8043.753355
6101.033187
4167.491944
2239.728551
314.7554139
0.0001579486548
0.0001577326882
0.0001577322886
0.0001577319084
0.0001577315617
0.0001577313081
0.0001577311371
0.0001577310457
-1.095401845
-3.085547073
-5.543672719
-8.926914955
-12.1146728
969.1735499
64384.89452
54238.33808
42549.00429
43100.94721
53156.40386
51765.06134
48044.84925
43820.79819
39790.96997
36163.96838
32934.07678
30029.73839
27374.64492
24905.82527
22575.53553
20348.58379
18199.14777
16108.16994
14061.44065
12048.23287
10060.33222
8091.340117
6136.164012
4190.635505
2251.215338
314.7554139
0.0001579468858
0.0001577325432
0.0001577321129
0.0001577317221
0.0001577313865
0.0001577311269
0.0001577309508
0.000157730887
-0.9559923825
-2.572467696
-4.179724406
-6.251278378
-2.406084468
10.21041961
14133.78604
52635.03717
46282.25871
51845.9358
49422.59466
47284.73426
44593.01166
41539.09202
38407.5925
35375.04678
32511.318
29824.32843
27295.2862
24897.80214
22606.2358
20398.5383
18256.70992
16166.38554
14116.19368
12097.1315
10102.02905
8125.111839
6161.649487
4207.672928
2259.743051
314.7554139
0.0001579451484
0.0001577324011
0.0001577319357
0.0001577315337
0.0001577312133
0.0001577309499
0.0001577307665
0.0001577307225
-0.8205228417
-2.248307603
-4.08592389
-6.92112626
-11.60761435
-16.83970408
-49.99812448
3330.300293
39921.4179
50655.67501
45402.93816
43358.22547
41503.36282
39334.97241
36925.27369
34417.31661
31911.82209
29460.96703
27084.36153
24783.85343
22553.06084
20382.6179
18262.76169
16184.46178
14139.81108
12122.06673
10125.53973
8145.429972
6177.651405
4218.665669
2265.329544
314.7554139
0.0001579434386
0.0001577322669
0.0001577317495
0.0001577313447
0.0001577310465
0.0001577307813
0.0001577305848
0.0001577305531
-0.6299136315
-1.689853081
-2.94885415
-4.133715218
-4.208062922
-4.563907243
-8.694193413
38.76859153
11358.9151
33183.00688
38175.09746
39241.84413
38727.24605
37372.175
35541.22502
33457.12769
31257.68419
29023.34981
26797.33189
24600.18224
22439.53
20316.10429
18227.24995
16168.88174
14136.51662
12125.78173
10132.63295
8153.418489
6184.862673
4224.010594
2268.154923
314.7554139
0.0001579417528
0.0001577321353
0.0001577315581
0.000157731158
0.0001577308897
0.0001577306184
0.0001577304095
0.0001577303862
-0.427277478
-1.096665409
-1.835681444
-2.20900206
-1.85851055
-0.8275691583
1.177221139
16.00137085
6960.726992
30002.47864
34872.96532
36706.8089
36791.61493
35885.26894
34410.32853
32612.2828
30638.43145
28577.40959
26481.42757
24380.0073
22288.76585
20215.0118
18161.24434
16127.29183
14111.58735
12111.90878
10125.79232
8150.750158
6184.37227
4224.360689
2268.524896
314.7554139
0.0001579401183
0.0001577320046
0.000157731369
0.0001577309793
0.0001577307389
0.0001577304585
0.0001577302418
0.0001577302247
-0.2624220276
-0.5741042378
-1.018090113
-1.035633933
-0.9749861195
0.2721292588
2.74124843
10.28895781
8471.627635
30848.94359
34607.5065
35920.82136
35847.14589
34966.96207
33602.53434
31943.23706
30106.34265
28166.42399
26170.95595
24149.64695
22120.50649
20093.9243
18075.41601
16067.44795
14070.62883
12084.47292
10107.87843
8139.41942
6177.517424
4220.536338
2266.829181
314.7554139
0.0001579385625
0.0001577318752
0.0001577311868
0.0001577308096
0.0001577305932
0.0001577303023
0.0001577300824
0.0001577300698
-0.1039860808
-0.1938663714
-0.3164781354
-0.3089294193
-0.3223459297
0.6077891129
2.386475777
6.46213718
19569.05864
35880.54507
36787.71685
36521.83171
35709.18758
34532.89716
33089.60509
31451.78248
29677.27297
27810.98333
25886.31979
23927.11056
21949.68007
19964.75423
17979.04027
15996.45039
14019.00495
12047.47562
10081.83033
8121.533403
6165.743234
4213.43914
2263.500561
314.7554139
0.0001579370945
0.0001577317481
0.0001577310134
0.0001577306489
0.0001577304535
0.0001577301518
0.0001577299323
0.0001577299225
0.02606878006
0.1717852139
0.3890277435
0.61370989
0.686851781
1.046250171
1.966514501
288.8216097
44324.4518
45059.58576
40140.37077
37669.60249
35934.8751
34365.82913
32771.20216
31097.01018
29339.97934
27513.91207
25636.22287
23722.78698
21786.33988
19836.36416
17879.5345
15920.30494
13961.46373
12004.59465
10050.43505
8099.141991
6150.484124
4203.977198
2258.978831
314.7554139
0.0001579357211
0.000157731624
0.0001577308475
0.0001577304995
0.0001577303215
0.0001577300088
0.000157729792
0.0001577297837
0.1079443818
0.4132995156
0.7859668855
1.28524186
1.51832774
1.332511092
2.221063282
2587.559558
46844.89238
46148.9569
41044.07021
38081.33351
35994.87674
34224.33802
32532.3615
30825.07302
29071.71792
27268.45713
25421.86497
23541.46569
21636.5198
19714.82125
17782.42413
15843.76879
13901.94968
11959.00446
10016.17394
8074.116169
6133.074708
4193.0071
2253.682279
314.7554139
0.0001579344491
0.0001577315042
0.0001577306893
0.0001577303624
0.000157730198
0.0001577298748
0.0001577296622
0.0001577296541
0.1315721574
0.4973579243
0.8508502484
1.48385575
1.767280938
1.439539915
1.515559614
125.1156067
39844.2144
42506.51851
39805.49964
37616.78729
35738.95721
34004.28243
32308.83074
30599.19874
28853.3571
27066.32669
25241.30581
23384.68245
21503.44511
19603.97168
17691.56872
15770.39471
13843.56098
11913.29936
9981.140039
8048.074069
6114.691452
4181.294184
2247.987652
314.7554139
0.0001579332818
0.0001577313909
0.0001577305399
0.0001577302376
0.0001577300837
0.0001577297507
0.0001577295433
0.0001577295345
0.1105650879
0.4508488806
0.7541767335
1.182959619
1.505117988
1.208176662
1.261870468
2.082848203
29447.60252
38228.22057
38054.81609
36841.35777
35339.8801
33745.00189
32099.47742
30409.52984
28676.17933
26902.17954
25092.34118
23252.50586
21388.6008
19506.04769
17609.48184
15702.67866
13788.59891
11869.49088
9947.011815
8022.347765
6096.322151
4169.489988
2242.218318
314.7554139
0.0001579322229
0.0001577312859
0.0001577304004
0.0001577301253
0.0001577299789
0.0001577296373
0.0001577294355
0.0001577294255
0.08199010165
0.3286825265
0.5390032498
0.8073099105
1.132851085
0.9270969851
1.441970273
0.8422289336
27680.35429
37751.15037
37344.41308
36353.94742
35034.20108
33536.36529
31934.54313
30263.25933
28539.64548
26773.86472
24973.36721
23144.3936
21292.40038
19422.13344
17537.62992
15642.23703
13738.66296
11829.05127
9915.066535
7997.981217
6078.757911
4158.124166
2236.639467
314.7554139
0.0001579312734
0.0001577311909
0.0001577302719
0.0001577300256
0.0001577298841
0.000157729535
0.0001577293391
0.0001577293275
0.05540476285
0.2420889091
0.3821570653
0.4705148818
0.8865073212
0.5382686189
1.585877966
0.1339969612
28136.41489
38052.74278
37218.22408
36195.81704
34906.60803
33431.71181
31839.06593
30169.31454
28445.27435
26680.26229
24882.86518
23059.29741
21214.47076
19352.45315
17476.66469
15589.97365
13694.76142
11792.98143
9886.218695
7975.749843
6062.601763
4147.607516
2231.458842
314.7554139
0.0001579304345
0.0001577311066
0.0001577301551
0.0001577299383
0.0001577297994
0.000157729444
0.0001577292539
0.0001577292407
0.01271001909
0.1419858369
0.2856158574
0.1914832297
0.7489905221
0.21072209
1.63833841
-0.1659985598
27051.04108
37326.70984
37280.48926
36304.48699
34964.69836
33444.80371
31820.69002
30129.65464
28391.87167
26619.04191
24818.53122
22995.45777
21153.72972
19296.54101
17426.59879
15546.22766
13657.42345
11761.88997
9861.072752
7956.193865
6048.288541
4138.242829
2226.831461
314.7554139
0.0001579297103
0.000157731034
0.0001577300514
0.0001577298634
0.0001577297251
0.0001577293645
0.0001577291798
0.0001577291645
-0.1094524001
0.1450179924
0.1094315847
-0.09054107632
0.6586885375
-0.004712383105
1.562356868
-0.222593551
33357.40658
39679.1452
38273.0163
36776.94039
35202.89102
33562.10962
31869.23214
30136.73961
28373.51364
26585.50068
24776.7584
22950.27087
21108.44699
19253.3793
17386.95789
15510.91014
13626.80959
11736.07691
9839.983247
7939.659498
6036.111582
4130.240662
2222.866892
314.7554139
0.0001579291107
0.0001577309825
0.0001577299693
0.0001577298084
0.0001577296689
0.000157729304
0.0001577291237
0.0001577291035
-0.3048100503
0.6744715198
0.1480524539
-0.2016284349
0.6504792052
0.2584987262
1.789211766
16.73783328
42933.41282
42303.58791
39355.58645
37327.36329
35507.81275
33731.50836
31957.38656
30174.55611
28379.94131
26572.68775
24752.7296
22920.41852
21076.40545
19221.56777
17356.93887
15483.64013
13602.82199
11715.61864
9823.117677
7926.343559
6026.252685
4123.737605
2219.637867
314.7554139
0.0001579286634
0.0001577309562
0.0001577299203
0.000157729784
0.0001577296429
0.0001577292748
0.0001577290993
0.0001577290844
-0.7874588653
-0.1492884094
-0.9776673968
-0.7516495771
0.114183613
-0.1779304576
1.44831626
4779.52141
46309.54206
40767.32387
39518.29202
37669.11426
35769.48396
33898.721
32054.24681
30224.15499
28399.00652
26572.57834
24741.05234
22902.26606
21055.18555
19199.54352
17335.58478
15463.88373
13585.21309
11700.45107
9810.518337
7916.337858
6018.812382
4118.814998
2217.189198
314.7554139
0.0001579282284
0.0001577309045
0.0001577298411
0.0001577297224
0.0001577295795
0.0001577292101
0.000157729038
0.0001577290198
205.6811942
4336.927348
2493.930547
1949.885889
2691.479084
4303.215363
15688.57815
38892.12946
48080.81551
42865.94946
40281.06498
38061.33734
36002.28523
34039.64168
32136.7219
30268.80849
28419.34998
26577.56537
24736.63363
22892.40541
21042.52396
19185.83179
17321.96778
15451.09076
13573.68861
11690.44678
9802.159222
7909.670082
6013.837929
4115.516331
2215.546094
314.7554139
0.0001579278934
0.0001577308116
0.0001577297334
0.0001577296285
0.0001577294799
0.000157729109
0.0001577289365
0.0001577289063
21756.28877
29743.74608
19966.82266
24473.98688
35907.91326
38397.00267
41368.2122
44486.47796
46733.76321
43462.13796
40678.69851
38292.90445
36138.67579
34120.83569
32184.18792
30295.00504
28432.01788
26581.69785
24735.50937
22888.19537
21036.66967
19179.28752
17315.35836
15444.81647
13567.99653
11685.48043
9797.993847
7906.337987
6011.346714
4113.861807
2214.721106
314.7554139
0.0001579277743
0.0001577308903
0.0001577297856
0.0001577297068
0.0001577295573
0.0001577291756
0.0001577290025
0.0001577289848
)
;

boundaryField
{
    lowerWall
    {
        type            fixedFluxPressure;
        gradient        uniform 0;
        value           nonuniform List<scalar> 
80
(
0.0001577289095
0.000157728897
0.0001577289463
0.000157729009
0.0001577290399
0.0001577290993
0.0001577291739
0.0001577292605
0.0001577293587
0.0001577294682
0.0001577295885
0.0001577297188
0.0001577298584
0.0001577300066
0.0001577301627
0.0001577303256
0.0001577304946
0.0001577306684
0.0001577308452
0.0001577310203
0.0001577311859
0.0001577313464
0.0001577315111
0.0001577316832
0.0001577318546
0.0001577320208
0.0001577321806
0.0001577323329
0.0001577324769
0.0001577326117
0.0001577327364
0.0001577328506
0.0001577329537
0.0001577330451
0.0001577331244
0.0001577331912
0.0001577332451
0.0001577332858
0.0001577333131
0.0001577333267
0.0001577333266
0.0001577333129
0.0001577332856
0.0001577332451
0.0001577331916
0.0001577331254
0.0001577330471
0.0001577329571
0.0001577328559
0.0001577327442
0.0001577326224
0.0001577324913
0.0001577323515
0.0001577322036
0.0001577320483
0.0001577318866
0.0001577317194
0.0001577315478
0.0001577313744
0.0001577312055
0.0001577310457
0.000157730887
0.0001577307225
0.0001577305531
0.0001577303862
0.0001577302247
0.0001577300698
0.0001577299225
0.0001577297837
0.0001577296541
0.0001577295345
0.0001577294255
0.0001577293275
0.0001577292407
0.0001577291645
0.0001577291035
0.0001577290844
0.0001577290198
0.0001577289063
0.0001577289848
)
;
    }
    atmosphere
    {
        type            totalPressure;
        rho             rho;
        psi             none;
        gamma           1;
        p0              uniform 0;
        value           nonuniform List<scalar> 
80
(
0
0
-0.01090937711
-0.2026379049
-0.5049146657
-0.6718404792
-0.4513904674
-0.6693967569
-0.4960684154
-0.6032348207
-0.1270068994
0
0
0
0
0
0
-0.01189398161
0
0
0
0
-0.2937452155
-0.8383891997
-0.6985710535
-0.5729924701
-0.4412089727
-0.3333676587
-0.246378428
-0.1801839899
-0.1358882012
-0.1103673352
-0.1043604472
-0.1052828083
-0.1049096761
-0.1169831759
-0.1264548726
-0.1456787352
-0.1713055489
-0.2176872692
-0.2882871424
-0.4027290926
-0.4902734741
-0.02676911118
0
0
-0.06745994792
-0.02616211929
0
0
-0.1350507195
-0.1506005717
-0.2717670909
-0.4080774416
-0.4988169004
-0.5456206919
-0.5941253415
-0.5542986051
-0.4566725393
-0.3171467984
-0.2047953795
-0.09766569393
-0.04946609126
-0.02367122824
-0.009087599334
-0.00131645666
0
0
0
0
-0.003403858907
-0.01000933557
-0.01246072722
-0.004104127385
-0.007706926463
-0.02240008281
0
0
0
0
)
;
    }
    rightWall
    {
        type            empty;
    }
    leftWall
    {
        type            empty;
    }
    frontAndBack
    {
        type            fixedFluxPressure;
        gradient        nonuniform List<scalar> 
80
(
2.182726087e-06
6.54817728e-06
0.001111068412
0.01014427767
0.01157364194
-36.70711591
-7445.335482
0
0
0
0
0
0
0
0
0
0
0
0
0
0
0
0
0
0
0
0
0
0
0
0
0
0.0001418774219
0.0001462425751
0.0001506080251
0.000154973475
0.000159338925
0.000163704375
0.000168069825
0.000172435275
0.001777466121
0.003801405676
0.01175374009
0.01452692729
0.01103624996
0.01348875005
0.01594124995
-56.39634891
0
0
0
0
0
0
0
0
0
0
0
0
0
0
0
0
0
0
0
0
0
0
0
0
0.0001418775213
0.000146242575
0.000150608025
0.000154973475
0.000159338925
0.000163704375
0.000168069825
0.000172435275
)
;
        value           nonuniform List<scalar> 
80
(
1.471728053
2.357739151
14.23245197
638.0983172
26476.48889
25045.37103
18433.24509
14303.52138
12442.67408
11362.81467
10688.48377
10212.67206
9826.520824
9474.020412
9126.545536
8769.366787
8394.779941
7998.716319
7579.107063
7135.096806
6666.653617
6174.357515
5659.268733
5122.833301
4566.808602
3993.20181
3404.218127
2802.217277
2189.677061
1569.16266
943.3004494
314.7554139
0.0001578886102
0.0001577397828
0.0001577396413
0.0001577393793
0.000157739502
0.0001577394056
0.0001577394471
0.0001577396867
21756.28877
29743.74608
19966.82266
24473.98688
35907.91326
38397.00267
41368.2122
44486.47443
46733.76321
43462.13796
40678.69851
38292.90445
36138.67579
34120.83569
32184.18792
30295.00504
28432.01788
26581.69785
24735.50937
22888.19537
21036.66967
19179.28752
17315.35836
15444.81647
13567.99653
11685.48043
9797.993847
7906.337987
6011.346714
4113.861807
2214.721106
314.7554139
0.0001579366416
0.0001577400304
0.0001577391987
0.0001577393926
0.000157739516
0.0001577394072
0.0001577395068
0.000157739762
)
;
    }
}


// ************************************************************************* //
