/*--------------------------------*- C++ -*----------------------------------*\
| =========                 |                                                 |
| \\      /  F ield         | OpenFOAM: The Open Source CFD Toolbox           |
|  \\    /   O peration     | Version:  2506                                  |
|   \\  /    A nd           | Website:  www.openfoam.com                      |
|    \\/     M anipulation  |                                                 |
\*---------------------------------------------------------------------------*/
FoamFile
{
    version     2.0;
    format      ascii;
    arch        "LSB;label=32;scalar=64";
    class       volScalarField;
    location    "0.01";
    object      Qv;
}
// * * * * * * * * * * * * * * * * * * * * * * * * * * * * * * * * * * * * * //

dimensions      [1 0 -3 0 0 0 0];

internalField   nonuniform List<scalar> 
3200
(
13411087.88
13565233.77
13846960.54
14135356.17
12698787.25
12545096.98
8611127.766
5591243.92
2949981.887
795448.4377
111645.7988
14713.07224
3756.431982
2001.450186
1604.382499
1503.951023
1479.291673
1473.692279
1472.526885
1472.303842
1472.264352
1472.257835
1472.256785
1472.25646
1472.255793
1472.253666
1472.24733
1472.230288
1472.189219
1472.101144
1471.933947
1471.653668
1471.653898
1471.664104
1471.672889
1471.680235
1471.686129
1471.690559
1471.693518
1471.694998
13243887.62
13275341.47
13336719.09
12968969.18
12652488.46
12507062.27
7812444.177
5171987.449
2617845.011
691491.196
98820.25698
13720.50773
3662.748182
1989.481956
1603.008244
1503.981655
1479.385549
1473.7318
1472.538819
1472.30686
1472.265026
1472.257972
1472.256811
1472.256464
1472.255794
1472.253666
1472.24733
1472.230288
1472.189219
1472.101144
1471.933947
1471.653668
1471.653898
1471.664104
1471.672889
1471.680235
1471.686129
1471.690559
1471.693518
1471.694998
13087789.78
13053308.33
12961627.19
12667972.55
12632008.82
12603235.21
8102597.257
4767895.48
2163324.983
562103.5155
83794.57941
12627.00292
3578.144244
1985.292501
1605.209529
1505.364795
1479.918641
1473.896635
1472.582777
1472.317319
1472.267291
1472.258424
1472.256895
1472.256479
1472.255796
1472.253666
1472.24733
1472.230288
1472.189219
1472.101144
1471.933947
1471.653668
1471.653898
1471.664104
1471.672889
1471.680235
1471.686129
1471.690559
1471.693518
1471.694998
12986300.73
12944113.8
12854426.17
12715527.53
12631577.68
12612904.19
8842956.162
4474736.995
1786534.349
482167.5023
77162.46222
12544.79698
3665.96627
2025.616603
1621.197003
1511.055207
1481.714369
1474.401833
1472.711022
1472.347037
1472.273637
1472.259682
1472.257128
1472.256519
1472.255803
1472.253667
1472.247331
1472.230288
1472.189219
1472.101144
1471.933947
1471.653668
1471.653898
1471.664104
1471.672889
1471.680235
1471.686129
1471.690559
1471.693518
1471.694998
12929274.23
12896100.11
12825798.12
12727014.15
12692932.74
12606572.2
9207086.663
4953293.87
1917564.539
511064.1679
87141.52941
14709.58253
4154.92286
2167.647033
1668.103486
1526.364396
1486.342629
1475.676444
1473.031306
1472.420941
1472.289403
1472.26281
1472.257708
1472.25662
1472.255819
1472.25367
1472.247331
1472.230288
1472.189219
1472.101144
1471.933947
1471.653668
1471.653898
1471.664104
1471.672889
1471.680235
1471.686129
1471.690559
1471.693518
1471.694998
12903055.08
12873430.59
12809926.21
12711719.65
12578431.55
12543933.47
9729692.063
4860320.884
1960852.612
605407.6152
120251.0724
21274.57242
5474.524283
2511.288864
1774.327
1560.039789
1496.431472
1478.453434
1473.730876
1472.582901
1472.324064
1472.269706
1472.25899
1472.256844
1472.255856
1472.253676
1472.247332
1472.230288
1472.189219
1472.101144
1471.933947
1471.653668
1471.653898
1471.664104
1471.672889
1471.680235
1471.686129
1471.690559
1471.693518
1471.694998
12899797.42
12869045.04
12803075.38
12703146.13
12597119.64
12599554.81
12041868.37
6687822.247
2633071.809
908692.9134
210963.4766
39036.39017
8714.303188
3250.455632
1983.729603
1624.048954
1515.445379
1483.699026
1475.059116
1472.891975
1472.390489
1472.282964
1472.26146
1472.257276
1472.255927
1472.253687
1472.247333
1472.230289
1472.189219
1472.101144
1471.933947
1471.653668
1471.653898
1471.664104
1471.672889
1471.680235
1471.686129
1471.690559
1471.693518
1471.694998
12915612.94
12882004.79
12807052.77
12679427.58
12469139.2
12453574.69
12065197.03
10230012.19
4683984.462
1623923.855
420418.2463
82194.22866
16047.95325
4683.305253
2343.619792
1728.180505
1545.939953
1492.130218
1477.208084
1473.395345
1472.499261
1472.304763
1472.265533
1472.257988
1472.256044
1472.253705
1472.247336
1472.230289
1472.189219
1472.101144
1471.933947
1471.653668
1471.653898
1471.664104
1471.672889
1471.680235
1471.686129
1471.690559
1471.693518
1471.694998
12945978.63
12909625.68
12829095.53
12694993.96
12500618.32
12491829.2
12354334.97
12216407.65
6790308.394
2547370.976
745871.2386
160461.0254
29601.54603
7037.185293
2865.111543
1869.566601
1586.622789
1503.41464
1480.110145
1474.081215
1472.648557
1472.334849
1472.271176
1472.258978
1472.256207
1472.25373
1472.24734
1472.230289
1472.189219
1472.101144
1471.933947
1471.653668
1471.653898
1471.664104
1471.672889
1471.680235
1471.686129
1471.690559
1471.693518
1471.694998
12983001.92
12944899.11
12862490.52
12722552.25
12482953.58
12431918.19
12407759.51
11803400.65
9280544.88
3683209.67
1083312.37
254149.3903
47676.24729
10067.11184
3477.64463
2026.347666
1631.054963
1515.810012
1483.334885
1474.851885
1472.817832
1472.369191
1472.277648
1472.260117
1472.256395
1472.253759
1472.247344
1472.23029
1472.189219
1472.101144
1471.933947
1471.653668
1471.653898
1471.664104
1471.672888
1471.680235
1471.686129
1471.690559
1471.693517
1471.694998
13014259.14
12970392.84
12886242.04
12763765.09
12601893.31
12447437.98
12389918.13
12143544.92
12148258.37
4762147.405
1212334.699
327576.4506
65353.81739
13125.59575
4063.752286
2169.700607
1671.133673
1527.047252
1486.289514
1475.565294
1472.975805
1472.401422
1472.283742
1472.261191
1472.256572
1472.253787
1472.247348
1472.230291
1472.189219
1472.101144
1471.933947
1471.653668
1471.653898
1471.664104
1471.672888
1471.680235
1471.686129
1471.690559
1471.693517
1471.694998
13030279.95
12973306.09
12876559.97
12755208.47
12607719.64
12487843.01
12452958.64
12464919.67
12406454.95
5822131.382
1472423.734
424600.4548
85204.2537
16161.26872
4582.800729
2287.265088
1702.85604
1535.841283
1488.597697
1476.122928
1473.09928
1472.426572
1472.288479
1472.26202
1472.256708
1472.253808
1472.247351
1472.230291
1472.189219
1472.101144
1471.933947
1471.653668
1471.653898
1471.664104
1471.672888
1471.680235
1471.686129
1471.690559
1471.693517
1471.694998
13031790.81
12957167.41
12837749.36
12707723.28
12588706.19
12494889.51
12434310.7
12425987.74
12275769
6670665.379
2111600.084
602154.1388
114164.1356
19687.06505
5077.931502
2385.325257
1727.345806
1542.342788
1490.258692
1476.51607
1473.184711
1472.443635
1472.291624
1472.262558
1472.256793
1472.25382
1472.247353
1472.230291
1472.189219
1472.101144
1471.933947
1471.653668
1471.653898
1471.664104
1471.672888
1471.680235
1471.686128
1471.690559
1471.693517
1471.694998
13045579.99
12957751.14
12827796.14
12699285.26
12588260.52
12492987.48
12390250.99
12331137.55
12396641.08
8020786.673
3175588.276
899193.4978
157634.6636
24120.98335
5599.360765
2475.886031
1748.114076
1547.548077
1491.530455
1476.805151
1473.244994
1472.455144
1472.293638
1472.262881
1472.256841
1472.253827
1472.247354
1472.230291
1472.189219
1472.101144
1471.933947
1471.653668
1471.653898
1471.664104
1471.672888
1471.680234
1471.686128
1471.690559
1471.693517
1471.694998
13091158.46
12999369.03
12866523.57
12734755.4
12623368.39
12525754.82
12359454.97
12208025.22
12331795.12
10050701.84
4658472.049
1300539.129
213754.5394
29385.58982
6167.250314
2568.89002
1768.688834
1552.562178
1492.72042
1477.066614
1473.297329
1472.464645
1472.295199
1472.263112
1472.256872
1472.25383
1472.247354
1472.230291
1472.189219
1472.101144
1471.933947
1471.653667
1471.653898
1471.664104
1471.672888
1471.680234
1471.686128
1471.690559
1471.693517
1471.694998
13166119.8
13074236.39
12936567.89
12797320.82
12682755.07
12631066.77
12578798.08
12400527.8
12403008.1
12056947.21
5687847.752
1630931.927
267090.5853
34794.40647
6766.708325
2668.164571
1790.781927
1557.934946
1493.98093
1477.338104
1473.350195
1472.473906
1472.296651
1472.263313
1472.256896
1472.253833
1472.247354
1472.230291
1472.189219
1472.101144
1471.933947
1471.653667
1471.653898
1471.664104
1471.672888
1471.680234
1471.686128
1471.690559
1471.693517
1471.694998
13262830.85
13172709.74
13027177.2
12861751.45
12682079.93
12651842.14
12758628.44
12402180.24
12392822.5
12165844.15
5893914.839
1808165.773
310345.4946
40043.59885
7378.399368
2769.455213
1813.028666
1563.234239
1495.188538
1477.588467
1473.396632
1472.481541
1472.297747
1472.263445
1472.256907
1472.253833
1472.247354
1472.230291
1472.189219
1472.101144
1471.933947
1471.653667
1471.653898
1471.664104
1471.672888
1471.680234
1471.686128
1471.690559
1471.693517
1471.694998
13375687.76
13288309.27
13141602.87
12954872.53
12691434.19
12656909.21
12786519.3
12687636.66
12318622.89
11282624.08
5431536.875
1878175.221
345280.9535
44857.22204
7930.729934
2855.474252
1830.617507
1567.088823
1495.97774
1477.729409
1473.417362
1472.483723
1472.29779
1472.263391
1472.256889
1472.253829
1472.247353
1472.230291
1472.189219
1472.101144
1471.933947
1471.653667
1471.653898
1471.664104
1471.672888
1471.680234
1471.686128
1471.690559
1471.693517
1471.694998
13521229.1
13446086.08
13337991.15
13217664.32
13061935.43
12946065.89
13092967.22
13238656.25
12353893.54
8629993.683
5197892.025
1961816.013
374791.3283
48474.52338
8282.555461
2899.214972
1837.004173
1567.775631
1495.912284
1477.659543
1473.390932
1472.4763
1472.296041
1472.263029
1472.256821
1472.253817
1472.247351
1472.230291
1472.189219
1472.101144
1471.933947
1471.653667
1471.653897
1471.664104
1471.672888
1471.680234
1471.686128
1471.690559
1471.693517
1471.694998
13753657.36
13716724.4
13692969.03
13694434.86
13605751.68
13325695.74
13310396.88
13569173.45
13885928.23
8350791.1
5271947.229
2039170.889
390797.7351
49496.70811
8267.273792
2875.213715
1826.813139
1564.013342
1494.695498
1477.315892
1473.305243
1472.457166
1472.292167
1472.26231
1472.256698
1472.253797
1472.247348
1472.23029
1472.189219
1472.101144
1471.933947
1471.653667
1471.653897
1471.664103
1471.672888
1471.680234
1471.686128
1471.690559
1471.693517
1471.694998
14118508.9
14135951.07
14213143.18
14332955.57
14370381.81
14258887.4
13853836.53
14095111.71
14536407.48
12376912.41
5439894.63
2038848.218
378791.5514
46435.33097
7761.05936
2768.394919
1797.422601
1555.330874
1492.262313
1476.695807
1473.162331
1472.427211
1472.286413
1472.26129
1472.25653
1472.253772
1472.247345
1472.23029
1472.189219
1472.101144
1471.933947
1471.653667
1471.653897
1471.664103
1471.672888
1471.680234
1471.686128
1471.690559
1471.693517
1471.694998
14574912.69
14633902.67
14788800.24
14993831.16
15189691.19
15328831.63
15364499.71
15230427.12
15798010.31
15468790.65
5813933.159
1936629.328
331426.9026
39024.30505
6776.817955
2582.234591
1749.995588
1542.23253
1488.804623
1475.859413
1472.978122
1472.39011
1472.279535
1472.260109
1472.256341
1472.253743
1472.247341
1472.230289
1472.189219
1472.101144
1471.933947
1471.653667
1471.653897
1471.664103
1471.672888
1471.680234
1471.686128
1471.690558
1471.693517
1471.694998
15079534.47
15155675.75
15336126.48
15599201.27
15921444.06
16279085.87
16666908.04
17100039.74
17221541.61
17336172.49
6115278.48
1719934.505
256703.7686
29075.25266
5518.380416
2345.073764
1690.642483
1526.402365
1484.792025
1474.926673
1472.780148
1472.351564
1472.272607
1472.258953
1472.256161
1472.253717
1472.247337
1472.230289
1472.189219
1472.101144
1471.933947
1471.653667
1471.653897
1471.664103
1471.672888
1471.680234
1471.686128
1471.690558
1471.693517
1471.694997
15637515.65
15719748.46
15911514.25
16205694.14
16604441.96
17100871.69
17676890.4
18173466.62
17984943.62
18202314.08
5927307.593
1398463.331
176722.6726
19654.35285
4300.30491
2103.932346
1629.702115
1510.480695
1480.883759
1474.048697
1472.59985
1472.317534
1472.266667
1472.257988
1472.256015
1472.253696
1472.247334
1472.230289
1472.189219
1472.101144
1471.933947
1471.653667
1471.653897
1471.664103
1471.672888
1471.680234
1471.686128
1471.690558
1471.693517
1471.694997
16232189.62
16321711.2
16517777.38
16830695.89
17277116.81
17875065.69
18660971.95
19628521.46
20512743.22
18840317.99
5585283.37
1082735.668
114351.3687
12892.32993
3360.864303
1903.197342
1577.8935
1497.133109
1477.694183
1473.353176
1472.461153
1472.29208
1472.26234
1472.257303
1472.255913
1472.253682
1472.247332
1472.230288
1472.189219
1472.101144
1471.933947
1471.653667
1471.653897
1471.664103
1471.672888
1471.680234
1471.686128
1471.690558
1471.693517
1471.694997
16825739.75
16917416.56
17114886.25
17434511.29
17898250.69
18535178.96
19396806.33
20510142.94
20836015.93
19188000.22
5373130.686
855534.7165
76438.85007
8957.808659
2760.175852
1764.691572
1541.461391
1487.861271
1475.528857
1472.892804
1472.371617
1472.276039
1472.259675
1472.25689
1472.255853
1472.253674
1472.247331
1472.230288
1472.189219
1472.101144
1471.933947
1471.653667
1471.653897
1471.664103
1471.672887
1471.680234
1471.686128
1471.690558
1471.693517
1471.694997
17390710.54
17481703.8
17675231.76
17987483.72
18436634.44
19050477.67
19844238.88
20805470.37
20941808.07
19057901.22
5275781.359
721661.6791
56877.54516
6960.722517
2428.634244
1683.944165
1520.033922
1482.480165
1474.297289
1472.636488
1472.322795
1472.267465
1472.258278
1472.256678
1472.255823
1472.25367
1472.247331
1472.230288
1472.189219
1472.101144
1471.933947
1471.653667
1471.653897
1471.664103
1471.672887
1471.680234
1471.686128
1471.690558
1471.693517
1471.694997
17915210.69
18001791.86
18183787.2
18474926.27
18886478.77
19442885.88
20122359.66
20924531.68
21022430.38
18819740.69
5322281.464
671071.92
48710.0793
6083.578647
2271.035552
1643.896282
1509.330452
1479.816475
1473.696446
1472.513404
1472.299717
1472.263473
1472.257636
1472.256582
1472.255809
1472.253668
1472.247331
1472.230288
1472.189219
1472.101144
1471.933947
1471.653667
1471.653897
1471.664103
1471.672887
1471.680234
1471.686128
1471.690558
1471.693517
1471.694997
18394245.03
18473030.76
18636976.08
18896481.18
19257093.19
19732623.63
20283974.13
20912506.31
20987056.66
19166685.61
5550771.941
693977.0177
47776.81163
5846.942907
2215.672687
1627.974187
1504.824081
1478.66709
1473.435023
1472.459857
1472.289722
1472.261756
1472.257363
1472.256541
1472.255804
1472.253667
1472.247331
1472.230288
1472.189219
1472.101144
1471.933946
1471.653666
1471.653897
1471.664103
1471.672887
1471.680234
1471.686128
1471.690558
1471.693516
1471.694997
18829024.88
18897423.86
19038896.81
19260743.41
19567716.02
19959399.87
20385728.94
20768659.07
20792414.24
21321615.58
6282984.67
795619.8508
52190.52795
6002.204823
2218.600102
1625.047884
1503.456906
1478.242789
1473.328801
1472.436979
1472.285337
1472.260992
1472.25724
1472.256523
1472.255801
1472.253667
1472.247331
1472.230288
1472.189219
1472.101144
1471.933946
1471.653666
1471.653897
1471.664103
1471.672887
1471.680233
1471.686128
1471.690558
1471.693516
1471.694997
19225464.93
19282022.15
19399111.4
19582253.97
19840724.55
20173363.63
20543224.08
20899278.51
21038267.21
23204494.49
12559144.7
1429417.481
68440.8573
6540.196956
2262.289358
1629.881507
1503.756699
1478.167422
1473.291521
1472.426904
1472.283188
1472.260596
1472.257175
1472.256513
1472.2558
1472.253667
1472.247331
1472.230288
1472.189219
1472.101144
1471.933946
1471.653666
1471.653897
1471.664103
1471.672887
1471.680233
1471.686127
1471.690558
1471.693516
1471.694997
19592271.32
19636990.55
19730177.62
19877156.46
20089499.42
20377854.7
20718554.58
21044294.57
21253227.06
25183242.38
26527518.96
12171222.47
355093.8362
8991.180033
2374.29409
1642.572683
1505.355397
1478.316187
1473.292112
1472.423044
1472.282027
1472.260352
1472.257131
1472.256506
1472.255799
1472.253667
1472.247331
1472.230288
1472.189219
1472.101144
1471.933946
1471.653666
1471.653896
1471.664103
1471.672887
1471.680233
1471.686127
1471.690558
1471.693516
1471.694997
19938630.78
19972819.6
20044305.44
20157665.43
20324986.28
20565081.27
20909591.8
21346970.87
21906873.51
22835181.09
22731697.05
24856169.73
12171540.7
51485.92009
2832.977169
1673.861129
1508.920563
1478.710239
1473.323787
1472.423154
1472.281387
1472.260178
1472.257098
1472.2565
1472.255798
1472.253666
1472.247331
1472.230288
1472.189219
1472.101144
1471.933946
1471.653666
1471.653896
1471.664103
1471.672887
1471.680233
1471.686127
1471.690558
1471.693516
1471.694997
20271619.43
20297012.63
20350211.34
20434831.51
20561733.8
20749889.46
21039578.83
21471069.83
22039075.39
22753695.16
22891224.07
24407642
13180942.63
155723.3227
3976.263771
1750.430875
1516.98609
1479.57968
1473.404351
1472.428091
1472.281216
1472.260052
1472.25707
1472.256495
1472.255797
1472.253666
1472.24733
1472.230288
1472.189219
1472.101144
1471.933946
1471.653666
1471.653896
1471.664102
1471.672887
1471.680233
1471.686127
1471.690558
1471.693516
1471.694997
20595400.2
20613383.41
20651373.05
20712173.41
20803075.85
20936711.95
21134346.58
21421444.08
21815338.05
22340644.73
23498269.49
24104983.63
15559186.49
385593.5361
6432.814403
1902.6568
1533.136809
1481.315305
1473.571567
1472.441152
1472.281771
1472.259989
1472.257047
1472.256491
1472.255797
1472.253666
1472.24733
1472.230288
1472.189219
1472.101144
1471.933946
1471.653666
1471.653896
1471.664102
1471.672887
1471.680233
1471.686127
1471.690558
1471.693516
1471.694997
20912017.9
20923647.13
20948672.14
20988946.83
21048352.85
21133152.82
21251591.91
21406606.77
21572608.87
21613413.65
21080093.91
20662224.67
18467438.22
874106.76
11660.66713
2151.761495
1558.77442
1484.103252
1473.847547
1472.464606
1472.28326
1472.260008
1472.257032
1472.256488
1472.255796
1472.253666
1472.24733
1472.230288
1472.189219
1472.101144
1471.933946
1471.653666
1471.653896
1471.664102
1471.672887
1471.680233
1471.686127
1471.690558
1471.693516
1471.694997
21221747.02
21227846.03
21241650.95
21264170.86
21296720
21340903.02
21397619.11
21458762.31
21495031.85
21408290.61
21014610.84
20758219.79
19882888
1866229.188
23659.5809
2538.941493
1594.866585
1487.978495
1474.232559
1472.498121
1472.285617
1472.260099
1472.257023
1472.256485
1472.255795
1472.253666
1472.24733
1472.230288
1472.189219
1472.101144
1471.933946
1471.653666
1471.653896
1471.664102
1471.672887
1471.680233
1471.686127
1471.690558
1471.693516
1471.694997
21523400.54
21524259.8
21527530.17
21533559.76
21541672.26
21550085.91
21555235.59
21547029.67
21500484.54
21353242.54
20991868.43
20347133.71
20230582.1
3019027.773
47609.91762
3138.114436
1647.046869
1493.658376
1474.808363
1472.549739
1472.289538
1472.260318
1472.257025
1472.256483
1472.255795
1472.253666
1472.24733
1472.230288
1472.189219
1472.101144
1471.933946
1471.653666
1471.653896
1471.664102
1471.672887
1471.680233
1471.686127
1471.690558
1471.693516
1471.694997
21815557.43
21811127.77
21803906.81
21793711.23
21777891.5
21751369.92
21707165
21634498.82
21517458.22
21331253.07
21055913.6
20851371.17
20215650.01
5484270.594
119007.8206
4268.025806
1726.570695
1502.040003
1475.671555
1472.630217
1472.296139
1472.260768
1472.257046
1472.256482
1472.255795
1472.253666
1472.24733
1472.230288
1472.189219
1472.101144
1471.933946
1471.653666
1471.653896
1471.664102
1471.672887
1471.680233
1471.686127
1471.690558
1471.693516
1471.694997
22097225.55
22087214.58
22069073.64
22042223.04
22002075.21
21940313.04
21846648.41
21708941.68
21515508.36
21266685.41
21010812.79
20980902.69
20192614
5496866.184
143486.3114
4965.491059
1789.697472
1510.098811
1476.606007
1472.723724
1472.304215
1472.261358
1472.257078
1472.256483
1472.255795
1472.253666
1472.24733
1472.230288
1472.189219
1472.101144
1471.933946
1471.653666
1471.653896
1471.664102
1471.672887
1471.680233
1471.686127
1471.690558
1471.693516
1471.694997
22368558.13
22352692.52
22323416.24
22280183.93
22216229.91
22119117.11
21975610.65
21769256.69
21481917.79
21124582.8
20956510.78
20847779.5
19642170.76
4671039.109
131487.1121
5186.114377
1825.365297
1515.529021
1477.27968
1472.791416
1472.309778
1472.261715
1472.257092
1472.256482
1472.255794
1472.253666
1472.24733
1472.230288
1472.189219
1472.101144
1471.933946
1471.653666
1471.653896
1471.664102
1471.672887
1471.680233
1471.686127
1471.690558
1471.693516
1471.694997
22630865.5
22608990.85
22568555.31
22509535.28
22423249.01
22294657.02
22109858.42
21834072.88
21440123.01
20942804.29
20797400.91
20314178.79
17937898.75
3990131.171
119622.6306
5194.387002
1835.882974
1517.269748
1477.476627
1472.805924
1472.31009
1472.261606
1472.257067
1472.256479
1472.255794
1472.253666
1472.24733
1472.230288
1472.189219
1472.101144
1471.933946
1471.653666
1471.653896
1471.664102
1471.672887
1471.680233
1471.686127
1471.690558
1471.693516
1471.694997
22886438.91
22858133.75
22806565.37
22733425.78
22630506.38
22483129.42
22265147.78
21912655.22
21384143.39
20673121.65
20402161.43
20133776.76
16358211.61
3249104.442
94725.66709
4722.389392
1800.587385
1512.734042
1476.884989
1472.735297
1472.302412
1472.260836
1472.256995
1472.256472
1472.255793
1472.253666
1472.24733
1472.230288
1472.189219
1472.101144
1471.933946
1471.653666
1471.653896
1471.664102
1471.672887
1471.680233
1471.686127
1471.690558
1471.693516
1471.694997
23137826.25
23102922.76
23043172.01
22962623.64
22854601.07
22697885.51
22449861.35
22022388.17
21344948.29
20342437.61
20119495.46
20169761.47
16764957.07
2765035.675
66089.45936
3909.458509
1724.968173
1502.526139
1475.591638
1472.590947
1472.28806
1472.259538
1472.256885
1472.256463
1472.255793
1472.253666
1472.24733
1472.230288
1472.189219
1472.101144
1471.933946
1471.653666
1471.653896
1471.664102
1471.672887
1471.680233
1471.686127
1471.690558
1471.693516
1471.694997
23393044.55
23356703.06
23296858.47
23216730.39
23107705
22943773.82
22656307.13
22159156.31
21337961.87
20022076.68
19890213.4
18557904.64
15644115.52
1857393.746
37376.62205
3078.943992
1643.265085
1491.797251
1474.29659
1472.453514
1472.275047
1472.258413
1472.256794
1472.256456
1472.255792
1472.253666
1472.24733
1472.230288
1472.189219
1472.101144
1471.933946
1471.653666
1471.653896
1471.664102
1471.672887
1471.680233
1471.686127
1471.690558
1471.693516
1471.694997
23663556.86
23634991.85
23581175.8
23501073.17
23384642.12
23191560.35
22859063.7
22307019.29
21358316.91
20002818.38
18242569.47
15343830.52
11332165.2
720326.851
14323.17219
2270.834866
1560.080591
1481.828801
1473.222912
1472.351133
1472.266205
1472.257701
1472.256739
1472.256452
1472.255792
1472.253666
1472.24733
1472.230288
1472.189219
1472.101144
1471.933946
1471.653666
1471.653896
1471.664102
1471.672887
1471.680233
1471.686127
1471.690558
1471.693516
1471.694997
23949871.19
23962831.62
23927113.09
23828330.05
23674358.75
23428384.05
23040792.66
22493259.73
21843987.41
21804732.57
17204089.35
11936588.24
2304772.787
67532.43661
4033.182934
1732.679716
1503.041598
1475.709628
1472.636142
1472.300342
1472.262106
1472.257378
1472.256712
1472.256449
1472.255791
1472.253666
1472.24733
1472.230288
1472.189219
1472.101144
1471.933946
1471.653666
1471.653896
1471.664102
1471.672887
1471.680233
1471.686127
1471.690558
1471.693516
1471.694997
24318526.88
24617446.09
24560568.75
24308681.49
24039202.41
23688965.18
23177697.16
22519337.22
21815529.11
21495646.16
18697486.04
5079651.518
230930.0172
8042.489156
2055.195738
1547.653708
1482.178522
1473.577348
1472.441819
1472.283953
1472.260748
1472.257258
1472.2567
1472.256448
1472.255791
1472.253666
1472.24733
1472.230288
1472.189219
1472.101144
1471.933946
1471.653666
1471.653896
1471.664102
1471.672887
1471.680233
1471.686127
1471.690558
1471.693516
1471.694997
25015489.03
26850656.18
26238210.57
25224502.73
24631641.59
24098521.09
23425267.18
22547983.28
21409548.11
19643706.04
18468399.17
3291465.288
64692.31897
3613.03857
1702.575837
1504.581405
1477.233531
1473.073944
1472.393892
1472.279266
1472.26023
1472.257193
1472.256691
1472.256447
1472.255791
1472.253666
1472.24733
1472.230288
1472.189219
1472.101144
1471.933946
1471.653666
1471.653896
1471.664102
1471.672887
1471.680233
1471.686127
1471.690558
1471.693516
1471.694997
25892618.11
27059560.25
27071761.83
26311917.52
25436032.37
24699401.11
23900736.54
22863422.24
21404888.93
19130692.35
18174349.16
2930960.735
44542.6304
2974.683059
1636.542223
1496.127268
1476.195747
1472.942111
1472.374895
1472.276216
1472.259728
1472.257113
1472.256679
1472.256445
1472.255791
1472.253666
1472.24733
1472.230288
1472.189219
1472.101144
1471.933946
1471.653666
1471.653896
1471.664102
1471.672887
1471.680233
1471.686127
1471.690558
1471.693516
1471.694997
25683968.61
26789634.44
26979039.52
26675007.74
26103982.68
25325689.37
24439560.41
23273776.65
21552321.2
18907617.34
17867488.89
3637518.361
46997.28686
2873.351204
1621.792652
1493.916314
1475.796519
1472.856633
1472.356629
1472.272638
1472.259095
1472.257011
1472.256664
1472.256443
1472.255791
1472.253666
1472.24733
1472.230288
1472.189219
1472.101144
1471.933946
1471.653666
1471.653896
1471.664102
1471.672887
1471.680233
1471.686127
1471.690558
1471.693516
1471.694997
25505322.6
26051448.58
26562718.86
26665546.4
26397799.71
25819317.1
24904709.62
23585041.21
21491922.21
18205908.94
16714989.76
4293577.084
52784.26826
2887.531592
1619.968469
1493.410956
1475.608626
1472.796094
1472.34128
1472.269411
1472.258505
1472.256914
1472.25665
1472.256441
1472.25579
1472.253666
1472.24733
1472.230288
1472.189219
1472.101144
1471.933946
1471.653666
1471.653896
1471.664102
1471.672887
1471.680233
1471.686127
1471.690558
1471.693516
1471.694997
25462145.28
25744744.13
26167882.4
26450168.37
26435244.37
26057110.31
25210418.2
23669555.43
20996104.01
16514092.33
14265213.43
5585714.141
64455.27871
2956.036061
1624.67448
1494.26279
1475.701262
1472.789731
1472.335631
1472.267795
1472.258165
1472.256854
1472.25664
1472.25644
1472.25579
1472.253666
1472.24733
1472.230288
1472.189219
1472.101144
1471.933947
1471.653666
1471.653896
1471.664102
1471.672887
1471.680233
1471.686127
1471.690558
1471.693516
1471.694997
25498540.89
25653258.38
25939571.37
26219242.24
26338851.29
26142114.99
25384217.99
23726945.07
20701333.85
17479665.11
13469483.26
9811176.524
92592.417
3071.121709
1633.370478
1496.279525
1476.087446
1472.846443
1472.341977
1472.268239
1472.25815
1472.256841
1472.256637
1472.256439
1472.25579
1472.253666
1472.24733
1472.230288
1472.189219
1472.101144
1471.933947
1471.653666
1471.653896
1471.664102
1471.672887
1471.680233
1471.686127
1471.690558
1471.693516
1471.694997
25569339.42
25665018.09
25858637.43
26092550.7
26251490.61
26175799.77
25617280.24
24227730.13
21646825.7
18962476.45
18991699.81
15251807.47
125029.5909
3141.872266
1643.328055
1499.276631
1476.737957
1472.960971
1472.359447
1472.270609
1472.258438
1472.256873
1472.256641
1472.256439
1472.25579
1472.253666
1472.24733
1472.230288
1472.189219
1472.101144
1471.933947
1471.653666
1471.653896
1471.664102
1471.672887
1471.680233
1471.686127
1471.690558
1471.693516
1471.694997
25646187.4
25719438
25870866.21
26072746.14
26248144.87
26265218.34
25936071.02
24981699.11
23230774.51
21279034.13
19381202.08
19545280.95
123585.9146
3012.130236
1650.538064
1502.987359
1477.604261
1473.124093
1472.386497
1472.274668
1472.258996
1472.256944
1472.256649
1472.25644
1472.25579
1472.253666
1472.24733
1472.230288
1472.189219
1472.101144
1471.933947
1471.653666
1471.653896
1471.664102
1471.672887
1471.680233
1471.686127
1471.690558
1471.693516
1471.694997
25709636.14
25780033.55
25925427.82
26127017.58
26330072.43
26429184.06
26300264.58
25765909
24795907.46
24063779.26
22690907.34
22359354.72
96251.53846
2838.872533
1660.029868
1507.39756
1478.647545
1473.32947
1472.422426
1472.280369
1472.259826
1472.257056
1472.256663
1472.256442
1472.25579
1472.253666
1472.24733
1472.230288
1472.189219
1472.101144
1471.933947
1471.653666
1471.653896
1471.664102
1471.672887
1471.680233
1471.686127
1471.690558
1471.693516
1471.694997
25745261.92
25823052.83
25984902.06
26217517.9
26468709.33
26642215.77
26653085.01
26405045.17
26046051.21
26540604.18
27025433
22070581.97
51985.67352
2669.152906
1674.913095
1512.729133
1479.906202
1473.585818
1472.469076
1472.288067
1472.26099
1472.257218
1472.256684
1472.256445
1472.255791
1472.253666
1472.24733
1472.230288
1472.189219
1472.101144
1471.933947
1471.653666
1471.653896
1471.664102
1471.672887
1471.680233
1471.686127
1471.690558
1471.693516
1471.694997
25742698.76
25831809.47
26021204.39
26303071.95
26620498.47
26860596.39
26915318.35
26639822.28
26402096.63
28581133.37
30470425.23
16800259.71
18519.74812
2624.911622
1698.036202
1519.279163
1481.452963
1473.909047
1472.529612
1472.298346
1472.262589
1472.257448
1472.256715
1472.256448
1472.255791
1472.253666
1472.24733
1472.230288
1472.189219
1472.101144
1471.933947
1471.653666
1471.653896
1471.664102
1471.672887
1471.680233
1471.686127
1471.690558
1471.693516
1471.694997
25694911.17
25794787
26014313.8
26356236.84
26756081.64
27043058.58
27093213.41
26394868.8
26151022.84
26298744.32
27682799.35
1536319.389
10533.91088
2711.667497
1727.671185
1527.086602
1483.325033
1474.309976
1472.606664
1472.311774
1472.264732
1472.257764
1472.256758
1472.256454
1472.255792
1472.253666
1472.24733
1472.230288
1472.189219
1472.101144
1471.933947
1471.653666
1471.653896
1471.664103
1471.672887
1471.680233
1471.686127
1471.690558
1471.693516
1471.694997
25598804.84
25703885.2
25946847.69
26355805.57
26870562.25
27189794.4
27164593.51
26161268.09
23102185.48
16339756.43
7011849.992
139400.9867
10741.64897
2847.457419
1761.650059
1536.088923
1485.535172
1474.795938
1472.702589
1472.328942
1472.267545
1472.25819
1472.256818
1472.256462
1472.255793
1472.253666
1472.24733
1472.230288
1472.189219
1472.101144
1471.933947
1471.653666
1471.653896
1471.664103
1471.672887
1471.680233
1471.686127
1471.690558
1471.693516
1471.694997
25457095.93
25557285.78
25806439.93
26290055.69
27057440.24
27313512.72
27211997.72
26302500.85
22600673.39
11741053.74
2029012.336
135282.9152
11601.12321
3000.857624
1799.996716
1546.448833
1488.141995
1475.384168
1472.821756
1472.350828
1472.271225
1472.258761
1472.2569
1472.256473
1472.255794
1472.253666
1472.24733
1472.230288
1472.189219
1472.101144
1471.933947
1471.653666
1471.653896
1471.664103
1471.672887
1471.680233
1471.686128
1471.690558
1471.693516
1471.694997
25277242.94
25352794.87
25545201.49
25934332.55
26597188.96
27303700.43
27217532.62
26382247.21
23485773.86
10976068.74
1927152.587
138996.9475
12506.66129
3170.30696
1843.112315
1558.314277
1491.195007
1476.089698
1472.968201
1472.378391
1472.275976
1472.259517
1472.257012
1472.256488
1472.255796
1472.253666
1472.24733
1472.230288
1472.189219
1472.101144
1471.933947
1471.653666
1471.653896
1471.664103
1471.672887
1471.680233
1471.686128
1471.690558
1471.693517
1471.694997
25076147.1
25120131.95
25235719.31
25477002.58
25904034.93
26514101.14
26861563.78
26324774.34
23565468.4
10492700.83
1837975.395
140853.6547
13392.72381
3348.564771
1889.216512
1571.222384
1494.59332
1476.895516
1473.14002
1472.411627
1472.281865
1472.260481
1472.257159
1472.256509
1472.255799
1472.253667
1472.247331
1472.230288
1472.189219
1472.101144
1471.933947
1471.653666
1471.653896
1471.664103
1471.672887
1471.680234
1471.686128
1471.690558
1471.693517
1471.694997
24868292.56
24883617.68
24929879.98
25039664.38
25242503.63
25514633.24
25524135.85
24599162.54
23387699.01
10116042.67
1759330.912
142152.4058
14227.79243
3521.547995
1934.36492
1584.122106
1498.092964
1477.754205
1473.329684
1472.449628
1472.288836
1472.261661
1472.257345
1472.256537
1472.255803
1472.253667
1472.247331
1472.230288
1472.189219
1472.101144
1471.933947
1471.653666
1471.653897
1471.664103
1471.672887
1471.680234
1471.686128
1471.690558
1471.693517
1471.694997
24661452.88
24655890.91
24651361.12
24665658.35
24709288.72
24748448.88
24536315.87
23431786.35
23202396.23
9956716.485
1726334.254
145350.1296
15053.39484
3682.498705
1976.266482
1596.410315
1501.560742
1478.642631
1473.534488
1472.492376
1472.296987
1472.263093
1472.257578
1472.256572
1472.255808
1472.253668
1472.247331
1472.230288
1472.189219
1472.101144
1471.933947
1471.653666
1471.653897
1471.664103
1471.672887
1471.680234
1471.686128
1471.690558
1471.693517
1471.694997
24456833.67
24438771.9
24403247.58
24355298.4
24295433.48
24195813.06
23894993.26
23106932.17
23029124.2
9980725.851
1730979.894
150503.4081
15919.35638
3841.231179
2017.568342
1608.837064
1505.195639
1479.609727
1473.765728
1472.542341
1472.306832
1472.264877
1472.257878
1472.256619
1472.255815
1472.253669
1472.247331
1472.230288
1472.189219
1472.101144
1471.933947
1471.653666
1471.653897
1471.664103
1471.672887
1471.680234
1471.686128
1471.690558
1471.693517
1471.694997
24249964.89
24227997.8
24178484.99
24092916.71
23962947.77
23761733.37
23399777.6
22827052.06
22813010.42
10088038.05
1724209.524
155277.3359
16876.4135
4022.297805
2064.787827
1623.109277
1509.417347
1480.750691
1474.043568
1472.603577
1472.319151
1472.267158
1472.258269
1472.256682
1472.255824
1472.25367
1472.247331
1472.230288
1472.189219
1472.101144
1471.933947
1471.653666
1471.653897
1471.664103
1471.672887
1471.680234
1471.686128
1471.690558
1471.693517
1471.694997
24031363.19
24014538.47
23969776.76
23876204.68
23705647.28
23416262.1
22911550.17
22607547.87
22602320.92
10092911.11
1685765.515
160022.0039
18100.18064
4254.350154
2123.421976
1640.440886
1514.502652
1482.127887
1474.381811
1472.679082
1472.334579
1472.270065
1472.258778
1472.256765
1472.255837
1472.253672
1472.247331
1472.230288
1472.189219
1472.101144
1471.933947
1471.653666
1471.653897
1471.664103
1471.672887
1471.680234
1471.686128
1471.690558
1471.693517
1471.694997
23786569.78
23784847.87
23766888.36
23701702.46
23547009.53
23250619.33
22737026.94
22618372.88
22564435.17
9936786.492
1654592.761
168025.0222
19733.44777
4540.999618
2192.473056
1660.446233
1520.364684
1483.729241
1474.780543
1472.769566
1472.353405
1472.27368
1472.259423
1472.256872
1472.255854
1472.253674
1472.247332
1472.230288
1472.189219
1472.101144
1471.933947
1471.653666
1471.653897
1471.664103
1471.672887
1471.680234
1471.686128
1471.690558
1471.693517
1471.694997
23493032.44
23512411.22
23536163.42
23528926.1
23444260.78
23235106.73
22872158.3
22658839.14
22707659.44
9580212.675
1569494.515
170870.0216
21126.25044
4820.63909
2262.942943
1681.457672
1526.685923
1485.499755
1475.231911
1472.874319
1472.375677
1472.27805
1472.260219
1472.257008
1472.255875
1472.253678
1472.247332
1472.230288
1472.189219
1472.101144
1471.933947
1471.653666
1471.653897
1471.664103
1471.672887
1471.680234
1471.686128
1471.690558
1471.693517
1471.694997
23125214.45
23167944.49
23239956.76
23302587.18
23310947.53
23224006.31
23044898.49
22864517.71
22868956
9062628.966
1436085.009
168288.06
22201.0549
5085.251692
2333.471364
1703.099125
1533.356259
1487.41139
1475.730051
1472.992389
1472.4013
1472.283178
1472.261172
1472.257173
1472.255902
1472.253682
1472.247333
1472.230288
1472.189219
1472.101144
1471.933947
1471.653667
1471.653897
1471.664103
1471.672887
1471.680234
1471.686128
1471.690558
1471.693517
1471.694997
22655368.72
22721340.26
22844004.24
22981210.28
23090182.39
23124718.76
23080113.5
22988730.95
22983234.63
8565228.308
1355853.905
172640.49
23843.25676
5404.846299
2411.598537
1726.239316
1540.428037
1489.448118
1476.266872
1473.121489
1472.429771
1472.288973
1472.262267
1472.257366
1472.255934
1472.253687
1472.247333
1472.230289
1472.189219
1472.101144
1471.933947
1471.653667
1471.653897
1471.664103
1471.672888
1471.680234
1471.686128
1471.690558
1471.693517
1471.694997
22052227.87
22139014.3
22308953.7
22521690.5
22740877.41
22908190.82
23005320.61
23044810.71
23044527.54
8178729.587
1362976.715
188764.2474
26440.49755
5802.884715
2497.883198
1750.369053
1547.64328
1491.519535
1476.816195
1473.255036
1472.459617
1472.295137
1472.26345
1472.257578
1472.25597
1472.253692
1472.247334
1472.230289
1472.189219
1472.101144
1471.933947
1471.653667
1471.653897
1471.664103
1471.672888
1471.680234
1471.686128
1471.690558
1471.693517
1471.694997
21277522.29
21376206.14
21580123.79
21864852.24
22206544.55
22537648.68
22819255.87
23040542.1
23047631.35
7773392.976
1392969.305
208576.7732
29280.54786
6200.261914
2578.858409
1772.353723
1554.16911
1493.401989
1477.320784
1473.379377
1472.487818
1472.301051
1472.264602
1472.257788
1472.256006
1472.253698
1472.247335
1472.230289
1472.189219
1472.101144
1471.933947
1471.653667
1471.653897
1471.664103
1471.672888
1471.680234
1471.686128
1471.690558
1471.693517
1471.694998
20282926.39
20373814.76
20589004.31
20931756.88
21400064.95
21932744.3
22490405.28
22985222.05
23005337.6
7206520.19
1377892.711
219927.4672
31029.79823
6447.310177
2630.148139
1786.724538
1558.595442
1494.726535
1477.688104
1473.472719
1472.509584
1472.305731
1472.265535
1472.257961
1472.256036
1472.253703
1472.247336
1472.230289
1472.189219
1472.101144
1471.933947
1471.653667
1471.653897
1471.664103
1471.672888
1471.680234
1471.686128
1471.690558
1471.693517
1471.694998
19015351.54
19042794.59
19241883.02
19618808.77
20175584.05
20897098.76
21946343.06
22863197.94
22874456.4
6150611.941
1236731.401
208289.3632
30107.97233
6369.584561
2623.54307
1787.158233
1559.295105
1495.069434
1477.812471
1473.510281
1472.519475
1472.308059
1472.266033
1472.258059
1472.256054
1472.253706
1472.247336
1472.230289
1472.189219
1472.101144
1471.933947
1471.653667
1471.653897
1471.664103
1471.672888
1471.680234
1471.686128
1471.690558
1471.693517
1471.694998
17428300.93
17218584.92
17409829.39
17817994.13
18311462.07
18935367.83
20409196.19
22278235.31
22318651.77
4535113.707
982132.3472
173537.4784
26352.29808
5930.523609
2550.587482
1771.419651
1555.642863
1494.258337
1477.6487
1473.480948
1472.514934
1472.307487
1472.265986
1472.258061
1472.256055
1472.253707
1472.247336
1472.230289
1472.189219
1472.101144
1471.933947
1471.653667
1471.653897
1471.664103
1471.672888
1471.680234
1471.686128
1471.690558
1471.693517
1471.694998
16995097.13
17022718.97
17177373.42
17575543.8
18061348.08
18618808.93
19156004.55
19829797.01
16920338.39
2865294.884
737342.2651
134553.7431
21761.23187
5342.034809
2443.99484
1746.592605
1549.401716
1492.732639
1477.300319
1473.407393
1472.500569
1472.304884
1472.265547
1472.257991
1472.256045
1472.253705
1472.247336
1472.230289
1472.189219
1472.101144
1471.933947
1471.653667
1471.653897
1471.664103
1471.672888
1471.680234
1471.686128
1471.690558
1471.693517
1471.694998
16824858.95
16727651.76
16624507.64
16539025.42
16446487.52
16221163.31
15336310.06
12534969.92
6387698.672
2037966.541
594980.3849
110410.5282
18792.18025
4934.897637
2365.941116
1727.727507
1544.530962
1491.512448
1477.014388
1473.345263
1472.488038
1472.302529
1472.265133
1472.257923
1472.256035
1472.253704
1472.247336
1472.230289
1472.189219
1472.101144
1471.933947
1471.653667
1471.653897
1471.664103
1471.672888
1471.680234
1471.686128
1471.690558
1471.693517
1471.694998
)
;

boundaryField
{
    lowerWall
    {
        type            calculated;
        value           nonuniform List<scalar> 
80
(
1471.694998
1471.694998
1471.694998
1471.694998
1471.694998
1471.694998
1471.694998
1471.694998
1471.694998
1471.694998
1471.694998
1471.694998
1471.694998
1471.694998
1471.694998
1471.694998
1471.694998
1471.694998
1471.694998
1471.694998
1471.694998
1471.694998
1471.694997
1471.694997
1471.694997
1471.694997
1471.694997
1471.694997
1471.694997
1471.694997
1471.694997
1471.694997
1471.694997
1471.694997
1471.694997
1471.694997
1471.694997
1471.694997
1471.694997
1471.694997
1471.694997
1471.694997
1471.694997
1471.694997
1471.694997
1471.694997
1471.694997
1471.694997
1471.694997
1471.694997
1471.694997
1471.694997
1471.694997
1471.694997
1471.694997
1471.694997
1471.694997
1471.694997
1471.694997
1471.694997
1471.694997
1471.694997
1471.694997
1471.694997
1471.694997
1471.694997
1471.694997
1471.694997
1471.694997
1471.694997
1471.694997
1471.694997
1471.694997
1471.694997
1471.694998
1471.694998
1471.694998
1471.694998
1471.694998
1471.694998
)
;
    }
    atmosphere
    {
        type            calculated;
        value           nonuniform List<scalar> 
80
(
13411087.88
13243887.62
13087789.78
12986300.73
12929274.23
12903055.08
12899797.42
12915612.94
12945978.63
12983001.92
13014259.14
13030279.95
13031790.81
13045579.99
13091158.46
13166119.8
13262830.85
13375687.76
13521229.1
13753657.36
14118508.9
14574912.69
15079534.47
15637515.65
16232189.62
16825739.75
17390710.54
17915210.69
18394245.03
18829024.88
19225464.93
19592271.32
19938630.78
20271619.43
20595400.2
20912017.9
21221747.02
21523400.54
21815557.43
22097225.55
22368558.13
22630865.5
22886438.91
23137826.25
23393044.55
23663556.86
23949871.19
24318526.88
25015489.03
25892618.11
25683968.61
25505322.6
25462145.28
25498540.89
25569339.42
25646187.4
25709636.14
25745261.92
25742698.76
25694911.17
25598804.84
25457095.93
25277242.94
25076147.1
24868292.56
24661452.88
24456833.67
24249964.89
24031363.19
23786569.78
23493032.44
23125214.45
22655368.72
22052227.87
21277522.29
20282926.39
19015351.54
17428300.93
16995097.13
16824858.95
)
;
    }
    rightWall
    {
        type            empty;
    }
    leftWall
    {
        type            empty;
    }
    frontAndBack
    {
        type            calculated;
        value           nonuniform List<scalar> 
80
(
13411052.28
13565198.4
13846925.58
14135321.64
12698750.68
12545060.21
8611087.565
5591204.634
2949948.819
795430.7118
111640.7778
14711.95579
3756.05283
2001.222769
1604.192774
1503.771115
1479.114195
1473.515354
1472.350075
1472.127054
1472.087568
1472.081051
1472.080002
1472.079676
1472.07901
1472.076883
1472.070548
1472.053507
1472.012442
1471.924376
1471.757196
1471.476944
1471.477175
1471.48738
1471.496163
1471.503509
1471.509402
1471.513832
1471.51679
1471.51827
16824828.88
16727621.52
16624477.21
16538994.84
16446456.78
16221132.18
15336277.43
12534933.14
6387658.694
2037938.013
594965.4016
110405.5463
18790.83192
4934.425583
2365.680428
1727.525892
1544.347073
1491.333765
1476.837135
1473.168373
1472.311232
1472.125741
1472.088348
1472.08114
1472.079251
1472.076921
1472.070554
1472.053508
1472.012442
1471.924376
1471.757195
1471.476943
1471.477173
1471.487378
1471.496162
1471.503508
1471.509401
1471.513831
1471.516789
1471.51827
)
;
    }
}


// ************************************************************************* //
