/*--------------------------------*- C++ -*----------------------------------*\
| =========                 |                                                 |
| \\      /  F ield         | OpenFOAM: The Open Source CFD Toolbox           |
|  \\    /   O peration     | Version:  2506                                  |
|   \\  /    A nd           | Website:  www.openfoam.com                      |
|    \\/     M anipulation  |                                                 |
\*---------------------------------------------------------------------------*/
FoamFile
{
    version     2.0;
    format      ascii;
    arch        "LSB;label=32;scalar=64";
    class       volScalarField;
    location    "0.01";
    object      T;
}
// * * * * * * * * * * * * * * * * * * * * * * * * * * * * * * * * * * * * * //

dimensions      [0 0 0 1 0 0 0];

internalField   nonuniform List<scalar> 
3200
(
1787.736272
1801.31089
1826.343019
1852.278188
1726.052018
1712.953515
1395.795561
1160.496717
935.6841341
677.1531448
483.658876
375.3263111
326.5856037
308.2149385
302.2537212
300.5553368
300.1241078
300.0253657
300.0047759
300.0008337
300.0001357
300.0000205
300.0000019
299.9999962
299.9999844
299.9999468
299.9998348
299.9995335
299.9988076
299.9972507
299.9942949
299.9893393
299.9893434
299.9895239
299.9896792
299.9898091
299.9899133
299.9899916
299.990044
299.9900701
1773.105889
1775.85084
1781.216963
1749.255022
1722.099281
1709.723492
1333.864198
1126.927624
903.6093244
658.0934459
475.3308291
372.4724683
325.8056057
308.0500839
302.2310786
300.5558689
300.1257607
300.0260637
300.0049868
300.000887
300.0001476
300.0000229
300.0000024
299.9999962
299.9999844
299.9999468
299.9998348
299.9995335
299.9988076
299.9972507
299.9942949
299.9893393
299.9893434
299.9895239
299.9896792
299.9898091
299.9899133
299.9899916
299.990044
299.9900701
1759.53264
1756.54527
1748.621168
1723.420155
1720.352128
1717.900655
1356.336225
1094.076031
856.9992308
631.8771079
464.5350426
369.1363737
325.0872562
307.9921852
302.2673399
300.5798833
300.1351449
300.0289749
300.0057637
300.0010719
300.0001876
300.0000309
300.0000039
299.9999965
299.9999844
299.9999468
299.9998348
299.9995335
299.9988076
299.9972507
299.9942949
299.9893393
299.9893434
299.9895239
299.9896792
299.9898091
299.9899133
299.9899916
299.990044
299.9900701
1750.751045
1747.110555
1739.389947
1727.483028
1720.315372
1718.724116
1413.836246
1069.861145
815.1004922
613.8313955
459.3258121
368.8766142
325.8326643
308.5453737
302.5294792
300.6784914
300.1667354
300.0378954
300.00803
300.0015972
300.0002998
300.0000531
300.000008
299.9999972
299.9999845
299.9999468
299.9998348
299.9995335
299.9988076
299.9972507
299.9942949
299.9893393
299.9893434
299.9895239
299.9896792
299.9898091
299.9899133
299.9899916
299.990044
299.9900701
1745.831345
1742.974194
1736.930914
1728.465434
1725.551777
1718.185197
1442.26477
1109.217134
830.0792093
620.5501765
467.05243
375.3165425
329.7379292
310.4247989
303.2865222
300.9422739
300.248011
300.0603906
300.0136895
300.0029034
300.0005785
300.0001084
300.0000182
299.999999
299.9999848
299.9999468
299.9998348
299.9995335
299.9988076
299.9972507
299.9942949
299.9893393
299.9893434
299.9895239
299.9896792
299.9898091
299.9899133
299.9899916
299.990044
299.9900701
1743.572906
1741.023776
1735.56869
1727.157445
1715.788842
1712.855177
1483.316957
1101.639709
834.9259492
641.0136142
488.875874
391.172335
338.6887205
314.5875779
304.9383895
301.5149441
300.4244593
300.1093456
300.0260474
300.0057658
300.0011911
300.0002303
300.0000409
300.000003
299.9999855
299.9999469
299.9998348
299.9995335
299.9988076
299.9972507
299.9942949
299.9893393
299.9893434
299.9895239
299.9896792
299.9898091
299.9899133
299.9899916
299.990044
299.9900701
1743.292455
1740.646644
1734.980953
1726.424544
1717.379469
1717.58676
1670.546689
1246.656827
905.112205
696.3763191
532.5142945
420.4879833
354.9580858
322.1685481
307.9705602
302.5760181
300.7543594
300.2016129
300.0494976
300.0112276
300.0023652
300.0004647
300.0000846
300.0000106
299.9999867
299.9999471
299.9998348
299.9995336
299.9988076
299.9972507
299.9942949
299.9893393
299.9893434
299.9895239
299.9896792
299.9898091
299.9899133
299.9899916
299.9900439
299.9900701
1744.654329
1741.761283
1735.322158
1724.39817
1706.506535
1705.187521
1672.496818
1522.967238
1087.181004
795.7904167
598.5969927
463.305876
378.9380811
333.5626292
312.6187198
304.2310194
301.2764167
300.3493527
300.0874009
300.0201208
300.0042877
300.00085
300.0001565
300.0000232
299.9999888
299.9999475
299.9998349
299.9995336
299.9988076
299.9972507
299.9942949
299.9893393
299.9893434
299.9895239
299.9896792
299.9898091
299.9899133
299.9899916
299.9900439
299.9900701
1747.271357
1744.138672
1737.214016
1725.727873
1709.176352
1708.430529
1696.793317
1685.176728
1254.630819
896.6088895
668.2533514
510.3028535
406.5829348
347.282189
318.4145196
306.3518913
301.9598721
300.5460189
300.1385153
300.0322343
300.0069262
300.0013817
300.0002563
300.0000407
299.9999917
299.9999479
299.999835
299.9995336
299.9988076
299.9972507
299.9942949
299.9893393
299.9893434
299.9895239
299.9896792
299.9898091
299.9899133
299.9899916
299.9900439
299.9900701
1750.46617
1747.17827
1740.083107
1728.083774
1707.677814
1703.353319
1701.308883
1650.692542
1448.015764
1002.321022
723.5998654
548.8196708
431.1635744
360.3400755
324.2159087
308.5553194
302.6900595
300.7606527
300.1952165
300.04584
300.0099175
300.0019888
300.0003707
300.0000608
299.999995
299.9999484
299.999835
299.9995336
299.9988076
299.9972507
299.9942949
299.9893393
299.9893434
299.9895239
299.9896792
299.9898091
299.9899133
299.9899916
299.9900439
299.9900701
1753.166865
1749.377611
1742.125835
1731.611333
1717.786022
1704.667595
1699.800131
1679.058041
1679.453925
1093.604579
742.2415435
572.7929414
449.1905457
370.6842649
329.0389015
310.451226
303.3348241
300.9539889
300.2470794
300.0584296
300.0127089
300.0025584
300.0004784
300.0000798
299.9999981
299.9999489
299.9998351
299.9995336
299.9988076
299.9972507
299.9942949
299.9893393
299.9893434
299.9895239
299.9896792
299.9898091
299.9899133
299.9899916
299.9900439
299.9900701
1754.55233
1749.629071
1741.292922
1730.878509
1718.282263
1708.092534
1705.13528
1706.14885
1701.198884
1178.804735
776.9571783
599.6708566
465.6039222
379.2338406
332.8627924
311.9311906
303.8362191
301.1044757
300.2875362
300.0682667
300.0148905
300.0030029
300.0005621
300.0000944
300.0000005
299.9999493
299.9998352
299.9995336
299.9988076
299.9972507
299.9942949
299.9893393
299.9893434
299.9895239
299.9896792
299.9898091
299.9899133
299.9899916
299.9900439
299.9900701
1754.683031
1748.236394
1737.957162
1726.815789
1716.663227
1708.690325
1703.555956
1702.851747
1690.168859
1245.321032
851.4483542
640.3409293
485.2139724
387.7267652
336.1992388
313.1189056
304.2180826
301.2152771
300.3166174
300.0752002
300.0163998
300.0033045
300.0006177
300.0001039
300.0000021
299.9999495
299.9998352
299.9995336
299.9988076
299.9972507
299.9942949
299.9893393
299.9893434
299.9895239
299.9896792
299.9898091
299.9899133
299.9899916
299.9900439
299.9900701
1755.876245
1748.286752
1737.102451
1726.094578
1716.62529
1708.528948
1699.828265
1694.835839
1700.368885
1349.99819
956.7251939
694.8168382
508.9266333
396.8870082
339.4425013
314.1809711
304.538454
301.3037115
300.3388658
300.0802975
300.0174648
300.0035079
300.0006533
300.0001097
300.0000029
299.9999496
299.9998352
299.9995336
299.9988076
299.9972507
299.9942949
299.9893393
299.9893434
299.9895239
299.9896792
299.9898091
299.9899133
299.9899916
299.9900439
299.9900701
1759.824702
1751.879931
1740.42984
1729.127741
1719.615604
1711.3105
1697.226223
1684.47084
1694.892218
1508.712957
1085.07911
754.4007432
533.631912
406.2277777
342.7113105
315.239279
304.8527778
301.3886668
300.3596691
300.0849071
300.0183894
300.0036758
300.0006809
300.0001137
300.0000034
299.9999497
299.9998352
299.9995336
299.9988076
299.9972507
299.9942949
299.9893393
299.9893434
299.9895239
299.9896792
299.9898091
299.9899133
299.9899916
299.9900439
299.9900701
1766.333522
1758.357948
1746.459989
1734.487381
1724.682349
1720.271846
1715.819953
1700.697207
1700.906706
1671.80826
1168.170547
796.6408065
553.3451871
414.5889301
345.9115414
316.3351042
305.1869778
301.4794492
300.3816908
300.0896927
300.0193233
300.0038395
300.0007066
300.0001173
300.0000039
299.9999497
299.9998352
299.9995336
299.9988076
299.9972507
299.9942949
299.9893393
299.9893434
299.9895239
299.9896792
299.9898091
299.9899133
299.9899916
299.9900439
299.9900701
1774.758645
1766.906614
1754.283941
1740.01957
1724.624686
1722.043706
1731.171381
1700.83697
1700.045924
1680.929168
1184.474842
817.6068141
567.5075496
421.8177872
348.9529536
317.4195582
305.5201052
301.5687385
300.402774
300.0941053
300.0201436
300.0039745
300.0007259
300.0001196
300.0000041
299.9999497
299.9998352
299.9995336
299.9988076
299.9972507
299.9942949
299.9893393
299.9893434
299.9895239
299.9896792
299.9898091
299.9899133
299.9899916
299.9900439
299.9900701
1784.630628
1776.983509
1764.202683
1748.038384
1725.423096
1722.474739
1733.561194
1725.099336
1693.780737
1607.826759
1147.762922
825.6263904
578.0412838
427.850468
351.5322038
318.3155097
305.7811218
301.6335293
300.4165448
300.0965892
300.0205098
300.004013
300.0007267
300.0001187
300.0000037
299.9999497
299.9998352
299.9995336
299.9988076
299.9972507
299.9942949
299.9893393
299.9893434
299.9895239
299.9896792
299.9898091
299.9899133
299.9899916
299.9900439
299.9900701
1797.427081
1790.810962
1781.328297
1770.819958
1757.292254
1747.278867
1759.981535
1772.649675
1696.754622
1397.262232
1129.015621
835.0332731
586.4216018
432.075405
353.1020081
318.7627302
305.875391
301.6450599
300.4154029
300.0953579
300.0200429
300.0038818
300.0006958
300.0001123
300.0000025
299.9999494
299.9998352
299.9995336
299.9988076
299.9972507
299.9942949
299.9893393
299.9893434
299.9895239
299.9896792
299.9898091
299.9899133
299.9899916
299.9900439
299.9900701
1818.020328
1814.734852
1812.624288
1812.754459
1804.893109
1780.252247
1778.914073
1801.658941
1829.828643
1375.578782
1134.973967
843.5763759
590.793554
433.2269737
353.0349272
318.5180159
305.7248401
301.5818448
300.3941679
300.0893012
300.0185292
300.0035437
300.0006273
300.0000996
300.0000004
299.9999491
299.9998351
299.9995336
299.9988076
299.9972507
299.9942949
299.9893393
299.9893434
299.9895239
299.9896792
299.9898091
299.9899133
299.9899916
299.9900439
299.9900701
1850.754209
1852.332022
1859.329328
1870.237625
1873.657102
1863.487229
1826.957654
1848.639595
1888.896336
1698.68592
1148.430839
843.5410377
587.5250582
429.7235073
350.7554167
317.4083743
305.2867701
301.435481
300.351662
300.0783695
300.0160044
300.0030142
300.0005256
300.0000815
299.9999974
299.9999486
299.999835
299.9995336
299.9988076
299.9972507
299.9942949
299.9893393
299.9893434
299.9895239
299.9896792
299.9898091
299.9899133
299.9899916
299.9900439
299.9900701
1892.447315
1897.899642
1912.288352
1931.497781
1950.027609
1963.301159
1966.718767
1953.904116
2008.761877
1976.747065
1178.156536
832.2197238
573.9495111
420.4718732
345.9635471
315.3885621
304.5673238
301.2134013
300.2911605
300.0636184
300.0127498
300.0023585
300.000404
300.0000607
299.9999941
299.9999481
299.999835
299.9995336
299.9988076
299.9972507
299.9942949
299.9893393
299.9893434
299.9895239
299.9896792
299.9898091
299.9899133
299.9899916
299.9900439
299.9900701
1939.584015
1946.796645
1963.999628
1989.36315
2020.909244
2056.569316
2096.055591
2141.226112
2154.110931
2166.356086
1201.902573
807.2949709
549.7247082
405.71394
338.9550786
312.6362793
303.6440896
300.9429254
300.2208045
300.04716
300.0092516
300.0016772
300.0002816
300.0000402
299.9999909
299.9999477
299.9998349
299.9995336
299.9988076
299.9972507
299.9942949
299.9893393
299.9893434
299.9895238
299.9896792
299.9898091
299.9899133
299.9899916
299.9900439
299.9900701
1993.08593
2001.101257
2019.929053
2049.19402
2089.636003
2141.314012
2203.278894
2258.579398
2237.369415
2261.848863
1187.109241
767.4209678
517.915492
387.6535622
330.8275182
309.5945271
302.6680697
300.6685497
300.1521272
300.0316601
300.0060654
300.0010757
300.0001766
300.0000232
299.9999883
299.9999473
299.9998349
299.9995336
299.9988076
299.9972507
299.9942949
299.9893393
299.9893434
299.9895238
299.9896792
299.9898091
299.9899133
299.9899916
299.9900439
299.9900701
2051.853127
2060.866752
2080.767933
2112.99985
2160.036718
2225.130426
2314.718942
2432.214088
2547.72074
2335.864258
1160.022552
723.5139975
485.3286256
369.9658878
323.1774848
306.8369442
301.8144472
300.4366941
300.0959684
300.0193759
300.0036141
300.0006258
300.0001001
300.0000111
299.9999865
299.9999471
299.9998348
299.9995335
299.9988076
299.9972507
299.9942949
299.9893393
299.9893434
299.9895238
299.9896792
299.9898091
299.9899133
299.9899916
299.9900439
299.9900701
2112.484719
2122.038053
2142.795387
2176.931001
2227.705516
2300.048971
2403.285662
2547.368323
2592.165861
2377.656774
1143.090292
687.5297515
458.7382412
355.9731583
317.3215627
304.7919465
301.2002785
300.274634
300.0577867
300.0112423
300.0020316
300.0003422
300.000053
300.0000038
299.9999854
299.9999469
299.9998348
299.9995335
299.9988076
299.9972507
299.9942949
299.9893393
299.9893434
299.9895238
299.9896792
299.9898091
299.9899133
299.9899916
299.9900439
299.9900701
2172.212793
2182.029198
2203.097194
2237.653409
2288.647485
2360.997051
2459.62508
2587.911618
2606.990841
2361.891985
1135.282029
663.7846927
441.0619394
346.8990096
313.63084
303.5382354
300.8334627
300.1801977
300.0360496
300.0067129
300.0011687
300.0001907
300.0000283
300
299.9999849
299.9999468
299.9998348
299.9995335
299.9988076
299.9972507
299.9942949
299.9893393
299.9893434
299.9895238
299.9896792
299.9898091
299.9899133
299.9899916
299.9900439
299.9900701
2229.591717
2239.254021
2259.748356
2293.068432
2341.351368
2408.996958
2495.679453
2604.56015
2618.384628
2333.424189
1139.014949
654.1597327
432.3423518
342.2451674
311.7306302
302.8980462
300.6486358
300.1333466
300.0254393
300.0045376
300.0007608
300.0001201
300.000017
299.9999983
299.9999847
299.9999468
299.9998348
299.9995335
299.9988076
299.9972507
299.9942949
299.9893393
299.9893434
299.9895238
299.9896792
299.9898091
299.9899133
299.9899916
299.9900439
299.9900701
2283.767236
2292.849309
2311.9104
2342.542791
2386.092154
2445.383295
2517.015186
2602.870493
2613.375187
2375.063408
1157.275543
658.5677132
431.279061
340.8986348
311.0375575
302.6399613
300.5704975
300.1131089
300.0208218
300.0035912
300.0005841
300.0000898
300.0000121
299.9999976
299.9999846
299.9999468
299.9998348
299.9995335
299.9988076
299.9972507
299.9942949
299.9893393
299.9893434
299.9895238
299.9896792
299.9898091
299.9899133
299.9899916
299.9900439
299.9900701
2334.524663
2342.655123
2359.601927
2386.53903
2424.572052
2474.454508
2530.598576
2582.800132
2586.096768
2661.415879
1215.054418
677.1833621
436.1801173
341.7869055
311.0745567
302.592303
300.5467533
300.1056348
300.0189453
300.0031869
300.0005066
300.0000763
300.00001
299.9999973
299.9999845
299.9999468
299.9998348
299.9995335
299.9988076
299.9972507
299.9942949
299.9893393
299.9893434
299.9895238
299.9896792
299.9898091
299.9899133
299.9899916
299.9900439
299.9900701
2382.225263
2389.146541
2403.57088
2426.395859
2459.174708
2502.38163
2551.857742
2601.01401
2620.632617
2964.229245
1714.083995
771.4414963
451.9602178
344.7298281
311.622062
302.6709865
300.5519614
300.104307
300.0182868
300.0030088
300.0004686
300.0000693
300.0000088
299.9999971
299.9999845
299.9999468
299.9998348
299.9995335
299.9988076
299.9972507
299.9942949
299.9893393
299.9893434
299.9895238
299.9896792
299.9898091
299.9899133
299.9899916
299.9900439
299.9900701
2427.653763
2433.281394
2445.072616
2463.849777
2491.376496
2529.543225
2575.869679
2621.489045
2651.473363
3366.515192
3720.611951
1681.344482
580.8766084
356.1105714
312.9873029
302.8766701
300.5797202
300.1069278
300.0182972
300.0029406
300.0004481
300.000065
300.000008
299.999997
299.9999845
299.9999468
299.9998348
299.9995335
299.9988076
299.9972507
299.9942949
299.9893393
299.9893434
299.9895238
299.9896792
299.9898091
299.9899133
299.9899916
299.9900439
299.9900701
2471.769765
2476.191651
2485.477569
2500.315769
2522.475821
2554.831056
2602.46126
2665.118489
2749.243565
2899.860938
2882.308088
3291.98499
1681.407272
435.4187109
318.0833239
303.3782389
300.6415364
300.1138689
300.0188568
300.0029425
300.0004368
300.0000619
300.0000074
299.9999969
299.9999845
299.9999468
299.9998348
299.9995335
299.9988076
299.9972507
299.9942949
299.9893393
299.9893434
299.9895238
299.9896792
299.9898091
299.9899133
299.9899916
299.9900439
299.9900701
2515.373912
2518.749163
2525.843914
2537.195669
2554.37532
2580.200304
2620.818947
2683.370171
2769.801306
2886.022304
2909.453099
3195.564203
1767.622792
507.9863508
328.3561422
304.5739992
300.7809421
300.1291784
300.0202799
300.0030298
300.0004338
300.0000596
300.0000069
299.9999968
299.9999844
299.9999468
299.9998348
299.9995335
299.9988076
299.9972507
299.9942949
299.9893393
299.9893434
299.9895238
299.9896792
299.9898091
299.9899133
299.9899916
299.9900439
299.9900701
2558.964846
2561.421922
2566.625267
2574.989246
2587.578613
2606.27345
2634.341284
2676.045512
2735.170257
2817.763149
3017.485116
3133.890182
1985.483071
589.3846545
344.1582207
306.8292037
301.0582713
300.1597178
300.0232336
300.0032606
300.0004436
300.0000585
300.0000065
299.9999967
299.9999844
299.9999468
299.9998348
299.9995335
299.9988076
299.9972507
299.9942949
299.9893393
299.9893434
299.9895238
299.9896792
299.9898091
299.9899133
299.9899916
299.9900439
299.9900701
2602.801907
2604.435802
2607.957636
2613.642455
2622.06595
2634.17021
2651.236426
2673.862317
2698.466908
2704.575835
2626.585549
2568.114779
2292.202974
690.6542144
365.9954643
310.2196769
301.4936104
300.2087119
300.0281079
300.0036752
300.0004699
300.0000589
300.0000063
299.9999967
299.9999844
299.9999468
299.9998348
299.9995335
299.9988076
299.9972507
299.9942949
299.9893393
299.9893434
299.9895238
299.9896792
299.9898091
299.9899133
299.9899916
299.9900439
299.9900701
2646.918172
2647.799655
2649.796726
2653.060102
2657.789066
2664.231598
2672.54136
2681.550346
2686.919458
2674.109925
2617.275871
2581.353624
2464.586524
824.267666
395.9968705
314.901941
302.0966067
300.2766881
300.0349067
300.0042675
300.0005115
300.0000605
300.0000061
299.9999966
299.9999844
299.9999468
299.9998348
299.9995335
299.9988076
299.9972507
299.9942949
299.9893393
299.9893434
299.9895238
299.9896792
299.9898091
299.9899133
299.9899916
299.9900439
299.9900701
2691.132105
2691.259883
2691.746306
2692.643529
2693.851526
2695.10537
2695.873307
2694.649794
2687.728267
2666.035707
2614.055654
2525.432596
2509.934526
942.1819931
431.087304
321.1130911
302.9488714
300.3760571
300.0450718
300.0051798
300.0005809
300.0000644
300.0000061
299.9999966
299.9999844
299.9999468
299.9998348
299.9995335
299.9988076
299.9972507
299.9942949
299.9893393
299.9893434
299.9895238
299.9896792
299.9898091
299.9899133
299.9899916
299.9900439
299.9900701
2735.203832
2734.526049
2733.421816
2731.864059
2729.450143
2725.411778
2718.704439
2707.742089
2690.248735
2662.822192
2623.141326
2594.308876
2507.959977
1151.974314
488.1386567
330.5881828
304.2060647
300.5221267
300.0603043
300.0066021
300.0006975
300.0000723
300.0000065
299.9999966
299.9999844
299.9999468
299.9998348
299.9995335
299.9988076
299.9972507
299.9942949
299.9893393
299.9893434
299.9895238
299.9896792
299.9898091
299.9899133
299.9899916
299.9900439
299.9900701
2778.932468
2777.356561
2774.505005
2770.294173
2764.019664
2754.417353
2739.969545
2718.973453
2689.958984
2653.424917
2616.737619
2612.505347
2504.918654
1152.979201
501.7702925
335.465203
305.1706525
300.6619396
300.0767861
300.0082545
300.0008403
300.0000827
300.0000071
299.9999966
299.9999844
299.9999468
299.9998348
299.9995335
299.9988076
299.9972507
299.9942949
299.9893393
299.9893434
299.9895238
299.9896792
299.9898091
299.9899133
299.9899916
299.9900439
299.9900701
2822.280162
2819.7111
2814.9819
2808.025164
2797.792165
2782.384295
2759.897743
2728.134173
2684.97597
2632.94262
2609.062437
2593.807348
2433.934574
1086.114802
495.3089243
336.8933104
305.7033955
300.7558031
300.0886629
300.0094507
300.0009386
300.000089
300.0000073
299.9999966
299.9999844
299.9999468
299.9998348
299.9995335
299.9988076
299.9972507
299.9942949
299.9893393
299.9893434
299.9895238
299.9896792
299.9898091
299.9899133
299.9899916
299.9900439
299.9900701
2865.399603
2861.756322
2855.044743
2845.301704
2831.169631
2810.350551
2780.923444
2738.04014
2678.798387
2607.131121
2586.789683
2521.034996
2232.118283
1028.943932
488.5038932
336.9459073
305.8588612
300.7858338
300.0921343
300.0097071
300.0009441
300.0000871
300.0000069
299.9999965
299.9999844
299.9999468
299.9998348
299.9995335
299.9988076
299.9972507
299.9942949
299.9893393
299.9893434
299.9895238
299.9896792
299.9898091
299.9899133
299.9899916
299.9900439
299.9900701
2908.631695
2903.782077
2894.986688
2882.599642
2865.339719
2840.962878
2805.613083
2750.136863
2670.562894
2569.611951
2532.803245
2497.177242
2064.554881
963.4687997
472.5116812
333.8315326
305.3342224
300.7075253
300.0817051
300.008459
300.0008084
300.0000735
300.0000056
299.9999964
299.9999844
299.9999468
299.9998348
299.9995335
299.9988076
299.9972507
299.9942949
299.9893393
299.9893434
299.9895238
299.9896792
299.9898091
299.9899133
299.9899916
299.9900439
299.9900701
2952.403994
2946.249617
2935.772314
2921.762945
2903.177909
2876.617057
2835.514166
2767.191045
2664.822808
2524.805182
2495.303927
2501.907351
2106.17937
918.0007975
449.8590274
327.8266071
304.181204
300.5305782
300.0588944
300.005908
300.0005547
300.0000506
300.0000037
299.9999962
299.9999844
299.9999468
299.9998348
299.9995335
299.9988076
299.9972507
299.9942949
299.9893393
299.9893434
299.9895238
299.9896792
299.9898091
299.9899133
299.9899916
299.9900439
299.9900701
2998.191205
2991.585173
2980.770059
2966.410694
2947.091354
2918.503277
2869.648068
2788.71797
2663.801897
2482.584234
2465.528648
2302.689555
1993.727951
823.2602115
418.2397278
320.54483
302.8878541
300.3435312
300.0360372
300.0034791
300.0003247
300.0000307
300.0000021
299.9999961
299.9999844
299.9999468
299.9998348
299.9995335
299.9988076
299.9972507
299.9942949
299.9893393
299.9893434
299.9895238
299.9896792
299.9898091
299.9899133
299.9899916
299.9900439
299.9900701
3048.305151
3042.933048
3032.864429
3018.002622
2996.661243
2961.928381
2903.941161
2812.339621
2666.778224
2480.081814
2266.422039
1964.73755
1611.877015
663.5358244
374.2236093
311.7281429
301.5156318
300.1687474
300.0170747
300.0016696
300.0001684
300.0000181
300.0000011
299.999996
299.9999843
299.9999468
299.9998348
299.9995335
299.9988076
299.9972507
299.9942949
299.9893393
299.9893434
299.9895238
299.9896792
299.9898091
299.9899133
299.9899916
299.9900439
299.9900701
3103.251079
3105.787029
3098.808495
3079.677789
3050.341678
3004.643241
2935.356606
2842.625948
2739.561077
2733.548052
2152.254245
1661.760797
871.8994265
451.1547544
328.8016948
304.3006637
300.5395369
300.060976
300.0067068
300.0007718
300.000096
300.0000124
300.0000006
299.999996
299.9999843
299.9999468
299.9998348
299.9995335
299.9988076
299.9972507
299.9942949
299.9893393
299.9893434
299.9895238
299.9896792
299.9898091
299.9899133
299.9899916
299.9900439
299.9900701
3177.135972
3239.881188
3227.734682
3175.114066
3120.819104
3053.099931
2959.465323
2846.915465
2735.199498
2687.010559
2319.001915
1119.468521
540.3038189
352.0367177
308.9454613
301.3055036
300.1748957
300.0233358
300.0032724
300.0004821
300.000072
300.0000103
300.0000004
299.999996
299.9999843
299.9999468
299.9998348
299.9995335
299.9988076
299.9972507
299.9942949
299.9893393
299.9893434
299.9895238
299.9896792
299.9898091
299.9899133
299.9899916
299.9900439
299.9900701
3327.816256
3820.480244
3636.744561
3376.193512
3242.928415
3132.60092
3004.073062
2851.641569
2674.294867
2434.128212
2292.314013
967.3311748
448.5847598
325.3851774
303.8318239
300.5662841
300.0878495
300.0144428
300.0024253
300.0003993
300.0000628
300.0000091
300.0000003
299.9999959
299.9999843
299.9999468
299.9998348
299.9995335
299.9988076
299.9972507
299.9942949
299.9893393
299.9893434
299.9895238
299.9896792
299.9898091
299.9899133
299.9899916
299.9900439
299.9900701
3542.564471
3888.976282
3893.080884
3657.651711
3426.840144
3257.561362
3093.676141
2904.686985
2673.60975
2370.693515
2258.679327
933.8845228
427.4712752
319.5216407
302.7790988
300.4191533
300.069551
300.0121135
300.0020896
300.0003454
300.0000539
300.0000077
300
299.9999959
299.9999843
299.9999468
299.9998348
299.9995335
299.9988076
299.9972507
299.9942949
299.9893393
299.9893434
299.9895238
299.9896792
299.9898091
299.9899133
299.9899916
299.9900439
299.9900701
3488.535091
3801.078697
3862.182727
3765.331587
3599.432372
3400.201507
3202.221017
2976.619528
2695.438657
2343.870289
2224.289749
998.3024425
430.3791257
318.4989568
302.5392047
300.3805623
300.0625089
300.0106031
300.0017667
300.0002821
300.0000427
300.0000059
299.9999998
299.9999959
299.9999843
299.9999468
299.9998348
299.9995335
299.9988076
299.9972507
299.9942949
299.9893393
299.9893434
299.9895238
299.9896792
299.9898091
299.9899133
299.9899916
299.9900439
299.9900701
3443.820251
3585.08777
3731.159067
3762.420563
3682.401785
3523.353152
3302.809405
3033.585357
2686.458392
2262.256741
2101.012861
1054.706891
436.8158799
318.6438138
302.509411
300.371735
300.0591941
300.0095334
300.0014954
300.0002251
300.0000323
300.0000042
299.9999995
299.9999958
299.9999843
299.9999468
299.9998348
299.9995335
299.9988076
299.9972507
299.9942949
299.9893393
299.9893434
299.9895238
299.9896792
299.9898091
299.9899133
299.9899916
299.9900439
299.9900701
3433.216099
3504.066209
3617.074684
3697.705552
3693.327655
3586.626894
3372.882818
3049.435742
2614.654884
2080.391836
1864.062897
1160.056823
448.366589
319.3355903
302.5862166
300.386613
300.0608284
300.0094209
300.0013956
300.0001965
300.0000263
300.0000031
299.9999994
299.9999958
299.9999843
299.9999468
299.9998348
299.9995335
299.9988076
299.9972507
299.9942949
299.9893393
299.9893434
299.9895238
299.9896792
299.9898091
299.9899133
299.9899916
299.9900439
299.9900701
3442.149574
3480.749834
3555.005583
3631.412883
3665.367919
3609.934496
3414.270674
3060.296009
2573.494814
2181.808644
1792.868872
1489.749307
471.0085349
320.4690461
302.7276623
300.4218091
300.0676408
300.0104231
300.0015077
300.0002044
300.000026
300.0000029
299.9999993
299.9999958
299.9999843
299.9999468
299.9998348
299.9995335
299.9988076
299.9972507
299.9942949
299.9893393
299.9893434
299.9895238
299.9896792
299.9898091
299.9899133
299.9899916
299.9900439
299.9900701
3459.686008
3483.726075
3533.626867
3596.298684
3640.489133
3619.275714
3471.681857
3158.593486
2709.59619
2350.425696
2353.928585
1955.941871
491.6608501
321.1488867
302.8888711
300.4740426
300.0791127
300.0124467
300.0018165
300.0002463
300.0000311
300.0000035
299.9999994
299.9999958
299.9999843
299.9999468
299.9998348
299.9995335
299.9988076
299.9972507
299.9942949
299.9893393
299.9893434
299.9895238
299.9896792
299.9898091
299.9899133
299.9899916
299.9900439
299.9900701
3478.963183
3497.57906
3536.836937
3590.885981
3639.544819
3644.370198
3554.074404
3320.143355
2968.917534
2655.217741
2401.356205
2421.761619
490.8274061
319.8924331
303.0050981
300.5385944
300.0943837
300.0153288
300.0022946
300.000318
300.000041
300.0000047
299.9999995
299.9999958
299.9999843
299.9999468
299.9998348
299.9995335
299.9988076
299.9972507
299.9942949
299.9893393
299.9893434
299.9895238
299.9896792
299.9898091
299.9899133
299.9899916
299.9900439
299.9900701
3495.074148
3513.161226
3551.246731
3605.767337
3662.848333
3691.553688
3654.326059
3509.514111
3278.65695
3125.689171
2875.445188
2820.789355
473.5721699
318.1443124
303.1574745
300.6151439
300.1127647
300.0189572
300.0029297
300.0004188
300.0000557
300.0000067
299.9999998
299.9999958
299.9999843
299.9999468
299.9998348
299.9995335
299.9988076
299.9972507
299.9942949
299.9893393
299.9893434
299.9895238
299.9896792
299.9898091
299.9899133
299.9899916
299.9900439
299.9900701
3504.199244
3524.326109
3567.11907
3630.929174
3703.163125
3755.267505
3758.595513
3684.509443
3583.622037
3724.52401
3877.558538
2774.741893
435.9595319
316.345846
303.3949683
300.7074405
300.134926
300.0234854
300.0037542
300.0005548
300.0000762
300.0000096
300.0000001
299.9999959
299.9999843
299.9999468
299.9998348
299.9995335
299.9988076
299.9972507
299.9942949
299.9893393
299.9893434
299.9895238
299.9896792
299.9898091
299.9899133
299.9899916
299.9900439
299.9900701
3503.540806
3526.609306
3576.893629
3655.126557
3748.641066
3823.665839
3841.331597
3754.53569
3683.65136
4525.400624
7202.137059
2109.838764
385.0546938
315.861809
303.7605344
300.8204647
300.1621387
300.029194
300.0048241
300.0007365
300.0001045
300.0000136
300.0000007
299.999996
299.9999843
299.9999468
299.9998348
299.9995335
299.9988076
299.9972507
299.9942949
299.9893393
299.9893434
299.9895238
299.9896792
299.9898091
299.9899133
299.9899916
299.9900439
299.9900701
3491.319216
3516.980543
3575.033219
3670.370743
3790.522106
3883.443951
3900.326105
3681.550078
3612.398881
3653.892756
4115.586719
785.008781
362.0652504
316.8048885
304.2231262
300.9546639
300.1950435
300.0362736
300.0061858
300.0009739
300.0001424
300.0000192
300.0000014
299.9999961
299.9999844
299.9999468
299.9998348
299.9995335
299.9988076
299.9972507
299.9942949
299.9893393
299.9893434
299.9895238
299.9896792
299.9898091
299.9899133
299.9899916
299.9900439
299.9900701
3467.047179
3493.606477
3556.943177
3670.246433
3826.866821
3933.412943
3924.704764
3615.238475
2946.119886
2062.689156
1271.840724
499.6138956
362.8137925
318.232941
304.7455842
301.1087031
300.2338464
300.0448525
300.007881
300.0012773
300.0001921
300.0000267
300.0000025
299.9999962
299.9999844
299.9999468
299.9998348
299.9995335
299.9988076
299.9972507
299.9942949
299.9893393
299.9893434
299.9895238
299.9896792
299.9898091
299.9899133
299.9899916
299.9900439
299.9900701
3431.981029
3456.685418
3520.004335
3651.418826
3888.26432
3976.959826
3941.129983
3654.963677
2860.373332
1645.525863
842.4626609
497.395525
365.7953746
319.7812094
305.3253711
301.2850565
300.2795529
300.0552337
300.0099868
300.0016642
300.0002572
300.0000368
300.000004
299.9999964
299.9999844
299.9999468
299.9998348
299.9995335
299.9988076
299.9972507
299.9942949
299.9893393
299.9893434
299.9895238
299.9896792
299.9898091
299.9899133
299.9899916
299.9900439
299.9900701
3388.657633
3406.700292
3453.683397
3553.612153
3741.562763
3973.456589
3943.060284
3677.888067
3015.180839
1582.884448
831.1568943
499.3982659
368.7556603
321.4186274
305.9652983
301.485849
300.332999
300.0676806
300.0125745
300.0021514
300.0003411
300.0000502
300.0000059
299.9999967
299.9999844
299.9999468
299.9998348
299.9995335
299.9988076
299.9972507
299.9942949
299.9893393
299.9893434
299.9895238
299.9896792
299.9898091
299.9899133
299.9899916
299.9900439
299.9900701
3341.691926
3351.836452
3378.835444
3436.856277
3545.579742
3716.612556
3823.976244
3661.329878
3029.938463
1543.946857
821.0384056
500.3856125
371.4948343
323.066427
306.636159
301.702864
300.3923841
300.0818907
300.0156102
300.0027388
300.0004452
300.0000672
300.0000085
299.999997
299.9999845
299.9999468
299.9998348
299.9995335
299.9988076
299.9972507
299.9942949
299.9893393
299.9893434
299.9895238
299.9896792
299.9898091
299.9899133
299.9899916
299.9900439
299.9900701
3294.681036
3298.096152
3308.453923
3333.330675
3380.435732
3446.117056
3448.46496
3235.965685
2997.217678
1513.901259
811.9287344
501.0709202
373.9503232
324.599025
307.2802478
301.9182795
300.453424
300.0970261
300.0189609
300.0034104
300.0005684
300.0000881
300.0000118
299.9999975
299.9999845
299.9999468
299.9998348
299.9995335
299.9988076
299.9972507
299.9942949
299.9893393
299.9893434
299.9895238
299.9896792
299.9898091
299.9899133
299.9899916
299.9900439
299.9900701
3249.348363
3248.148449
3247.171937
3250.256282
3259.708856
3268.24501
3222.585641
3005.265881
2963.856403
1501.26177
808.0510205
502.7400276
376.270449
325.9713727
307.8671045
302.122147
300.5137925
300.1126781
300.0225787
300.004166
300.0007125
300.0001134
300.0000159
299.9999981
299.9999846
299.9999468
299.9998348
299.9995335
299.9988076
299.9972507
299.9942949
299.9893393
299.9893434
299.9895238
299.9896792
299.9898091
299.9899133
299.9899916
299.9900439
299.9900701
3205.836047
3202.056207
3194.650062
3184.712149
3172.397738
3152.130245
3092.56096
2946.955294
2933.319617
1503.163959
808.5990301
505.3774136
378.6004762
327.2782262
308.4356868
302.3270064
300.5769474
300.1297073
300.026663
300.005049
300.0008865
300.0001449
300.0000212
299.999999
299.9999848
299.9999468
299.9998348
299.9995335
299.9988076
299.9972507
299.9942949
299.9893393
299.9893434
299.9895238
299.9896792
299.9898091
299.9899133
299.9899916
299.9900439
299.9900701
3163.112802
3158.64781
3148.633083
3131.483767
3105.809776
3066.918058
2999.418332
2898.474701
2896.083135
1511.676765
807.8001549
507.7658108
381.0643746
328.716881
309.0741936
302.5606916
300.6501406
300.1497863
300.0315696
300.0061313
300.0011043
300.0001853
300.0000281
300.0000001
299.9999849
299.9999468
299.9998348
299.9995335
299.9988076
299.9972507
299.9942949
299.9893393
299.9893434
299.9895238
299.9896792
299.9898091
299.9899133
299.9899916
299.9900439
299.9900701
3119.26907
3115.947815
3107.147761
3088.9186
3056.256416
3002.426959
2912.947223
2861.516299
2860.647175
1512.063758
803.2359865
510.0901782
384.062656
330.4863451
309.8506527
302.8422118
300.7380831
300.1740056
300.0375419
300.0074656
300.001377
300.0002366
300.0000371
300.0000016
299.9999851
299.9999469
299.9998348
299.9995335
299.9988076
299.9972507
299.9942949
299.9893393
299.9893434
299.9895238
299.9896792
299.9898091
299.9899133
299.9899916
299.9900439
299.9900701
3071.663845
3071.33433
3067.901838
3055.509395
3026.507278
2972.466959
2883.207163
2863.317847
2854.362545
1499.683435
799.4992398
513.9062115
387.8304004
332.5680936
310.7429214
303.1641422
300.8391572
300.2021436
300.0445808
300.0090646
300.0017097
300.0003006
300.0000485
300.0000035
299.9999854
299.9999469
299.9998348
299.9995335
299.9988076
299.9972507
299.9942949
299.9893393
299.9893434
299.9895238
299.9896792
299.9898091
299.9899133
299.9899916
299.9900439
299.9900701
3016.518936
3020.097244
3024.494851
3023.153521
3007.551002
2969.691674
2906.182996
2870.071541
2878.259962
1471.540494
789.1254401
515.2328693
390.858911
334.4997108
311.6301869
303.4988532
300.9477905
300.233225
300.052547
300.0109156
300.0021034
300.0003778
300.0000626
300.0000058
299.9999858
299.999947
299.9998348
299.9995335
299.9988076
299.9972507
299.9942949
299.9893393
299.9893434
299.9895238
299.9896792
299.9898091
299.9899133
299.9899916
299.9900439
299.9900701
2950.177294
2957.735002
2970.558817
2981.801973
2983.309203
2967.708903
2936.074029
2904.874499
2905.634444
1430.971605
772.3019876
514.0295083
393.0932266
336.2465742
312.4959107
303.8400315
301.062023
300.2667496
300.0613363
300.0130019
300.0025563
300.0004684
300.0000794
300.0000088
299.9999863
299.9999471
299.9998348
299.9995335
299.9988076
299.9972507
299.9942949
299.9893393
299.9893434
299.9895238
299.9896792
299.9898091
299.9899133
299.9899916
299.9900439
299.9900701
2869.491151
2880.562589
2901.367062
2924.984042
2944.009442
2950.089844
2942.241367
2926.289353
2925.335282
1392.228235
761.8135176
516.0508855
396.3527868
338.2620107
313.4303632
304.2009254
301.1826851
300.3024289
300.0708055
300.0152828
300.0030595
300.0005709
300.0000988
300.0000122
299.9999869
299.9999471
299.9998348
299.9995335
299.9988076
299.9972507
299.9942949
299.9893393
299.9893434
299.9895238
299.9896792
299.9898091
299.9899133
299.9899916
299.9900439
299.9900701
2771.861813
2785.52847
2812.651101
2847.303159
2883.857012
2912.369179
2929.172726
2936.058687
2936.009198
1362.236237
762.756938
523.2509436
401.1754977
340.6431529
314.4341638
304.5730512
301.3053266
300.3386748
300.0804922
300.0176422
300.003587
300.0006798
300.0001197
300.0000159
299.9999875
299.9999472
299.9998349
299.9995336
299.9988076
299.9972507
299.9942949
299.9893393
299.9893434
299.9895238
299.9896792
299.9898091
299.9899133
299.9899916
299.9900439
299.9900701
2654.998135
2669.39876
2699.590147
2742.7668
2796.248454
2849.934834
2897.146388
2935.312837
2936.551738
1330.840758
766.7027659
531.5507253
406.0543159
342.8938377
315.3508528
304.908452
301.4158458
300.3715784
300.0893875
300.0198388
300.0040854
300.0007843
300.0001401
300.0000196
299.9999881
299.9999473
299.9998349
299.9995336
299.9988076
299.9972507
299.9942949
299.9893393
299.9893434
299.9895238
299.9896792
299.9898091
299.9899133
299.9899916
299.9900439
299.9900701
2516.875932
2529.002044
2558.091897
2605.576233
2672.900724
2753.244775
2842.157154
2925.680196
2929.175682
1286.939179
764.7246321
536.0695684
408.8839164
344.2358236
315.9194453
305.1258564
301.4905917
300.3947097
300.0958613
300.0214876
300.0044701
300.0008671
300.0001566
300.0000227
299.9999887
299.9999474
299.9998349
299.9995336
299.9988076
299.9972507
299.9942949
299.9893393
299.9893434
299.9895238
299.9896792
299.9898091
299.9899133
299.9899916
299.9900439
299.9900701
2356.769173
2360.071351
2384.23139
2430.990937
2502.674053
2600.708301
2755.352194
2904.648594
2906.576783
1204.676942
745.6487016
531.4341943
407.4081951
343.8180865
315.8467305
305.1323951
301.5023907
300.4006952
300.0980529
300.0221511
300.0046449
300.0009082
300.0001654
300.0000244
299.999989
299.9999475
299.9998349
299.9995336
299.9988076
299.9972507
299.9942949
299.9893393
299.9893434
299.9895238
299.9896792
299.9898091
299.9899133
299.9899916
299.9900439
299.9900701
2176.261229
2153.79624
2174.270671
2218.808411
2274.277887
2347.183036
2533.748012
2807.712353
2814.213657
1074.877949
708.1425938
516.463148
401.0177574
341.379112
315.0335031
304.8942713
301.440752
300.3865352
300.0951669
300.021633
300.0045647
300.0008981
300.0001645
300.0000245
299.999989
299.9999475
299.9998349
299.9995336
299.9988076
299.9972507
299.9942949
299.9893393
299.9893434
299.9895238
299.9896792
299.9898091
299.9899133
299.9899916
299.9900439
299.9900701
2130.174015
2133.07621
2149.415929
2192.212259
2245.932923
2309.787263
2373.765398
2457.775043
2122.343388
927.6389935
666.6886588
496.9978699
392.1891239
337.8735705
313.810625
304.51509
301.3351445
300.3598827
300.0890267
300.0203337
300.0043108
300.0008521
300.0001568
300.0000232
299.9999888
299.9999475
299.9998349
299.9995336
299.9988076
299.9972507
299.9942949
299.9893393
299.9893434
299.9895238
299.9896792
299.9898091
299.9899133
299.9899916
299.9900439
299.9900701
2112.393186
2102.320649
2091.695596
2082.938068
2073.50614
2050.746039
1964.017091
1712.078627
1223.246762
843.4444658
638.850054
482.8870681
385.6896311
335.2631827
312.8873196
304.2239992
301.2524826
300.3385509
300.0839864
300.0192362
300.0040893
300.0008105
300.0001495
300.000022
299.9999886
299.9999474
299.9998349
299.9995336
299.9988076
299.9972507
299.9942949
299.9893393
299.9893434
299.9895238
299.9896792
299.9898091
299.9899133
299.9899916
299.9900439
299.9900701
)
;

boundaryField
{
    lowerWall
    {
        type            zeroGradient;
    }
    atmosphere
    {
        type            zeroGradient;
    }
    rightWall
    {
        type            empty;
    }
    leftWall
    {
        type            empty;
    }
    frontAndBack
    {
        type            fixedGradient;
        gradient        uniform -50;
    }
}


// ************************************************************************* //
