/*--------------------------------*- C++ -*----------------------------------*\
| =========                 |                                                 |
| \\      /  F ield         | OpenFOAM: The Open Source CFD Toolbox           |
|  \\    /   O peration     | Version:  2506                                  |
|   \\  /    A nd           | Website:  www.openfoam.com                      |
|    \\/     M anipulation  |                                                 |
\*---------------------------------------------------------------------------*/
FoamFile
{
    version     2.0;
    format      ascii;
    arch        "LSB;label=32;scalar=64";
    class       volScalarField;
    location    "0.01";
    object      TLiquidus;
}
// * * * * * * * * * * * * * * * * * * * * * * * * * * * * * * * * * * * * * //

dimensions      [0 0 0 1 0 0 0];

internalField   nonuniform List<scalar> 
3200
(
10.00000019
10.00000013
49.22334712
1723
1723
1723
1723
1723
1723
1723
1723
1723
1723
1723
1723
1723
1723
1723
1723
1723
1723
1723
1723
1723
1723
1723
1723
1723
1723
1723
1723
1723
10.0000008
10
10
10
10
10
10
10
10.00000026
10.00000018
10.00000016
10.00000021
1723
1723
1723
1723
1723
1723
1723
1723
1723
1723
1723
1723
1723
1723
1723
1723
1723
1723
1723
1723
1723
1723
1723
1723
1723
1723
1723
1723
10.0000008
10
10
10
10
10
10
10
10.00000018
10.00000013
10.00000009
10.00000005
1723
1723
1723
1723
1723
1723
1723
1723
1723
1723
1723
1723
1723
1723
1723
1723
1723
1723
1723
1723
1723
1723
1723
1723
1723
1723
1723
1723
10.0000008
10
10
10
10
10
10
10
10.00000008
10.00000012
10.00000009
10.00000007
30.73743988
1723
1723
1723
1723
1723
1723
1723
1723
1723
1723
1723
1723
1723
1723
1723
1723
1723
1723
1723
1723
1723
1723
1723
1723
1723
1723
1723
10.00000081
10
10
10
10
10
10
10
10.00000002
10.00000006
10.00000009
10.00000009
1723
1723
1723
1723
1723
1723
1723
1723
1723
1723
1723
1723
1723
1723
1723
1723
1723
1723
1723
1723
1723
1723
1723
1723
1723
1723
1723
1723
10.00000082
10
10
10
10
10
10
10
10
10.00000001
10.00000003
10.0000001
10.00000002
1723
1723
1723
1723
1723
1723
1723
1723
1723
1723
1723
1723
1723
1723
1723
1723
1723
1723
1723
1723
1723
1723
1723
1723
1723
1723
1723
10.00000083
10
10
10
10
10
10
10
10
10.00000001
10.00000004
10.00000009
10.00000026
1723
1723
1723
1723
1723
1723
1723
1723
1723
1723
1723
1723
1723
1723
1723
1723
1723
1723
1723
1723
1723
1723
1723
1723
1723
1723
1723
10.00000084
10
10
10
10
10
10
10
10
10.00000001
10.00000003
10.00000006
10.00000329
1723
1723
1723
1723
1723
1723
1723
1723
1723
1723
1723
1723
1723
1723
1723
1723
1723
1723
1723
1723
1723
1723
1723
1723
1723
1723
1723
10.00000085
10
10
10
10
10
10
10
10
10.00000001
10.00000002
10.00000005
10.00000248
1723
1723
1723
1723
1723
1723
1723
1723
1723
1723
1723
1723
1723
1723
1723
1723
1723
1723
1723
1723
1723
1723
1723
1723
1723
1723
1723
10.00000086
10
10
10
10
10
10
10
10
10.00000003
10.00000005
10.00000006
10.00000071
1723
1723
1723
1723
1723
1723
1723
1723
1723
1723
1723
1723
1723
1723
1723
1723
1723
1723
1723
1723
1723
1723
1723
1723
1723
1723
1723
10.00000087
10
10
10
10
10
10
10
10.00000003
10.00000011
10.00000014
10.00000014
10.00000014
10.00000003
10.0000001
11.54006671
1723
1723
1723
1723
1723
1723
1723
1723
1723
1723
1723
1723
1723
1723
1723
1723
1723
1723
1723
1723
1723
1723
1723
1723
10.00000089
10
10
10
10
10
10
10
10.00000014
10.00000021
10.00000019
10.00000017
10.00000009
10.00000006
10.00000025
1723
1723
1723
1723
1723
1723
1723
1723
1723
1723
1723
1723
1723
1723
1723
1723
1723
1723
1723
1723
1723
1723
1723
1723
1723
10.0000009
10
10
10
10
10
10
10
10.00000022
10.0000002
10.00000015
10.00000011
10.0000001
10.0000001
10.00000022
1723
1723
1723
1723
1723
1723
1723
1723
1723
1723
1723
1723
1723
1723
1723
1723
1723
1723
1723
1723
1723
1723
1723
1723
1723
10.00000092
10
10
10
10
10
10
10
10.00000023
10.0000002
10.00000015
10.00000012
10.00000012
10.00000013
10.00000016
17.4225761
1723
1723
1723
1723
1723
1723
1723
1723
1723
1723
1723
1723
1723
1723
1723
1723
1723
1723
1723
1723
1723
1723
1723
1723
10.00000094
10
10
10
10
10
10
10
10.00000022
10.00000022
10.0000002
10.00000016
10.00000015
10.00000016
10.00000009
1723
1723
1723
1723
1723
1723
1723
1723
1723
1723
1723
1723
1723
1723
1723
1723
1723
1723
1723
1723
1723
1723
1723
1723
1723
10.00000096
10
10
10
10
10
10
10
10.00000017
10.00000019
10.00000022
10.00000021
10.00000018
10.00000008
10.00000005
18.90278897
1723
1723
1723
1723
1723
1723
1723
1723
1723
1723
1723
1723
1723
1723
1723
1723
1723
1723
1723
1723
1723
1723
1723
1723
10.00000097
10
10
10
10
10
10
10
10.00000005
10.00000011
10.00000018
10.00000021
10.00000015
1723
1723
1723
1723
1723
1723
1723
1723
1723
1723
1723
1723
1723
1723
1723
1723
1723
1723
1723
1723
1723
1723
1723
1723
1723
1723
1723
10.00000099
10
10
10
10
10
10
10
10.00000004
10.00000008
10.00000014
10.00000016
10.00000009
1723
1723
21.59409413
1723
1723
1723
1723
1723
1723
1723
1723
1723
1723
1723
1723
1723
1723
1723
1723
1723
1723
1723
1723
1723
1723
1723
1723
10.00000101
10
10
10
10
10
10
10
10.0000001
10.00000011
10.00000013
10.00000014
10.00000007
1723
1723
1723
1723
1723
1723
1723
1723
1723
1723
1723
1723
1723
1723
1723
1723
1723
1723
1723
1723
1723
1723
1723
1723
1723
1723
1723
10.00000103
10
10
10
10
10
10
10
10.0000001
10.00000011
10.00000011
10.00000009
10.00000005
10.00000002
1723
1723
1723
1723
1723
1723
1723
1723
1723
1723
1723
1723
1723
1723
1723
1723
1723
1723
1723
1723
1723
1723
1723
1723
1723
1723
10.00000105
10
10
10
10
10
10
10
10.00000007
10.00000007
10.00000006
10.00000006
10.00000005
10.00000004
10.00000002
1723
1723
1723
1723
1723
1723
1723
1723
1723
1723
1723
1723
1723
1723
1723
1723
1723
1723
1723
1723
1723
1723
1723
1723
1723
10.00000106
10
10
10
10
10
10
10
10.00000005
10.00000005
10.00000005
10.00000007
10.00000008
10.00000007
10.00000005
10.00000001
1723
1723
1723
1723
1723
1723
1723
1723
1723
1723
1723
1723
1723
1723
1723
1723
1723
1723
1723
1723
1723
1723
1723
1723
10.00000108
10
10
10
10
10
10
10
10.00000004
10.00000006
10.00000006
10.00000007
10.00000008
10.0000001
10.0000001
10.00000005
1723
1723
1723
1723
1723
1723
1723
1723
1723
1723
1723
1723
1723
1723
1723
1723
1723
1723
1723
1723
1723
1723
1723
1723
10.0000011
10
10
10
10
10
10
10
10.00000002
10.00000004
10.00000006
10.00000007
10.00000008
10.0000001
10.00000011
10.00000007
91.9333842
1723
1723
1723
1723
1723
1723
1723
1723
1723
1723
1723
1723
1723
1723
1723
1723
1723
1723
1723
1723
1723
1723
1723
10.00000112
10
10
10
10
10
10
10
10.00000001
10.00000003
10.00000004
10.00000006
10.00000007
10.00000009
10.00000011
10.00000008
16.70303958
1723
1723
1723
1723
1723
1723
1723
1723
1723
1723
1723
1723
1723
1723
1723
1723
1723
1723
1723
1723
1723
1723
1723
10.00000113
10
10
10
10
10
10
10
10
10.00000001
10.00000002
10.00000004
10.00000005
10.00000008
10.00000011
10.00000009
1723
1723
1723
1723
1723
1723
1723
1723
1723
1723
1723
1723
1723
1723
1723
1723
1723
1723
1723
1723
1723
1723
1723
1723
10.00000115
10
10
10
10
10
10
10
10
10
10.00000001
10.00000002
10.00000003
10.00000006
10.00000009
10.00000009
1723
1723
1723
1723
1723
1723
1723
1723
1723
1723
1723
1723
1723
1723
1723
1723
1723
1723
1723
1723
1723
1723
1723
1723
10.00000117
10
10
10
10
10
10
10
10
10
10
10.00000001
10.00000002
10.00000006
10.00000009
10.00000009
1723
1723
1723
1723
1723
1723
1723
1723
1723
1723
1723
1723
1723
1723
1723
1723
1723
1723
1723
1723
1723
1723
1723
1723
10.00000118
10
10
10
10
10
10
10
10
10
10
10
10.00000001
10.00000007
10.0000001
10.00000009
1723
1723
1723
1723
1723
1723
1723
1723
1723
1723
1723
1723
1723
1723
1723
1723
1723
1723
1723
1723
1723
1723
1723
1723
10.0000012
10
10
10
10
10
10
10
10
10
10
10
10.00000002
10.00000009
10.00000011
10.00000009
1723
1723
1723
1723
1723
1723
1723
1723
1723
1723
1723
1723
1723
1723
1723
1723
1723
1723
1723
1723
1723
1723
1723
1723
10.00000121
10
10
10
10
10
10
10
10
10
10
10.00000001
10.00000004
10.00000011
10.00000011
10.00000008
1723
1723
1723
1723
1723
1723
1723
1723
1723
1723
1723
1723
1723
1723
1723
1723
1723
1723
1723
1723
1723
1723
1723
1723
10.00000122
10
10
10
10
10
10
10
10
10
10
10.00000001
10.00000005
10.00000011
10.0000001
10.00000007
17.72334348
10
1723
1723
1723
1723
1723
1723
1723
1723
1723
1723
1723
1723
1723
1723
1723
1723
1723
1723
1723
1723
1723
1723
10.00000123
10
10
10
10
10
10
10
10
10
10
10
10.00000002
10.00000009
10.00000012
10.00000008
10.00000005
10.00000001
1723
1723
1723
1723
1723
1723
1723
1723
1723
1723
1723
1723
1723
1723
1723
1723
1723
1723
1723
1723
1723
1723
10.00000124
10
10
10
10
10
10
10
10
10
10
10
10.00000001
10.00000005
10.0000001
10.00000008
10.00000003
10.00000001
1723
1723
1723
1723
1723
1723
1723
1723
1723
1723
1723
1723
1723
1723
1723
1723
1723
1723
1723
1723
1723
1723
10.00000125
10
10
10
10
10
10
10
10
10
10
10
10.00000001
10.00000004
10.00000009
10.00000009
10.00000004
10.00000004
10.00000005
1723
1723
1723
1723
1723
1723
1723
1723
1723
1723
1723
1723
1723
1723
1723
1723
1723
1723
1723
1723
1723
10.00000126
10
10
10
10
10
10
10
10
10
10
10
10.00000001
10.00000003
10.00000006
10.00000008
10.00000006
10.00000007
10.00000009
1723
1723
1723
1723
1723
1723
1723
1723
1723
1723
1723
1723
1723
1723
1723
1723
1723
1723
1723
1723
1723
10.00000127
10
10
10
10
10
10
10
10
10
10
10
10.00000001
10.00000002
10.00000004
10.00000007
10.00000006
10.00000012
10.00000011
1723
1723
1723
1723
1723
1723
1723
1723
1723
1723
1723
1723
1723
1723
1723
1723
1723
1723
1723
1723
1723
10.00000128
10
10
10
10
10
10
10
10
10
10
10
10.00000001
10.00000003
10.00000006
10.00000009
10.00000011
10.00000019
10.00000013
10
1723
1723
1723
1723
1723
1723
1723
1723
1723
1723
1723
1723
1723
1723
1723
1723
1723
1723
1723
1723
10.00000128
10
10
10
10
10
10
10
10
10
10
10
10.00000001
10.00000004
10.00000008
10.00000012
10.0000003
10.00000035
10.00000015
39.63438783
1723
1723
1723
1723
1723
1723
1723
1723
1723
1723
1723
1723
1723
1723
1723
1723
1723
1723
1723
1723
10.00000129
10
10
10
10
10
10
10
10
10
10
10.00000001
10.00000002
10.00000004
10.00000008
10.00000008
10.0000003
10.00000115
10.00000026
1723
1723
1723
1723
1723
1723
1723
1723
1723
1723
1723
1723
1723
1723
1723
1723
1723
1723
1723
1723
1723
10.00000129
10
10
10
10
10
10
10
10
10
10
10.00000001
10.00000002
10.00000006
10.0000001
10.00000005
10.00000021
10.00000482
58.45161921
1723
1723
1723
1723
1723
1723
1723
1723
1723
1723
1723
1723
1723
1723
1723
1723
1723
1723
1723
1723
1723
10.00000129
10
10
10
10
10
10
10
10
10
10.00000001
10.00000001
10.00000004
10.00000007
10.00000006
10.00000004
10.00000004
10.00000917
1723
1723
1723
1723
1723
1723
1723
1723
1723
1723
1723
1723
1723
1723
1723
1723
1723
1723
1723
1723
1723
1723
10.00000129
10
10
10
10
10
10
10
10.00000001
10.00000002
10.00000002
10.00000003
10.00000006
10.00000007
10.00000004
10.00000003
10.00000003
10.00000001
1723
1723
1723
1723
1723
1723
1723
1723
1723
1723
1723
1723
1723
1723
1723
1723
1723
1723
1723
1723
1723
1723
10.00000129
10
10
10
10
10
10
10
10.00000004
10.00000004
10.00000004
10.00000005
10.00000007
10.00000005
10.00000003
10.00000002
10.00000003
10.00000002
1723
1723
1723
1723
1723
1723
1723
1723
1723
1723
1723
1723
1723
1723
1723
1723
1723
1723
1723
1723
1723
1723
10.00000129
10
10
10
10
10
10
10
10.00000006
10.00000005
10.00000005
10.00000006
10.00000005
10.00000003
10.00000002
10.00000002
10.00000002
10.00000001
1723
1723
1723
1723
1723
1723
1723
1723
1723
1723
1723
1723
1723
1723
1723
1723
1723
1723
1723
1723
1723
1723
10.00000128
10
10
10
10
10
10
10
10.00000001
10.00000003
10.00000004
10.00000004
10.00000002
10.00000001
10.00000001
10.00000001
10.00000002
35.44424902
1723
1723
1723
1723
1723
1723
1723
1723
1723
1723
1723
1723
1723
1723
1723
1723
1723
1723
1723
1723
1723
1723
10.00000128
10
10
10
10
10
10
10
10
10.00000001
10.00000001
10.00000001
10
10
10.00000001
10.00000001
10.00000002
1723
1723
1723
1723
1723
1723
1723
1723
1723
1723
1723
1723
1723
1723
1723
1723
1723
1723
1723
1723
1723
1723
1723
10.00000127
10
10
10
10
10
10
10
10
10
10
10
10
10
10.00000001
10.00000001
10.00000001
34.83921006
1723
1723
1723
1723
1723
1723
1723
1723
1723
1723
1723
1723
1723
1723
1723
1723
1723
1723
1723
1723
1723
1723
10.00000127
10
10
10
10
10
10
10
10
12.59939144
10.35275561
10
10
10
10.00000001
10.00000002
10.00000001
10.00000001
1723
1723
1723
1723
1723
1723
1723
1723
1723
1723
1723
1723
1723
1723
1723
1723
1723
1723
1723
1723
1723
1723
10.00000126
10
10
10
10
10
10
10
10
1723
10
10.0000032
10.00000001
10
10
10.00000001
10.00000001
10.00000002
1723
1723
1723
1723
1723
1723
1723
1723
1723
1723
1723
1723
1723
1723
1723
1723
1723
1723
1723
1723
1723
1723
10.00000125
10
10
10
10
10
10
10
10
10
10.00646459
10.00000029
10.00000053
10
10
10.00000001
10.00000001
10.00000002
1723
1723
1723
1723
1723
1723
1723
1723
1723
1723
1723
1723
1723
1723
1723
1723
1723
1723
1723
1723
1723
1723
10.00000125
10
10
10
10
10
10
10
10
10
10.0000154
10.00001147
10.00001256
10.00001336
10.00000013
10.00000002
10.00000002
10.00000003
1723
1723
1723
1723
1723
1723
1723
1723
1723
1723
1723
1723
1723
1723
1723
1723
1723
1723
1723
1723
1723
1723
10.00000124
10
10
10
10
10
10
10
10
10
10.00000009
10
10.00000892
10.00000443
10.00000001
10.00000003
10.00000003
10.00000003
1723
1723
1723
1723
1723
1723
1723
1723
1723
1723
1723
1723
1723
1723
1723
1723
1723
1723
1723
1723
1723
1723
10.00000123
10
10
10
10
10
10
10
10
10
10
10.00000001
10.00000001
10.00000739
10.00000024
10.00000002
10.00000003
15.98299608
1723
1723
1723
1723
1723
1723
1723
1723
1723
1723
1723
1723
1723
1723
1723
1723
1723
1723
1723
1723
1723
1723
10.00000122
10
10
10
10
10
10
10
10
10
10
10.00000002
10.00000004
10.00000029
10.00000003
10.07653202
10.00000002
15.08364449
1723
1723
1723
1723
1723
1723
1723
1723
1723
1723
1723
1723
1723
1723
1723
1723
1723
1723
1723
1723
1723
1723
10.00000121
10
10
10
10
10
10
10
10
10
10.00000001
10.00000003
10.00000005
10.00000008
10.00000004
10.00000001
10.00000002
10.00000001
27.78037944
1723
1723
1723
1723
1723
1723
1723
1723
1723
1723
1723
1723
1723
1723
1723
1723
1723
1723
1723
1723
1723
10.0000012
10
10
10
10
10
10
10
10
10
10.00000001
10.00000003
10.00000007
10.00000009
10.00000006
10.00000002
10.00000005
10.00000012
10.00000011
1723
1723
1723
1723
1723
1723
1723
1723
1723
1723
1723
1723
1723
1723
1723
1723
1723
1723
1723
1723
1723
10.0000012
10
10
10
10
10
10
10
10
10
10.00000002
10.00000006
10.0000001
10.00000012
10.0000001
10.00000008
10.00000018
10.0000003
10.00000009
1723
1723
1723
1723
1723
1723
1723
1723
1723
1723
1723
1723
1723
1723
1723
1723
1723
1723
1723
1723
1723
10.00000119
10
10
10
10
10
10
10
10
10.00000001
10.00000003
10.0000001
10.00000014
10.00000012
10.00000007
10.00000008
10.00000023
10.00000023
1723
1723
1723
1723
1723
1723
1723
1723
1723
1723
1723
1723
1723
1723
1723
1723
1723
1723
1723
1723
1723
1723
10.00000118
10
10
10
10
10
10
10
10
10.00000001
10.00000005
10.00000014
10.00000016
10.00000007
10.00000001
33.26099445
1723
1723
1723
1723
1723
1723
1723
1723
1723
1723
1723
1723
1723
1723
1723
1723
1723
1723
1723
1723
1723
1723
1723
1723
10.00000117
10
10
10
10
10
10
10
10
10.00000001
10.00000007
10.00000017
10.0000002
10.00000001
1723
1723
1723
1723
1723
1723
1723
1723
1723
1723
1723
1723
1723
1723
1723
1723
1723
1723
1723
1723
1723
1723
1723
1723
1723
1723
10.00000116
10
10
10
10
10
10
10
10
10.00000002
10.00000008
10.00000019
10.00000019
1723
1723
1723
1723
1723
1723
1723
1723
1723
1723
1723
1723
1723
1723
1723
1723
1723
1723
1723
1723
1723
1723
1723
1723
1723
1723
1723
10.00000115
10
10
10
10
10
10
10
10
10.00000002
10.0000001
10.00000022
10.00000027
39.37473169
1723
1723
1723
1723
1723
1723
1723
1723
1723
1723
1723
1723
1723
1723
1723
1723
1723
1723
1723
1723
1723
1723
1723
1723
1723
1723
10.00000114
10
10
10
10
10
10
10
10
10.00000002
10.0000001
10.00000024
10.00000031
10.00000026
10.00000009
1723
1723
1723
1723
1723
1723
1723
1723
1723
1723
1723
1723
1723
1723
1723
1723
1723
1723
1723
1723
1723
1723
1723
1723
1723
10.00000114
10
10
10
10
10
10
10
10
10.00000002
10.00000011
10.00000028
10.0000004
10.00000035
10.00000018
10.00000003
1723
1723
1723
1723
1723
1723
1723
1723
1723
1723
1723
1723
1723
1723
1723
1723
1723
1723
1723
1723
1723
1723
1723
1723
10.00000113
10
10
10
10
10
10
10
10
10.00000003
10.00000011
10.00000035
10.00000054
10.00000041
10.00000028
10.00000008
1723
1723
1723
1723
1723
1723
1723
1723
1723
1723
1723
1723
1723
1723
1723
1723
1723
1723
1723
1723
1723
1723
1723
1723
10.00000112
10
10
10
10
10
10
10
10.00000001
10.00000003
10.00000016
10.00000046
10.00000057
10.00000045
10.00000034
10.00000012
1723
1723
1723
1723
1723
1723
1723
1723
1723
1723
1723
1723
1723
1723
1723
1723
1723
1723
1723
1723
1723
1723
1723
1723
10.00000111
10
10
10
10
10
10
10
10.00000001
10.00000005
10.0000002
10.00000045
10.00000052
10.00000042
10.0000003
10.00000012
1723
1723
1723
1723
1723
1723
1723
1723
1723
1723
1723
1723
1723
1723
1723
1723
1723
1723
1723
1723
1723
1723
1723
1723
10.00000111
10
10
10
10
10
10
10
10.00000001
10.00000006
10.00000018
10.0000004
10.00000048
10.00000036
10.00000021
1723
1723
1723
1723
1723
1723
1723
1723
1723
1723
1723
1723
1723
1723
1723
1723
1723
1723
1723
1723
1723
1723
1723
1723
1723
10.0000011
10
10
10
10
10
10
10
10.00000003
10.0000001
10.00000018
10.00000035
10.0000005
10.00000042
10.00000027
1723
1723
1723
1723
1723
1723
1723
1723
1723
1723
1723
1723
1723
1723
1723
1723
1723
1723
1723
1723
1723
1723
1723
1723
1723
10.0000011
10
10
10
10
10
10
10
10.00000006
10.00000018
10.00000027
10.00000033
10.00000048
10.0000005
10.00000042
1723
1723
1723
1723
1723
1723
1723
1723
1723
1723
1723
1723
1723
1723
1723
1723
1723
1723
1723
1723
1723
1723
1723
1723
1723
10.00000109
10
10
10
10
10
10
10
10.00000009
10.00000032
10.00000043
10.00000044
10.00000048
10.00000054
10.00000053
10.00000299
1723
1723
1723
1723
1723
1723
1723
1723
1723
1723
1723
1723
1723
1723
1723
1723
1723
1723
1723
1723
1723
1723
1723
1723
10.00000109
10
10
10
10
10
10
10
10.00000009
10.00000039
10.00000061
10.00000061
10.00000054
10.00000056
10.00000057
10.00000232
1723
1723
1723
1723
1723
1723
1723
1723
1723
1723
1723
1723
1723
1723
1723
1723
1723
1723
1723
1723
1723
1723
1723
1723
10.00000108
10
10
10
10
10
10
10
10.00000007
10.0000004
10.00000076
10.00000077
10.00000063
10.00000061
10.00000059
10.00000116
1723
1723
1723
1723
1723
1723
1723
1723
1723
1723
1723
1723
1723
1723
1723
1723
1723
1723
1723
1723
1723
1723
1723
1723
10.00000108
10
10
10
10
10
10
10
10.00000005
10.00000029
10.00000072
10.00000084
10.00000071
10.00000066
10.00000061
10.00000053
1723
1723
1723
1723
1723
1723
1723
1723
1723
1723
1723
1723
1723
1723
1723
1723
1723
1723
1723
1723
1723
1723
1723
1723
10.00000107
10
10
10
10
10
10
10
10.00000004
10.00000025
10.00000064
10.00000079
10.00000076
10.00000069
10.00000063
10.00000022
1723
1723
1723
1723
1723
1723
1723
1723
1723
1723
1723
1723
1723
1723
1723
1723
1723
1723
1723
1723
1723
1723
1723
1723
10.00000107
10
10
10
10
10
10
10
10.00000031
10.00000045
10.0000006
10.00000066
10.00000071
10.00000062
10.00000055
44.37997405
1723
1723
1723
1723
1723
1723
1723
1723
1723
1723
1723
1723
1723
1723
1723
1723
1723
1723
1723
1723
1723
1723
1723
1723
10.00000107
10
10
10
10
10
10
10
10.00000023
10.00000023
10.00000023
10.00000026
10.00000031
10.00000027
10.00000019
1723
1723
1723
1723
1723
1723
1723
1723
1723
1723
1723
1723
1723
1723
1723
1723
1723
1723
1723
1723
1723
1723
1723
1723
1723
10.00000107
10
10
10
10
10
10
10
1723
1723
1723
1723
1723
1723
1723
1723
1723
1723
1723
1723
1723
1723
1723
1723
1723
1723
1723
1723
1723
1723
1723
1723
1723
1723
1723
1723
1723
1723
1723
1723
10.00000107
10
10
10
10
10
10
10
1723
1723
1723
1723
1723
1723
1723
1723
1723
1723
1723
1723
1723
1723
1723
1723
1723
1723
1723
1723
1723
1723
1723
1723
1723
1723
1723
1723
1723
1723
1723
1723
10.00000107
10
10
10
10
10
10
10
)
;

boundaryField
{
    lowerWall
    {
        type            calculated;
        value           uniform 10;
    }
    atmosphere
    {
        type            calculated;
        value           nonuniform List<scalar> 
80
(
10.00000019
10.00000026
10
10
10
10
10
10
10
10
10
10.00000014
10.00000022
10.00000023
10.00000022
10.00000017
10.00000005
10
10.0000001
10.0000001
10.00000007
10.00000005
10
10
10
10
10
10
10
10
10
10
10
10
10
10
10
10
10
10
10
10
10
10
10.00000006
10.00000001
10
10
10
10
10
10
10
10
10
10
10
10
10
10
10
10
10
10
10
10
10.00000001
10.00000001
10.00000001
10.00000003
10
10
10
10
10
10
10.00000031
10.00000023
159.1807657
1580.924563
)
;
    }
    rightWall
    {
        type            empty;
    }
    leftWall
    {
        type            empty;
    }
    frontAndBack
    {
        type            calculated;
        value           nonuniform List<scalar> 
80
(
10.00000019
10.00000013
49.22334712
308.2116542
1708.964433
1722.999993
383.3416331
1722.999999
1722.999395
1723
1723
1723
1723
1723
1723
1723
1723
1723
1723
1723
1723
1723
1723
1723
1723
1723
1723
1723
1723
1723
1723
1723
10.0000008
10
10
10
10
10
10
10
1580.924563
1713.418798
1382.047519
1487.605759
1723
1723
1722.999999
1723
1723
1723
1723
1723
1723
1723
1723
1723
1723
1723
1723
1723
1723
1723
1723
1723
1723
1723
1723
1723
1723
1723
1723
1723
10.00000107
10
10
10
10
10
10
10
)
;
    }
}


// ************************************************************************* //
