/*--------------------------------*- C++ -*----------------------------------*\
| =========                 |                                                 |
| \\      /  F ield         | OpenFOAM: The Open Source CFD Toolbox           |
|  \\    /   O peration     | Version:  2506                                  |
|   \\  /    A nd           | Website:  www.openfoam.com                      |
|    \\/     M anipulation  |                                                 |
\*---------------------------------------------------------------------------*/
FoamFile
{
    version     2.0;
    format      ascii;
    arch        "LSB;label=32;scalar=64";
    class       volScalarField;
    location    "0.01";
    object      TSolidus;
}
// * * * * * * * * * * * * * * * * * * * * * * * * * * * * * * * * * * * * * //

dimensions      [0 0 0 1 0 0 0];

internalField   nonuniform List<scalar> 
3200
(
1.000000183
1.000000128
38.94108942
1658
1658
1658
1658
1658
1658
1658
1658
1658
1658
1658
1658
1658
1658
1658
1658
1658
1658
1658
1658
1658
1658
1658
1658
1658
1658
1658
1658
1658
1.000000772
1
1
1
1
1
1
1
1.00000025
1.000000173
1.00000015
1.000000206
1658
1658
1658
1658
1658
1658
1658
1658
1658
1658
1658
1658
1658
1658
1658
1658
1658
1658
1658
1658
1658
1658
1658
1658
1658
1658
1658
1658
1.000000775
1
1
1
1
1
1
1
1.000000176
1.000000128
1.000000088
1.000000051
1658
1658
1658
1658
1658
1658
1658
1658
1658
1658
1658
1658
1658
1658
1658
1658
1658
1658
1658
1658
1658
1658
1658
1658
1658
1658
1658
1658
1.000000778
1
1
1
1
1
1
1
1.000000076
1.000000119
1.000000089
1.000000064
21.05950839
1658
1658
1658
1658
1658
1658
1658
1658
1658
1658
1658
1658
1658
1658
1658
1658
1658
1658
1658
1658
1658
1658
1658
1658
1658
1658
1658
1.000000784
1
1
1
1
1
1
1
1.000000018
1.00000006
1.000000089
1.000000089
1658
1658
1658
1658
1658
1658
1658
1658
1658
1658
1658
1658
1658
1658
1658
1658
1658
1658
1658
1658
1658
1658
1658
1658
1658
1658
1658
1658
1.00000079
1
1
1
1
1
1
1
1.000000002
1.000000012
1.000000034
1.000000094
1.000000022
1658
1658
1658
1658
1658
1658
1658
1658
1658
1658
1658
1658
1658
1658
1658
1658
1658
1658
1658
1658
1658
1658
1658
1658
1658
1658
1658
1.000000799
1
1
1
1
1
1
1
1.000000002
1.00000001
1.000000034
1.00000009
1.000000253
1658
1658
1658
1658
1658
1658
1658
1658
1658
1658
1658
1658
1658
1658
1658
1658
1658
1658
1658
1658
1658
1658
1658
1658
1658
1658
1658
1.000000808
1
1
1
1
1
1
1
1.000000001
1.000000008
1.000000032
1.000000062
1.000003186
1658
1658
1658
1658
1658
1658
1658
1658
1658
1658
1658
1658
1658
1658
1658
1658
1658
1658
1658
1658
1658
1658
1658
1658
1658
1658
1658
1.000000819
1
1
1
1
1
1
1
1.000000001
1.000000006
1.000000019
1.000000052
1.000002401
1658
1658
1658
1658
1658
1658
1658
1658
1658
1658
1658
1658
1658
1658
1658
1658
1658
1658
1658
1658
1658
1658
1658
1658
1658
1658
1658
1.000000831
1
1
1
1
1
1
1
1.000000003
1.00000003
1.000000047
1.000000059
1.000000691
1658
1658
1658
1658
1658
1658
1658
1658
1658
1658
1658
1658
1658
1658
1658
1658
1658
1658
1658
1658
1658
1658
1658
1658
1658
1658
1658
1.000000845
1
1
1
1
1
1
1
1.000000034
1.00000011
1.000000138
1.000000136
1.000000133
1.000000026
1.000000097
2.489720107
1658
1658
1658
1658
1658
1658
1658
1658
1658
1658
1658
1658
1658
1658
1658
1658
1658
1658
1658
1658
1658
1658
1658
1658
1.000000859
1
1
1
1
1
1
1
1.000000138
1.0000002
1.000000186
1.000000166
1.000000091
1.000000061
1.000000242
1658
1658
1658
1658
1658
1658
1658
1658
1658
1658
1658
1658
1658
1658
1658
1658
1658
1658
1658
1658
1658
1658
1658
1658
1658
1.000000874
1
1
1
1
1
1
1
1.000000217
1.000000196
1.000000142
1.000000104
1.000000094
1.0000001
1.000000215
1658
1658
1658
1658
1658
1658
1658
1658
1658
1658
1658
1658
1658
1658
1658
1658
1658
1658
1658
1658
1658
1658
1658
1658
1658
1.00000089
1
1
1
1
1
1
1
1.000000223
1.000000193
1.00000015
1.00000012
1.000000113
1.000000126
1.000000158
8.179923292
1658
1658
1658
1658
1658
1658
1658
1658
1658
1658
1658
1658
1658
1658
1658
1658
1658
1658
1658
1658
1658
1658
1658
1658
1.000000907
1
1
1
1
1
1
1
1.000000216
1.000000212
1.000000194
1.000000159
1.000000145
1.000000151
1.000000084
1658
1658
1658
1658
1658
1658
1658
1658
1658
1658
1658
1658
1658
1658
1658
1658
1658
1658
1658
1658
1658
1658
1658
1658
1658
1.000000924
1
1
1
1
1
1
1
1.000000162
1.000000187
1.00000021
1.0000002
1.000000176
1.00000008
1.000000049
9.611746248
1658
1658
1658
1658
1658
1658
1658
1658
1658
1658
1658
1658
1658
1658
1658
1658
1658
1658
1658
1658
1658
1658
1658
1658
1.000000941
1
1
1
1
1
1
1
1.000000044
1.000000104
1.000000174
1.000000201
1.00000015
1658
1658
1658
1658
1658
1658
1658
1658
1658
1658
1658
1658
1658
1658
1658
1658
1658
1658
1658
1658
1658
1658
1658
1658
1658
1658
1658
1.000000959
1
1
1
1
1
1
1
1.000000041
1.00000008
1.000000136
1.000000156
1.000000082
1658
1658
12.21506946
1658
1658
1658
1658
1658
1658
1658
1658
1658
1658
1658
1658
1658
1658
1658
1658
1658
1658
1658
1658
1658
1658
1658
1658
1.000000977
1
1
1
1
1
1
1
1.000000093
1.000000105
1.00000013
1.000000132
1.000000065
1658
1658
1658
1658
1658
1658
1658
1658
1658
1658
1658
1658
1658
1658
1658
1658
1658
1658
1658
1658
1658
1658
1658
1658
1658
1658
1658
1.000000995
1
1
1
1
1
1
1
1.000000097
1.000000102
1.000000103
1.000000083
1.000000048
1.000000022
1658
1658
1658
1658
1658
1658
1658
1658
1658
1658
1658
1658
1658
1658
1658
1658
1658
1658
1658
1658
1658
1658
1658
1658
1658
1658
1.000001013
1
1
1
1
1
1
1
1.000000065
1.000000068
1.000000062
1.000000055
1.000000053
1.000000038
1.00000002
1658
1658
1658
1658
1658
1658
1658
1658
1658
1658
1658
1658
1658
1658
1658
1658
1658
1658
1658
1658
1658
1658
1658
1658
1658
1.00000103
1
1
1
1
1
1
1
1.000000045
1.000000046
1.00000005
1.000000065
1.000000076
1.000000072
1.00000005
1.000000014
1658
1658
1658
1658
1658
1658
1658
1658
1658
1658
1658
1658
1658
1658
1658
1658
1658
1658
1658
1658
1658
1658
1658
1658
1.000001047
1
1
1
1
1
1
1
1.000000039
1.000000055
1.000000061
1.000000066
1.000000081
1.000000094
1.000000093
1.000000046
1658
1658
1658
1658
1658
1658
1658
1658
1658
1658
1658
1658
1658
1658
1658
1658
1658
1658
1658
1658
1658
1658
1658
1658
1.000001064
1
1
1
1
1
1
1
1.00000002
1.000000042
1.000000059
1.000000071
1.000000081
1.000000093
1.000000109
1.000000071
80.25488477
1658
1658
1658
1658
1658
1658
1658
1658
1658
1658
1658
1658
1658
1658
1658
1658
1658
1658
1658
1658
1658
1658
1658
1.000001081
1
1
1
1
1
1
1
1.000000008
1.000000025
1.000000042
1.000000057
1.000000071
1.000000087
1.00000011
1.000000082
7.483909272
1658
1658
1658
1658
1658
1658
1658
1658
1658
1658
1658
1658
1658
1658
1658
1658
1658
1658
1658
1658
1658
1658
1658
1.000001097
1
1
1
1
1
1
1
1.000000002
1.000000009
1.000000021
1.000000036
1.000000052
1.000000073
1.000000102
1.000000083
1658
1658
1658
1658
1658
1658
1658
1658
1658
1658
1658
1658
1658
1658
1658
1658
1658
1658
1658
1658
1658
1658
1658
1658
1.000001113
1
1
1
1
1
1
1
1
1.000000003
1.000000008
1.000000018
1.000000032
1.000000057
1.000000091
1.000000084
1658
1658
1658
1658
1658
1658
1658
1658
1658
1658
1658
1658
1658
1658
1658
1658
1658
1658
1658
1658
1658
1658
1658
1658
1.000001128
1
1
1
1
1
1
1
1
1.000000001
1.000000003
1.000000008
1.000000018
1.000000055
1.00000009
1.000000085
1658
1658
1658
1658
1658
1658
1658
1658
1658
1658
1658
1658
1658
1658
1658
1658
1658
1658
1658
1658
1658
1658
1658
1658
1.000001142
1
1
1
1
1
1
1
1
1
1.000000001
1.000000004
1.000000014
1.000000069
1.000000096
1.000000087
1658
1658
1658
1658
1658
1658
1658
1658
1658
1658
1658
1658
1658
1658
1658
1658
1658
1658
1658
1658
1658
1658
1658
1658
1.000001156
1
1
1
1
1
1
1
1
1
1.000000001
1.000000004
1.000000021
1.000000088
1.000000102
1.000000084
1658
1658
1658
1658
1658
1658
1658
1658
1658
1658
1658
1658
1658
1658
1658
1658
1658
1658
1658
1658
1658
1658
1658
1658
1.000001169
1
1
1
1
1
1
1
1
1
1.000000001
1.000000005
1.000000036
1.000000105
1.000000103
1.000000075
1658
1658
1658
1658
1658
1658
1658
1658
1658
1658
1658
1658
1658
1658
1658
1658
1658
1658
1658
1658
1658
1658
1658
1658
1.000001181
1
1
1
1
1
1
1
1
1
1.000000001
1.000000007
1.000000046
1.000000108
1.000000101
1.000000067
8.470858232
1.000000003
1658
1658
1658
1658
1658
1658
1658
1658
1658
1658
1658
1658
1658
1658
1658
1658
1658
1658
1658
1658
1658
1658
1.000001193
1
1
1
1
1
1
1
1
1
1
1.000000003
1.000000021
1.00000009
1.000000111
1.000000081
1.000000044
1.000000012
1658
1658
1658
1658
1658
1658
1658
1658
1658
1658
1658
1658
1658
1658
1658
1658
1658
1658
1658
1658
1658
1658
1.000001203
1
1
1
1
1
1
1
1
1
1
1.000000002
1.000000009
1.000000047
1.0000001
1.000000074
1.000000026
1.000000008
1658
1658
1658
1658
1658
1658
1658
1658
1658
1658
1658
1658
1658
1658
1658
1658
1658
1658
1658
1658
1658
1658
1.000001213
1
1
1
1
1
1
1
1
1
1
1.000000002
1.000000006
1.000000037
1.000000085
1.000000089
1.000000038
1.000000035
1.000000052
1658
1658
1658
1658
1658
1658
1658
1658
1658
1658
1658
1658
1658
1658
1658
1658
1658
1658
1658
1658
1658
1.000001221
1
1
1
1
1
1
1
1
1
1.000000001
1.000000002
1.000000006
1.000000025
1.000000059
1.000000081
1.000000053
1.000000071
1.000000086
1658
1658
1658
1658
1658
1658
1658
1658
1658
1658
1658
1658
1658
1658
1658
1658
1658
1658
1658
1658
1658
1.000001229
1
1
1
1
1
1
1
1
1
1.000000001
1.000000003
1.000000009
1.000000022
1.000000043
1.000000069
1.000000061
1.000000115
1.00000011
1658
1658
1658
1658
1658
1658
1658
1658
1658
1658
1658
1658
1658
1658
1658
1658
1658
1658
1658
1658
1658
1.000001235
1
1
1
1
1
1
1
1
1
1.000000001
1.000000004
1.000000012
1.00000003
1.000000058
1.000000088
1.000000108
1.000000187
1.000000123
1
1658
1658
1658
1658
1658
1658
1658
1658
1658
1658
1658
1658
1658
1658
1658
1658
1658
1658
1658
1658
1.00000124
1
1
1
1
1
1
1
1
1
1.000000001
1.000000004
1.000000014
1.000000037
1.000000076
1.000000113
1.000000285
1.000000343
1.000000146
29.66560457
1658
1658
1658
1658
1658
1658
1658
1658
1658
1658
1658
1658
1658
1658
1658
1658
1658
1658
1658
1658
1.000001244
1
1
1
1
1
1
1
1
1
1.000000002
1.000000005
1.000000015
1.000000036
1.000000077
1.000000082
1.000000287
1.000001111
1.000000249
1658
1658
1658
1658
1658
1658
1658
1658
1658
1658
1658
1658
1658
1658
1658
1658
1658
1658
1658
1658
1658
1.000001247
1
1
1
1
1
1
1
1
1.000000001
1.000000003
1.000000008
1.000000019
1.000000055
1.000000096
1.000000051
1.000000201
1.000004663
47.86767836
1658
1658
1658
1658
1658
1658
1658
1658
1658
1658
1658
1658
1658
1658
1658
1658
1658
1658
1658
1658
1658
1.000001248
1
1
1
1
1
1
1
1
1.000000002
1.000000005
1.000000013
1.000000037
1.000000067
1.000000055
1.00000004
1.000000035
1.000008867
1658
1658
1658
1658
1658
1658
1658
1658
1658
1658
1658
1658
1658
1658
1658
1658
1658
1658
1658
1658
1658
1658
1.000001249
1
1
1
1
1
1
1
1.000000009
1.000000016
1.000000019
1.000000029
1.000000055
1.000000072
1.000000035
1.00000003
1.000000028
1.000000014
1658
1658
1658
1658
1658
1658
1658
1658
1658
1658
1658
1658
1658
1658
1658
1658
1658
1658
1658
1658
1658
1658
1.000001248
1
1
1
1
1
1
1
1.000000043
1.000000037
1.000000037
1.000000047
1.000000064
1.000000048
1.000000029
1.000000024
1.000000027
1.000000016
1658
1658
1658
1658
1658
1658
1658
1658
1658
1658
1658
1658
1658
1658
1658
1658
1658
1658
1658
1658
1658
1658
1.000001245
1
1
1
1
1
1
1
1.000000054
1.000000049
1.000000049
1.000000055
1.000000047
1.000000026
1.000000018
1.000000017
1.00000002
1.000000009
1658
1658
1658
1658
1658
1658
1658
1658
1658
1658
1658
1658
1658
1658
1658
1658
1658
1658
1658
1658
1658
1658
1.000001242
1
1
1
1
1
1
1
1.000000011
1.000000031
1.000000039
1.000000037
1.000000022
1.000000012
1.000000011
1.000000012
1.000000016
25.61244637
1658
1658
1658
1658
1658
1658
1658
1658
1658
1658
1658
1658
1658
1658
1658
1658
1658
1658
1658
1658
1658
1658
1.000001238
1
1
1
1
1
1
1
1.000000001
1.000000006
1.000000011
1.000000008
1.000000004
1.000000004
1.000000009
1.000000013
1.000000015
1658
1658
1658
1658
1658
1658
1658
1658
1658
1658
1658
1658
1658
1658
1658
1658
1658
1658
1658
1658
1658
1658
1658
1.000001233
1
1
1
1
1
1
1
1
1.000000001
1.000000001
1.000000001
1.000000001
1.000000003
1.000000013
1.000000013
1.000000008
25.02718684
1658
1658
1658
1658
1658
1658
1658
1658
1658
1658
1658
1658
1658
1658
1658
1658
1658
1658
1658
1658
1658
1658
1.000001227
1
1
1
1
1
1
1
1
3.514414257
1.34122361
1
1
1.000000001
1.000000009
1.000000016
1.000000012
1.000000008
1658
1658
1658
1658
1658
1658
1658
1658
1658
1658
1658
1658
1658
1658
1658
1658
1658
1658
1658
1658
1658
1658
1.00000122
1
1
1
1
1
1
1
1
1658
1
1.0000031
1.000000005
1.000000001
1.000000004
1.000000009
1.000000014
1.000000017
1658
1658
1658
1658
1658
1658
1658
1658
1658
1658
1658
1658
1658
1658
1658
1658
1658
1658
1658
1658
1658
1658
1.000001213
1
1
1
1
1
1
1
1
1
1.006253253
1.000000279
1.000000516
1.000000002
1.000000004
1.000000008
1.000000012
1.000000018
1658
1658
1658
1658
1658
1658
1658
1658
1658
1658
1658
1658
1658
1658
1658
1658
1658
1658
1658
1658
1658
1658
1.000001206
1
1
1
1
1
1
1
1
1
1.000014895
1.000011095
1.000012147
1.000012927
1.000000124
1.000000017
1.000000018
1.000000026
1658
1658
1658
1658
1658
1658
1658
1658
1658
1658
1658
1658
1658
1658
1658
1658
1658
1658
1658
1658
1658
1658
1.000001198
1
1
1
1
1
1
1
1
1
1.000000089
1.000000001
1.000008629
1.000004286
1.000000005
1.000000025
1.000000027
1.000000032
1658
1658
1658
1658
1658
1658
1658
1658
1658
1658
1658
1658
1658
1658
1658
1658
1658
1658
1658
1658
1658
1658
1.00000119
1
1
1
1
1
1
1
1
1
1.000000003
1.000000008
1.000000006
1.000007145
1.000000236
1.000000017
1.000000027
6.787404852
1658
1658
1658
1658
1658
1658
1658
1658
1658
1658
1658
1658
1658
1658
1658
1658
1658
1658
1658
1658
1658
1658
1.000001182
1
1
1
1
1
1
1
1
1.000000001
1.000000005
1.000000017
1.000000041
1.000000283
1.000000026
1.0740301
1.000000024
5.917454128
1658
1658
1658
1658
1658
1658
1658
1658
1658
1658
1658
1658
1658
1658
1658
1658
1658
1658
1658
1658
1658
1658
1.000001174
1
1
1
1
1
1
1
1
1.000000002
1.000000007
1.000000024
1.000000053
1.00000008
1.000000041
1.000000009
1.000000022
1.00000001
18.19911776
1658
1658
1658
1658
1658
1658
1658
1658
1658
1658
1658
1658
1658
1658
1658
1658
1658
1658
1658
1658
1658
1.000001165
1
1
1
1
1
1
1
1
1.000000003
1.000000011
1.000000029
1.000000063
1.000000083
1.000000062
1.000000024
1.000000052
1.000000117
1.000000107
1658
1658
1658
1658
1658
1658
1658
1658
1658
1658
1658
1658
1658
1658
1658
1658
1658
1658
1658
1658
1658
1.000001157
1
1
1
1
1
1
1
1.000000001
1.000000005
1.00000002
1.000000058
1.000000099
1.000000116
1.000000095
1.000000073
1.000000171
1.000000293
1.000000091
1658
1658
1658
1658
1658
1658
1658
1658
1658
1658
1658
1658
1658
1658
1658
1658
1658
1658
1658
1658
1658
1.000001149
1
1
1
1
1
1
1
1.000000001
1.000000008
1.000000032
1.000000095
1.000000133
1.000000114
1.000000064
1.000000075
1.000000222
1.000000218
1658
1658
1658
1658
1658
1658
1658
1658
1658
1658
1658
1658
1658
1658
1658
1658
1658
1658
1658
1658
1658
1658
1.00000114
1
1
1
1
1
1
1
1.000000001
1.000000011
1.000000048
1.000000132
1.000000152
1.000000072
1.000000011
23.50056498
1658
1658
1658
1658
1658
1658
1658
1658
1658
1658
1658
1658
1658
1658
1658
1658
1658
1658
1658
1658
1658
1658
1658
1658
1.000001132
1
1
1
1
1
1
1
1.000000001
1.000000014
1.000000063
1.00000016
1.00000019
1.000000012
1658
1658
1658
1658
1658
1658
1658
1658
1658
1658
1658
1658
1658
1658
1658
1658
1658
1658
1658
1658
1658
1658
1658
1658
1658
1658
1.000001124
1
1
1
1
1
1
1
1.000000002
1.000000017
1.000000081
1.000000188
1.00000018
1658
1658
1658
1658
1658
1658
1658
1658
1658
1658
1658
1658
1658
1658
1658
1658
1658
1658
1658
1658
1658
1658
1658
1658
1658
1658
1658
1.000001115
1
1
1
1
1
1
1
1.000000002
1.000000019
1.000000092
1.000000208
1.000000265
29.4144369
1658
1658
1658
1658
1658
1658
1658
1658
1658
1658
1658
1658
1658
1658
1658
1658
1658
1658
1658
1658
1658
1658
1658
1658
1658
1658
1.000001107
1
1
1
1
1
1
1
1.000000002
1.000000021
1.0000001
1.000000235
1.000000304
1.000000254
1.000000088
1658
1658
1658
1658
1658
1658
1658
1658
1658
1658
1658
1658
1658
1658
1658
1658
1658
1658
1658
1658
1658
1658
1658
1658
1658
1.000001099
1
1
1
1
1
1
1
1.000000003
1.000000021
1.000000102
1.000000272
1.000000384
1.000000339
1.000000176
1.000000026
1658
1658
1658
1658
1658
1658
1658
1658
1658
1658
1658
1658
1658
1658
1658
1658
1658
1658
1658
1658
1658
1658
1658
1658
1.000001092
1
1
1
1
1
1
1
1.000000004
1.000000024
1.000000109
1.000000343
1.000000526
1.000000397
1.000000274
1.000000075
1658
1658
1658
1658
1658
1658
1658
1658
1658
1658
1658
1658
1658
1658
1658
1658
1658
1658
1658
1658
1658
1658
1658
1658
1.000001085
1
1
1
1
1
1
1
1.000000005
1.000000034
1.000000159
1.000000444
1.000000554
1.000000434
1.000000328
1.000000119
1658
1658
1658
1658
1658
1658
1658
1658
1658
1658
1658
1658
1658
1658
1658
1658
1658
1658
1658
1658
1658
1658
1658
1658
1.000001078
1
1
1
1
1
1
1
1.000000008
1.000000047
1.00000019
1.000000434
1.000000501
1.000000402
1.000000292
1.000000117
1658
1658
1658
1658
1658
1658
1658
1658
1658
1658
1658
1658
1658
1658
1658
1658
1658
1658
1658
1658
1658
1658
1658
1658
1.000001071
1
1
1
1
1
1
1
1.000000014
1.000000059
1.000000173
1.00000039
1.000000463
1.000000345
1.000000206
1658
1658
1658
1658
1658
1658
1658
1658
1658
1658
1658
1658
1658
1658
1658
1658
1658
1658
1658
1658
1658
1658
1658
1658
1658
1.000001065
1
1
1
1
1
1
1
1.000000027
1.000000095
1.000000177
1.000000335
1.000000479
1.000000406
1.000000256
1658
1658
1658
1658
1658
1658
1658
1658
1658
1658
1658
1658
1658
1658
1658
1658
1658
1658
1658
1658
1658
1658
1658
1658
1658
1.00000106
1
1
1
1
1
1
1
1.000000054
1.000000178
1.00000026
1.000000323
1.000000464
1.000000488
1.000000409
1658
1658
1658
1658
1658
1658
1658
1658
1658
1658
1658
1658
1658
1658
1658
1658
1658
1658
1658
1658
1658
1658
1658
1658
1658
1.000001055
1
1
1
1
1
1
1
1.000000091
1.000000308
1.00000042
1.000000422
1.000000461
1.000000518
1.000000512
1.000002894
1658
1658
1658
1658
1658
1658
1658
1658
1658
1658
1658
1658
1658
1658
1658
1658
1658
1658
1658
1658
1658
1658
1658
1658
1.00000105
1
1
1
1
1
1
1
1.000000085
1.000000374
1.00000059
1.000000586
1.000000522
1.000000544
1.000000549
1.000002247
1658
1658
1658
1658
1658
1658
1658
1658
1658
1658
1658
1658
1658
1658
1658
1658
1658
1658
1658
1658
1658
1658
1658
1658
1.000001046
1
1
1
1
1
1
1
1.000000067
1.000000386
1.000000732
1.000000749
1.000000612
1.000000589
1.000000575
1.000001122
1658
1658
1658
1658
1658
1658
1658
1658
1658
1658
1658
1658
1658
1658
1658
1658
1658
1658
1658
1658
1658
1658
1658
1658
1.000001042
1
1
1
1
1
1
1
1.000000046
1.000000277
1.000000694
1.000000809
1.000000688
1.000000636
1.000000595
1.000000516
1658
1658
1658
1658
1658
1658
1658
1658
1658
1658
1658
1658
1658
1658
1658
1658
1658
1658
1658
1658
1658
1658
1658
1658
1.000001039
1
1
1
1
1
1
1
1.000000037
1.000000247
1.000000621
1.000000764
1.000000735
1.000000668
1.000000606
1.000000211
1658
1658
1658
1658
1658
1658
1658
1658
1658
1658
1658
1658
1658
1658
1658
1658
1658
1658
1658
1658
1658
1658
1658
1658
1.000001036
1
1
1
1
1
1
1
1.000000299
1.000000435
1.000000579
1.000000642
1.00000069
1.000000602
1.000000531
34.25605196
1658
1658
1658
1658
1658
1658
1658
1658
1658
1658
1658
1658
1658
1658
1658
1658
1658
1658
1658
1658
1658
1658
1658
1658
1.000001034
1
1
1
1
1
1
1
1.000000221
1.000000219
1.000000218
1.000000255
1.000000298
1.000000257
1.000000182
1658
1658
1658
1658
1658
1658
1658
1658
1658
1658
1658
1658
1658
1658
1658
1658
1658
1658
1658
1658
1658
1658
1658
1658
1658
1.000001033
1
1
1
1
1
1
1
1658
1658
1658
1658
1658
1658
1658
1658
1658
1658
1658
1658
1658
1658
1658
1658
1658
1658
1658
1658
1658
1658
1658
1658
1658
1658
1658
1658
1658
1658
1658
1658
1.000001032
1
1
1
1
1
1
1
1658
1658
1658
1658
1658
1658
1658
1658
1658
1658
1658
1658
1658
1658
1658
1658
1658
1658
1658
1658
1658
1658
1658
1658
1658
1658
1658
1658
1658
1658
1658
1658
1.00000103
1
1
1
1
1
1
1
)
;

boundaryField
{
    lowerWall
    {
        type            calculated;
        value           uniform 1;
    }
    atmosphere
    {
        type            calculated;
        value           nonuniform List<scalar> 
80
(
1.000000183
1.00000025
1
1
1
1
1
1
1
1
1
1.000000138
1.000000217
1.000000223
1.000000216
1.000000162
1.000000044
1
1.000000093
1.000000097
1.000000065
1.000000045
1
1
1
1
1
1
1
1
1
1
1
1
1
1
1
1
1
1
1
1
1
1
1.000000054
1.000000011
1
1
1
1
1
1
1
1
1
1
1
1
1
1
1
1
1
1
1
1
1.000000005
1.000000008
1.000000014
1.000000027
1
1
1
1
1
1
1.000000299
1.000000221
145.3038696
1520.569178
)
;
    }
    rightWall
    {
        type            empty;
    }
    leftWall
    {
        type            empty;
    }
    frontAndBack
    {
        type            calculated;
        value           nonuniform List<scalar> 
80
(
1.000000183
1.000000128
38.94108942
289.4627619
1644.423272
1657.999994
362.1366526
1657.999999
1657.999415
1658
1658
1658
1658
1658
1658
1658
1658
1658
1658
1658
1658
1658
1658
1658
1658
1658
1658
1658
1658
1658
1658
1658
1.000000772
1
1
1
1
1
1
1
1520.569178
1648.732019
1328.19366
1430.301076
1658
1658
1657.999999
1658
1658
1658
1658
1658
1658
1658
1658
1658
1658
1658
1658
1658
1658
1658
1658
1658
1658
1658
1658
1658
1658
1658
1658
1658
1.00000103
1
1
1
1
1
1
1
)
;
    }
}


// ************************************************************************* //
