/*--------------------------------*- C++ -*----------------------------------*\
| =========                 |                                                 |
| \\      /  F ield         | OpenFOAM: The Open Source CFD Toolbox           |
|  \\    /   O peration     | Version:  2506                                  |
|   \\  /    A nd           | Website:  www.openfoam.com                      |
|    \\/     M anipulation  |                                                 |
\*---------------------------------------------------------------------------*/
FoamFile
{
    version     2.0;
    format      ascii;
    arch        "LSB;label=32;scalar=64";
    class       volScalarField;
    location    "0.004";
    object      cp;
}
// * * * * * * * * * * * * * * * * * * * * * * * * * * * * * * * * * * * * * //

dimensions      [0 2 -2 -1 0 0 0];

internalField   nonuniform List<scalar> 
3200
(
520
520
551.0504901
522.5748496
520
520.0000001
655.5386204
699.9999998
699.9999366
700
700
700
700
700
700
700
700
700
700
700
700
700
700
700
700
700
700
700
700
700
700
700
520
520
520
520
520
520
520
520
520
520
520
520
520
520.0000005
643.3957266
700
699.9999096
700
700
700
700
700
700
700
700
700
700
700
700
700
700
700
700
700
700
700
700
700
700
700
520
520
520
520
520
520
520
520
520
520
520
520
520
520.0000001
647.3860133
669.0085473
699.9998742
700
700
700
700
700
700
700
700
700
700
700
700
700
700
700
700
700
700
700
700
700
700
700
520
520
520
520
520
520
520
520
520
520
520
520
520
520
594.2533056
584.0872259
699.9998589
700
700
700
700
700
700
700
700
700
700
700
700
700
700
700
700
700
700
700
700
700
700
700
520
520
520
520
520
520
520
520
520
520
520
520
520
520
523.8105304
659.0391776
699.9997309
700
700
700
700
700
700
700
700
700
700
700
700
700
700
700
700
700
700
700
700
700
700
700
520
520
520
520
520
520
520
520
520
520
520
520
520
520
520
608.8130928
699.9993224
700
700
700
700
700
700
700
700
700
700
700
700
700
700
700
700
700
700
700
700
700
700
700
520
520
520
520
520
520
520
520
520
520
520
520
520
520
520
573.0103589
699.9994994
700
700
700
700
700
700
700
700
700
700
700
700
700
700
700
700
700
700
700
700
700
700
700
520
520
520
520
520
520
520
520
520
520
520
520
520
520
520
591.5834692
699.9999986
700
700
700
700
700
700
700
700
700
700
700
700
700
700
700
700
700
700
700
700
700
700
700
520
520
520
520
520
520
520
520
520
520
520
520
520
520
520
520.0000019
667.1171991
699.9999998
700
700
700
700
700
700
700
700
700
700
700
700
700
700
700
700
700
700
700
700
700
700
520
520
520
520
520
520
520
520
520
520
520
520
520
520
520
520
540.506834
692.9138734
700
700
700
700
700
700
700
700
700
700
700
700
700
700
700
700
700
700
700
700
700
700
520.0000001
520
520
520
520
520
520
520
520
520
520
520
520
520
520
520
520
565.1914329
699.9999995
700
700
700
700
700
700
700
700
700
700
700
700
700
700
700
700
700
700
700
700
700
520.0000001
520
520
520
520
520
520
520
520
520
520
520
520
520
520
520
520
529.0842885
699.9999983
700
700
700
700
700
700
700
700
700
700
700
700
700
700
700
700
700
700
700
700
700
520.0000001
520
520
520
520
520
520
520
520
520
520
520
520
520
520
520.0198548
520.0033925
571.5215882
699.9999997
700
700
700
700
700
700
700
700
700
700
700
700
700
700
700
700
700
700
700
700
700
520.0000001
520
520
520
520
520
520
520
520
520
520
520
520
520
520
520.0021866
521.0753451
615.203866
700
700
700
700
700
700
700
700
700
700
700
700
700
700
700
700
700
700
700
700
700
700
520.0000001
520
520
520
520
520
520
520
520
520
520
520
520
520
520
520
520
538.7610777
700
700
700
700
700
700
700
700
700
700
700
700
700
700
700
700
700
700
700
700
700
700
520.0000001
520
520
520
520
520
520
520
520
520
520
520
520
520
520
520
520
532.5293848
699.9999997
700
700
700
700
700
700
700
700
700
700
700
700
700
700
700
700
700
700
700
700
700
520.0000001
520
520
520
520
520
520
520
520
520
520
520
520
520
520
520
520
541.9792781
699.9999987
700
700
700
700
700
700
700
700
700
700
700
700
700
700
700
700
700
700
700
700
700
520.0000001
520
520
520
520
520
520
520
520
520
520
520
520
520
520
520
520
549.2244583
699.9999968
700
700
700
700
700
700
700
700
700
700
700
700
700
700
700
700
700
700
700
700
700
520.0000001
520
520
520
520
520
520
520
520
520
520
520
520
520
520
520
520
537.9650428
699.999991
700
700
700
700
700
700
700
700
700
700
700
700
700
700
700
700
700
700
700
700
700
520.0000001
520
520
520
520
520
520
520
520
520
520
520
520
520
520
520
520
520.4067323
699.9997254
700
700
700
700
700
700
700
700
700
700
700
700
700
700
700
700
700
700
700
700
700
520.0000001
520
520
520
520
520
520
520
520
520
520
520
520
520
520
520
520
525.1288009
699.9999906
700
700
700
700
700
700
700
700
700
700
700
700
700
700
700
700
700
700
700
700
700
520.0000001
520
520
520
520
520
520
520
520
520
520
520
520
566.3836636
569.8438977
520
520
551.0319257
699.9999916
700
700
700
700
700
700
700
700
700
700
700
700
700
700
700
700
700
700
700
700
700
520.0000001
520
520
520
520
520
520
520
520
520
520
520
520
520
604.499914
651.5860145
520
592.6647659
699.9999683
700
700
700
700
700
700
700
700
700
700
700
700
700
700
700
700
700
700
700
700
700
520.0000001
520
520
520
520
520
520
520
520
520
520
520
520
520
520.0000003
579.1315963
524.9573472
677.1339889
699.9999992
700
700
700
700
700
700
700
700
700
700
700
700
700
700
700
700
700
700
700
700
700
520
520
520
520
520
520
520
520
520
520
520
520
520
520
520
566.8872144
693.3555546
699.9999994
700
700
700
700
700
700
700
700
700
700
700
700
700
700
700
700
700
700
700
700
700
700
520
520
520
520
520
520
520
520
520
520
520
520
520
520
520
537.1966411
699.9998576
700
700
700
700
700
700
700
700
700
700
700
700
700
700
700
700
700
700
700
700
700
700
700
520
520
520
520
520
520
520
520
520
520
520
520
520
520
520
537.6677245
699.9998968
700
700
700
700
700
700
700
700
700
700
700
700
700
700
700
700
700
700
700
700
700
700
700
520
520
520
520
520
520
520
520
520
520
520
520
520
520
520
541.9842122
699.9998931
700
700
700
700
700
700
700
700
700
700
700
700
700
700
700
700
700
700
700
700
700
700
700
520
520
520
520
520
520
520
520
520
520
520
520.0000001
520.0000001
520
520
546.6124535
699.9998887
700
700
700
700
700
700
700
700
700
700
700
700
700
700
700
700
700
700
700
700
700
700
700
520
520
520
520
520
520
520
520
520
520
520.0000001
520.0000001
520.0000001
520.0000001
520
552.0680901
699.999937
700
700
700
700
700
700
700
700
700
700
700
700
700
700
700
700
700
700
700
700
700
700
700
520
520
520
520
520
520
520
520
520
520.0000001
520.0000002
520.0000002
520.0000001
520.0000001
520
559.089089
699.9999774
700
700
700
700
700
700
700
700
700
700
700
700
700
700
700
700
700
700
700
700
700
700
700
520
520
520
520
520
520
520
520
520.0000001
520.0000001
520.0000002
520.0000001
520.0000001
520.0000001
520
567.4369432
699.9999718
700
700
700
700
700
700
700
700
700
700
700
700
700
700
700
700
700
700
700
700
700
700
700
520
520
520
520
520
520
520
520
520.0000001
520.0000002
520.0000002
520.0000002
520.0000002
520.0000001
520
577.1935545
699.9999449
700
700
700
700
700
700
700
700
700
700
700
700
700
700
700
700
700
700
700
700
700
700
700
520
520
520
520
520
520
520
520
520.0000001
520.0000001
520.0000001
520.0000001
520.0000002
520.0000001
520.0000001
581.0576627
699.9999606
700
700
700
700
700
700
700
700
700
700
700
700
700
700
700
700
700
700
700
700
700
700
700
520
520
520
520
520
520
520
520
520.0000001
520.0000001
520.0000001
520.0000001
520.0000001
520
520
586.3319306
699.9999934
700
700
700
700
700
700
700
700
700
700
700
700
700
700
700
700
700
700
700
700
700
700
700
520
520
520
520
520
520
520
520
520.0000001
520
520
520
520
520.0025539
520
641.7827253
699.9999833
700
700
700
700
700
700
700
700
700
700
700
700
700
700
700
700
700
700
700
700
700
700
700
520
520
520
520
520
520
520
520
520
520
520
520
520
528.9142138
547.6784755
698.181317
699.9998583
700
700
700
700
700
700
700
700
700
700
700
700
700
700
700
700
700
700
700
700
700
700
700
520
520
520
520
520
520
520
520
520
520
520
520
524.0167444
659.2089219
629.5366626
687.1092524
699.9999186
700
700
700
700
700
700
700
700
700
700
700
700
700
700
700
700
700
700
700
700
700
700
700
520
520
520
520
520
520
520
520
520
520
520
520
622.9868347
699.9999995
698.2379663
558.4575435
699.9998167
700
700
700
700
700
700
700
700
700
700
700
700
700
700
700
700
700
700
700
700
700
700
700
520
520
520
520
520
520
520
520
520
520
520
520
540.807533
569.6625391
647.6112084
555.5625003
699.9998538
700
700
700
700
700
700
700
700
700
700
700
700
700
700
700
700
700
700
700
700
700
700
700
520
520
520
520
520
520
520
520
520.0000001
520.0000001
520
520
520
520
520
558.6239379
699.9999438
700
700
700
700
700
700
700
700
700
700
700
700
700
700
700
700
700
700
700
700
700
700
700
520
520
520
520
520
520
520
520
520.0000001
520.0000001
520.0000001
520
520
520
520
555.5242343
699.9999068
700
700
700
700
700
700
700
700
700
700
700
700
700
700
700
700
700
700
700
700
700
700
700
520
520
520
520
520
520
520
520
520
520
520
520
520
520
520
565.0226512
699.9998897
700
700
700
700
700
700
700
700
700
700
700
700
700
700
700
700
700
700
700
700
700
700
700
520
520
520
520
520
520
520
520
520
520
520
520
520
520
520.5273083
559.9282182
699.9999079
700
700
700
700
700
700
700
700
700
700
700
700
700
700
700
700
700
700
700
700
700
700
700
520
520
520
520
520
520
520
520
520
520
520
520
520
520
520
564.3158877
699.9998882
700
700
700
700
700
700
700
700
700
700
700
700
700
700
700
700
700
700
700
700
700
700
700
520
520
520
520
520
520
520
520
520
520
520
520
520
520
520
583.1737257
699.9998238
700
700
700
700
700
700
700
700
700
700
700
700
700
700
700
700
700
700
700
700
700
700
700
520
520
520
520
520
520
520
520
520
520
520
520
520
520
567.2211621
529.6253987
699.9998001
700
700
700
700
700
700
700
700
700
700
700
700
700
700
700
700
700
700
700
700
700
700
700
520
520
520
520
520
520
520
520
520
520
520
520
520
520
520
529.195602
699.999755
700
700
700
700
700
700
700
700
700
700
700
700
700
700
700
700
700
700
700
700
700
700
700
520
520
520
520
520
520
520
520
520
520
520
520
520
520
523.6703852
628.6206135
699.9998515
700
700
700
700
700
700
700
700
700
700
700
700
700
700
700
700
700
700
700
700
700
700
700
520
520
520
520
520
520
520
520
520
520
520
520
520
520
606.4513183
659.5136147
699.9996653
700
700
700
700
700
700
700
700
700
700
700
700
700
700
700
700
700
700
700
700
700
700
700
520
520
520
520
520
520
520
520
520
520
520
520
520
520
523.8767487
533.6054066
699.9997679
700
700
700
700
700
700
700
700
700
700
700
700
700
700
700
700
700
700
700
700
700
700
700
520
520
520
520
520
520
520
520
520.0000001
520
520
520
520
520.0000001
520.0000001
520.0005402
699.9994019
700
700
700
700
700
700
700
700
700
700
700
700
700
700
700
700
700
700
700
700
700
700
700
520
520
520
520
520
520
520
520
520.0000002
520.0000001
520.0000002
520.0000001
520
520.0000001
520.0000001
520.0003026
699.9997174
700
700
700
700
700
700
700
700
700
700
700
700
700
700
700
700
700
700
700
700
700
700
700
520
520
520
520
520
520
520
520
520.0000002
520.0000002
520.0000003
520.0000001
520
520.0000001
520
520.0011387
699.9999975
700
700
700
700
700
700
700
700
700
700
700
700
700
700
700
700
700
700
700
700
700
700
700
520
520
520
520
520
520
520
520
520.0000003
520.0000003
520.0000003
520.0000001
520
520
520
520.000002
699.9999695
700
700
700
700
700
700
700
700
700
700
700
700
700
700
700
700
700
700
700
700
700
700
700
520
520
520
520
520
520
520
520
520.0000002
520.0000002
520.0000002
520
520
520
520.0000001
520.0000006
699.9999641
700
700
700
700
700
700
700
700
700
700
700
700
700
700
700
700
700
700
700
700
700
700
700
520
520
520
520
520
520
520
520
520.0000001
520.0000001
520.0000001
520
520
520
520
520.6120941
699.9997471
700
700
700
700
700
700
700
700
700
700
700
700
700
700
700
700
700
700
700
700
700
700
700
520
520
520
520
520
520
520
520
520.0000001
520.0000001
520.0000001
520
520
520
522.5437811
585.5902982
699.9998892
700
700
700
700
700
700
700
700
700
700
700
700
700
700
700
700
700
700
700
700
700
700
700
520
520
520
520
520
520
520
520
520.0000002
520
520
520
520
520
550.4372635
696.6941244
699.9998889
700
700
700
700
700
700
700
700
700
700
700
700
700
700
700
700
700
700
700
700
700
700
700
520
520
520
520
520
520
520
520
520.0000004
520.0000001
520
520
520
520
520
611.7630381
699.999891
700
700
700
700
700
700
700
700
700
700
700
700
700
700
700
700
700
700
700
700
700
700
700
520
520
520
520
520
520
520
520
520.0000004
520.0000003
520
520
520
520
520
582.4453325
699.9999127
700
700
700
700
700
700
700
700
700
700
700
700
700
700
700
700
700
700
700
700
700
700
700
520
520
520
520
520
520
520
520
520.0000004
520.0000005
520.0000001
520
520
520
520
581.788073
700
700
700
700
700
700
700
700
700
700
700
700
700
700
700
700
700
700
700
700
700
700
700
700
520
520
520
520
520
520
520
520
520.0000004
520.0000007
520.0000002
520
520
520
520
616.6350734
699.9999997
700
700
700
700
700
700
700
700
700
700
700
700
700
700
700
700
700
700
700
700
700
700
700
520
520
520
520
520
520
520
520
520.0000003
520.0000006
520.0000002
520
520
520
520
553.188102
687.1763507
699.9999999
700
700
700
700
700
700
700
700
700
700
700
700
700
700
700
700
700
700
700
700
700
700
520
520
520
520
520
520
520
520
520.0000001
520.0000003
520.0000001
520
520
520
520
520
593.5286725
699.9999999
700
700
700
700
700
700
700
700
700
700
700
700
700
700
700
700
700
700
700
700
700
700
520
520
520
520
520
520
520
520
520
520
520
520
520
520
520
520
585.5670632
699.9999999
700
700
700
700
700
700
700
700
700
700
700
700
700
700
700
700
700
700
700
700
700
700
520
520
520
520
520
520
520
520
520
520
520
520
520
520
520
520
590.6500856
700
700
700
700
700
700
700
700
700
700
700
700
700
700
700
700
700
700
700
700
700
700
700
520
520
520
520
520
520
520
520
520
520
520
520
520
520
520
520
592.0612238
700
700
700
700
700
700
700
700
700
700
700
700
700
700
700
700
700
700
700
700
700
700
700
520
520
520
520
520
520
520
520
520
520
520
520
520
520
520
520
587.7921793
699.9999998
700
700
700
700
700
700
700
700
700
700
700
700
700
700
700
700
700
700
700
700
700
700
520
520
520
520
520
520
520
520
520
520
520
520
520
520
520
520
582.1704102
700
700
700
700
700
700
700
700
700
700
700
700
700
700
700
700
700
700
700
700
700
700
700
520
520
520
520
520
520
520
520
520
520
520
520
520
520
520
520
578.9546725
699.9999999
700
700
700
700
700
700
700
700
700
700
700
700
700
700
700
700
700
700
700
700
700
700
520
520
520
520
520
520
520
520
520
520
520
520
520
520
520
520
574.8897432
699.9999999
700
700
700
700
700
700
700
700
700
700
700
700
700
700
700
700
700
700
700
700
700
700
520
520
520
520
520
520
520
520
520
520
520
520
520
520
520
520
599.7769448
699.9999995
700
700
700
700
700
700
700
700
700
700
700
700
700
700
700
700
700
700
700
700
700
700
520
520
520
520
520
520
520
520
520
520
520
520
520
520
520
520
622.7598832
699.9999995
700
700
700
700
700
700
700
700
700
700
700
700
700
700
700
700
700
700
700
700
700
700
520
520
520
520
520
520
520
520
520
520
520
520
520
520
520
520
610.4095158
699.9999997
700
700
700
700
700
700
700
700
700
700
700
700
700
700
700
700
700
700
700
700
700
700
520
520
520
520
520
520
520
520
520
520
520
520
520
520
520
565.3793589
691.0625752
699.9999997
700
700
700
700
700
700
700
700
700
700
700
700
700
700
700
700
700
700
700
700
700
700
520
520
520
520
520
520
520
520
520
520
520
520
520
520
520
671.2837845
699.9999999
700
700
700
700
700
700
700
700
700
700
700
700
700
700
700
700
700
700
700
700
700
700
700
520
520
520
520
520
520
520
520
520
520
520
520
520
520
520.5262957
633.9528686
699.9999998
700
700
700
700
700
700
700
700
700
700
700
700
700
700
700
700
700
700
700
700
700
700
700
520
520
520
520
520
520
520
520
520
520
520
520
520
520
534.8462886
686.6911333
699.9999999
699.9999998
700
700
700
700
700
700
700
700
700
700
700
700
700
700
700
700
700
700
700
700
700
700
520
520
520
520
520
520
520
520
520
520
520
520
520
520
522.0391913
606.7919528
699.9928143
700
700
700
700
700
700
700
700
700
700
700
700
700
700
700
700
700
700
700
700
700
700
700
520
520
520
520
520
520
520
520
)
;

boundaryField
{
    lowerWall
    {
        type            calculated;
        value           uniform 0;
    }
    atmosphere
    {
        type            calculated;
        value           uniform 0;
    }
    rightWall
    {
        type            empty;
    }
    leftWall
    {
        type            empty;
    }
    frontAndBack
    {
        type            calculated;
        value           uniform 0;
    }
}


// ************************************************************************* //
