/*--------------------------------*- C++ -*----------------------------------*\
| =========                 |                                                 |
| \\      /  F ield         | OpenFOAM: The Open Source CFD Toolbox           |
|  \\    /   O peration     | Version:  2506                                  |
|   \\  /    A nd           | Website:  www.openfoam.com                      |
|    \\/     M anipulation  |                                                 |
\*---------------------------------------------------------------------------*/
FoamFile
{
    version     2.0;
    format      ascii;
    arch        "LSB;label=32;scalar=64";
    class       volScalarField;
    location    "0.004";
    object      kappa;
}
// * * * * * * * * * * * * * * * * * * * * * * * * * * * * * * * * * * * * * //

dimensions      [1 1 -3 -1 0 0 0];

internalField   nonuniform List<scalar> 
3200
(
0.4
0.4
4.643566985
0.7518961121
0.4
0.4000000127
18.92361145
24.99999997
24.99999133
25
25
25
25
25
25
25
25
25
25
25
25
25
25
25
25
25
25
25
25
25
25
25
0.4000000065
0.4
0.4
0.4
0.4
0.4
0.4
0.4
0.4
0.4
0.4
0.4000000001
0.4000000002
0.40000007
17.26408264
25
24.99998765
25
25
25
25
25
25
25
25
25
25
25
25
25
25
25
25
25
25
25
25
25
25
25
0.4000000065
0.4
0.4
0.4
0.4
0.4
0.4
0.4
0.4
0.4
0.4000000001
0.4000000002
0.4000000002
0.4000000131
17.80942181
20.76450146
24.99998281
25
25
25
25
25
25
25
25
25
25
25
25
25
25
25
25
25
25
25
25
25
25
25
0.4000000066
0.4
0.4
0.4
0.4
0.4
0.4
0.4
0.4
0.4
0.4000000001
0.4000000002
0.4000000002
0.400000003
10.54795176
9.15858754
24.99998072
25
25
25
25
25
25
25
25
25
25
25
25
25
25
25
25
25
25
25
25
25
25
25
0.4000000066
0.4
0.4
0.4
0.4
0.4
0.4
0.4
0.4
0.4
0.4000000001
0.4000000002
0.4000000002
0.4000000008
0.9207724905
19.40202094
24.99996322
25
25
25
25
25
25
25
25
25
25
25
25
25
25
25
25
25
25
25
25
25
25
25
0.4000000066
0.4
0.4
0.4
0.4
0.4
0.4
0.4
0.4
0.4
0.4000000001
0.4000000002
0.4000000002
0.4000000002
0.4
12.53778936
24.99990739
25
25
25
25
25
25
25
25
25
25
25
25
25
25
25
25
25
25
25
25
25
25
25
0.4000000067
0.4
0.4
0.4
0.4
0.4
0.4
0.4
0.4
0.4000000001
0.4000000001
0.4000000002
0.4000000002
0.4000000002
0.4000000001
7.644749051
24.99993158
25
25
25
25
25
25
25
25
25
25
25
25
25
25
25
25
25
25
25
25
25
25
25
0.4000000067
0.4
0.4
0.4
0.4
0.4
0.4
0.4
0.4000000001
0.4000000001
0.4000000001
0.4000000001
0.4000000001
0.4
0.4
10.18307412
24.99999981
25
25
25
25
25
25
25
25
25
25
25
25
25
25
25
25
25
25
25
25
25
25
25
0.4000000068
0.4
0.4
0.4
0.4
0.4
0.4
0.4
0.4000000001
0.4000000001
0.4000000001
0.4000000001
0.4
0.4
0.4
0.4000002658
20.50601721
24.99999997
25
25
25
25
25
25
25
25
25
25
25
25
25
25
25
25
25
25
25
25
25
25
0.4000000068
0.4
0.4
0.4
0.4
0.4
0.4
0.4
0.4
0.4000000001
0.4000000001
0.4
0.4
0.4
0.4
0.4
3.202600642
24.03156269
25
25
25
25
25
25
25
25
25
25
25
25
25
25
25
25
25
25
25
25
25
25
0.4000000069
0.4
0.4
0.4
0.4
0.4
0.4
0.4
0.4
0.4
0.4
0.4
0.4
0.4
0.4
0.4
0.4
6.576162502
24.99999993
25
25
25
25
25
25
25
25
25
25
25
25
25
25
25
25
25
25
25
25
25
0.4000000069
0.4
0.4
0.4
0.4
0.4
0.4
0.4
0.4
0.4
0.4
0.4
0.4
0.4
0.4
0.4
0.4
1.641519427
24.99999976
25
25
25
25
25
25
25
25
25
25
25
25
25
25
25
25
25
25
25
25
25
0.400000007
0.4
0.4
0.4
0.4
0.4
0.4
0.4
0.4
0.4
0.4
0.4
0.4
0.4
0.4
0.4027134887
0.4004636407
7.441283725
24.99999995
25
25
25
25
25
25
25
25
25
25
25
25
25
25
25
25
25
25
25
25
25
0.400000007
0.4
0.4
0.4
0.4
0.4
0.4
0.4
0.4
0.4
0.4
0.4
0.4
0.4
0.4
0.4002988331
0.546963829
13.41119502
25
25
25
25
25
25
25
25
25
25
25
25
25
25
25
25
25
25
25
25
25
25
0.400000007
0.4
0.4
0.4
0.4
0.4
0.4
0.4
0.4
0.4
0.4
0.4
0.4
0.4
0.4
0.4000000001
0.4000000001
2.964013949
24.99999999
25
25
25
25
25
25
25
25
25
25
25
25
25
25
25
25
25
25
25
25
25
0.400000007
0.4
0.4
0.4
0.4
0.4
0.4
0.4
0.4
0.4
0.4
0.4
0.4
0.4
0.4000000001
0.4000000004
0.4000000008
2.112349257
24.99999996
25
25
25
25
25
25
25
25
25
25
25
25
25
25
25
25
25
25
25
25
25
0.4000000071
0.4
0.4
0.4
0.4
0.4
0.4
0.4
0.4
0.4
0.4
0.4
0.4
0.4000000001
0.4000000003
0.4000000013
0.4000000023
3.403834679
24.99999982
25
25
25
25
25
25
25
25
25
25
25
25
25
25
25
25
25
25
25
25
25
0.4000000071
0.4
0.4
0.4
0.4
0.4
0.4
0.4
0.4
0.4
0.4
0.4
0.4000000001
0.4000000003
0.4000000004
0.4000000012
0.4000000011
4.394009305
24.99999956
25
25
25
25
25
25
25
25
25
25
25
25
25
25
25
25
25
25
25
25
25
0.4000000071
0.4
0.4
0.4
0.4
0.4
0.4
0.4
0.4
0.4
0.4
0.4
0.4000000002
0.4000000006
0.4000000006
0.4000000004
0.4000000001
2.855222522
24.99999877
25
25
25
25
25
25
25
25
25
25
25
25
25
25
25
25
25
25
25
25
25
0.400000007
0.4
0.4
0.4
0.4
0.4
0.4
0.4
0.4
0.4
0.4
0.4
0.4000000001
0.4000000003
0.4000000005
0.4000000002
0.4
0.4555867426
24.99996247
25
25
25
25
25
25
25
25
25
25
25
25
25
25
25
25
25
25
25
25
25
0.400000007
0.4
0.4
0.4
0.4
0.4
0.4
0.4
0.4
0.4
0.4
0.4
0.4
0.4000000001
0.4000000003
0.4000000003
0.4
1.100936128
24.99999872
25
25
25
25
25
25
25
25
25
25
25
25
25
25
25
25
25
25
25
25
25
0.400000007
0.4
0.4
0.4
0.4
0.4
0.4
0.4
0.4
0.4
0.4
0.4
0.4
6.739100697
7.211999358
0.4
0.4
4.641029845
24.99999886
25
25
25
25
25
25
25
25
25
25
25
25
25
25
25
25
25
25
25
25
25
0.4000000069
0.4
0.4
0.4
0.4
0.4
0.4
0.4
0.4
0.4
0.4
0.4
0.4
0.4
11.94832158
18.38342199
0.4
10.33085134
24.99999567
25
25
25
25
25
25
25
25
25
25
25
25
25
25
25
25
25
25
25
25
25
0.4000000068
0.4
0.4
0.4
0.4
0.4
0.4
0.4
0.4
0.4
0.4
0.4
0.4
0.4
0.4000000375
8.481318164
1.077504116
21.87497848
24.99999989
25
25
25
25
25
25
25
25
25
25
25
25
25
25
25
25
25
25
25
25
25
0.4000000068
0.4
0.4
0.4
0.4
0.4
0.4
0.4
0.4
0.4
0.4
0.4
0.4
0.4000000001
0.4000000001
6.807919301
24.0919258
24.99999992
25
25
25
25
25
25
25
25
25
25
25
25
25
25
25
25
25
25
25
25
25
25
0.4000000067
0.4
0.4
0.4
0.4
0.4
0.4
0.4
0.4
0.4
0.4
0.4
0.4
0.4000000001
0.4000000002
2.750207619
24.99998054
25
25
25
25
25
25
25
25
25
25
25
25
25
25
25
25
25
25
25
25
25
25
25
0.4000000066
0.4
0.4
0.4
0.4
0.4
0.4
0.4
0.4
0.4
0.4000000001
0.4000000002
0.4000000003
0.4000000005
0.4000000007
2.814589018
24.99998589
25
25
25
25
25
25
25
25
25
25
25
25
25
25
25
25
25
25
25
25
25
25
25
0.4000000065
0.4
0.4
0.4
0.4
0.4
0.4
0.4
0.4
0.4000000003
0.4000000006
0.400000001
0.4000000014
0.4000000017
0.4000000016
3.404508996
24.9999854
25
25
25
25
25
25
25
25
25
25
25
25
25
25
25
25
25
25
25
25
25
25
25
0.4000000064
0.4
0.4
0.4
0.4
0.4
0.4
0.4
0.4000000008
0.4000000031
0.4000000061
0.4000000079
0.4000000075
0.4000000056
0.4000000034
4.037035311
24.99998478
25
25
25
25
25
25
25
25
25
25
25
25
25
25
25
25
25
25
25
25
25
25
25
0.4000000062
0.4
0.4
0.4
0.4
0.4
0.4
0.4
0.4000000023
0.4000000067
0.4000000121
0.4000000154
0.4000000138
0.4000000093
0.400000005
4.782638977
24.9999914
25
25
25
25
25
25
25
25
25
25
25
25
25
25
25
25
25
25
25
25
25
25
25
0.4000000061
0.4
0.4
0.4
0.4
0.4
0.4
0.4
0.4000000052
0.4000000132
0.4000000219
0.4000000235
0.4000000178
0.4000000112
0.4000000061
5.7421755
24.99999691
25
25
25
25
25
25
25
25
25
25
25
25
25
25
25
25
25
25
25
25
25
25
25
0.400000006
0.4
0.4
0.4
0.4
0.4
0.4
0.4
0.4000000101
0.4000000194
0.4000000239
0.4000000181
0.4000000131
0.4000000092
0.400000006
6.8830489
24.99999615
25
25
25
25
25
25
25
25
25
25
25
25
25
25
25
25
25
25
25
25
25
25
25
0.4000000058
0.4
0.4
0.4
0.4
0.4
0.4
0.4
0.4000000131
0.4000000211
0.4000000269
0.4000000267
0.4000000245
0.4000000106
0.4000000063
8.216452451
24.99999246
25
25
25
25
25
25
25
25
25
25
25
25
25
25
25
25
25
25
25
25
25
25
25
0.4000000057
0.4
0.4
0.4
0.4
0.4
0.4
0.4
0.4000000117
0.4000000173
0.4000000167
0.4000000192
0.4000000215
0.4000000114
0.4000000069
8.744547237
24.99999462
25
25
25
25
25
25
25
25
25
25
25
25
25
25
25
25
25
25
25
25
25
25
25
0.4000000056
0.4
0.4
0.4
0.4
0.4
0.4
0.4
0.4000000116
0.4000000126
0.4000000087
0.40000001
0.4000000099
0.4000000028
0.4000000053
9.465363855
24.99999909
25
25
25
25
25
25
25
25
25
25
25
25
25
25
25
25
25
25
25
25
25
25
25
0.4000000054
0.4
0.4
0.4
0.4
0.4
0.4
0.4
0.4000000091
0.4000000065
0.4000000045
0.4000000063
0.4000000025
0.4003490378
0.4000000026
17.04363913
24.99999772
25
25
25
25
25
25
25
25
25
25
25
25
25
25
25
25
25
25
25
25
25
25
25
0.4000000053
0.4
0.4
0.4
0.4
0.4
0.4
0.4
0.4000000021
0.4000000014
0.4000000017
0.400000005
0.400000004
1.618275881
4.182724988
24.75144666
24.99998064
25
25
25
25
25
25
25
25
25
25
25
25
25
25
25
25
25
25
25
25
25
25
25
0.4000000052
0.4
0.4
0.4
0.4
0.4
0.4
0.4
0.4000000012
0.4000000011
0.4000000011
0.4000000018
0.9489550683
19.42521932
15.37001055
23.23826449
24.99998888
25
25
25
25
25
25
25
25
25
25
25
25
25
25
25
25
25
25
25
25
25
25
25
0.400000005
0.4
0.4
0.4
0.4
0.4
0.4
0.4
0.4000000005
0.4000000007
0.4000000006
0.4000000003
14.47486741
24.99999993
24.75918873
5.655864276
24.99997495
25
25
25
25
25
25
25
25
25
25
25
25
25
25
25
25
25
25
25
25
25
25
25
0.4000000049
0.4
0.4
0.4
0.4
0.4
0.4
0.4
0.4000000001
0.4000000003
0.4000000005
0.4000000004
3.243696171
7.187213684
17.84019849
5.260208369
24.99998002
25
25
25
25
25
25
25
25
25
25
25
25
25
25
25
25
25
25
25
25
25
25
25
0.4000000048
0.4
0.4
0.4
0.4
0.4
0.4
0.4
0.400000007
0.4000000076
0.400000005
0.4000000029
0.4000000021
0.400000002
0.4000000003
5.678604842
24.99999231
25
25
25
25
25
25
25
25
25
25
25
25
25
25
25
25
25
25
25
25
25
25
25
0.4000000047
0.4
0.4
0.4
0.4
0.4
0.4
0.4
0.400000007
0.40000001
0.4000000079
0.4000000053
0.4000000039
0.4000000028
0.4000000004
5.254978694
24.99998726
25
25
25
25
25
25
25
25
25
25
25
25
25
25
25
25
25
25
25
25
25
25
25
0.4000000046
0.4
0.4
0.4
0.4
0.4
0.4
0.4
0.4000000032
0.4000000052
0.4000000044
0.4000000037
0.4000000032
0.4000000024
0.4000000004
6.553095665
24.99998493
25
25
25
25
25
25
25
25
25
25
25
25
25
25
25
25
25
25
25
25
25
25
25
0.4000000045
0.4
0.4
0.4
0.4
0.4
0.4
0.4
0.400000001
0.4000000018
0.4000000016
0.4000000016
0.400000002
0.4000000019
0.4720654681
5.85685649
24.99998742
25
25
25
25
25
25
25
25
25
25
25
25
25
25
25
25
25
25
25
25
25
25
25
0.4000000044
0.4
0.4
0.4
0.4
0.4
0.4
0.4
0.4000000004
0.4000000008
0.4000000008
0.4000000008
0.4000000013
0.4000000015
0.4000000001
6.456504658
24.99998473
25
25
25
25
25
25
25
25
25
25
25
25
25
25
25
25
25
25
25
25
25
25
25
0.4000000043
0.4
0.4
0.4
0.4
0.4
0.4
0.4
0.4000000003
0.4000000006
0.4000000007
0.4000000007
0.400000001
0.4000000012
0.4000000001
9.03374251
24.99997591
25
25
25
25
25
25
25
25
25
25
25
25
25
25
25
25
25
25
25
25
25
25
25
0.4000000043
0.4
0.4
0.4
0.4
0.4
0.4
0.4
0.4000000011
0.4000000016
0.4000000015
0.4000000013
0.4000000012
0.4000000011
6.853558815
1.71547116
24.99997268
25
25
25
25
25
25
25
25
25
25
25
25
25
25
25
25
25
25
25
25
25
25
25
0.4000000042
0.4
0.4
0.4
0.4
0.4
0.4
0.4
0.4000000036
0.4000000038
0.4000000027
0.4000000016
0.4000000009
0.4000000006
0.4
1.656732272
24.99996652
25
25
25
25
25
25
25
25
25
25
25
25
25
25
25
25
25
25
25
25
25
25
25
0.4000000042
0.4
0.4
0.4
0.4
0.4
0.4
0.4
0.4000000014
0.4000000005
0.4000000007
0.4000000006
0.4000000005
0.4000000003
0.9016193127
15.24481717
24.99997971
25
25
25
25
25
25
25
25
25
25
25
25
25
25
25
25
25
25
25
25
25
25
25
0.4000000041
0.4
0.4
0.4
0.4
0.4
0.4
0.4
0.4000000009
0.4000000004
0.4000000004
0.4000000004
0.4000000004
0.4000000003
12.2150135
19.46686068
24.99995426
25
25
25
25
25
25
25
25
25
25
25
25
25
25
25
25
25
25
25
25
25
25
25
0.4000000041
0.4
0.4
0.4
0.4
0.4
0.4
0.4
0.4000000026
0.4000000009
0.4000000007
0.400000001
0.4000000022
0.4000000044
0.9298223259
2.259405565
24.99996827
25
25
25
25
25
25
25
25
25
25
25
25
25
25
25
25
25
25
25
25
25
25
25
0.4000000041
0.4
0.4
0.4
0.4
0.4
0.4
0.4
0.4000000116
0.4000000068
0.4000000057
0.400000002
0.4000000043
0.4000000108
0.4000000164
0.400073824
24.99991826
25
25
25
25
25
25
25
25
25
25
25
25
25
25
25
25
25
25
25
25
25
25
25
0.4000000041
0.4
0.4
0.4
0.4
0.4
0.4
0.4
0.400000024
0.4000000201
0.4000000233
0.400000014
0.4000000053
0.400000012
0.4000000178
0.400041355
24.99996138
25
25
25
25
25
25
25
25
25
25
25
25
25
25
25
25
25
25
25
25
25
25
25
0.4000000041
0.4
0.4
0.4
0.4
0.4
0.4
0.4
0.4000000327
0.4000000337
0.4000000369
0.4000000181
0.4000000064
0.4000000088
0.4000000048
0.4001556245
24.99999966
25
25
25
25
25
25
25
25
25
25
25
25
25
25
25
25
25
25
25
25
25
25
25
0.4000000041
0.4
0.4
0.4
0.4
0.4
0.4
0.4
0.400000035
0.4000000367
0.4000000363
0.4000000097
0.4000000045
0.4000000056
0.4000000035
0.4000002704
24.99999584
25
25
25
25
25
25
25
25
25
25
25
25
25
25
25
25
25
25
25
25
25
25
25
0.4000000041
0.4
0.4
0.4
0.4
0.4
0.4
0.4
0.4000000294
0.4000000296
0.4000000259
0.4000000045
0.4000000033
0.4000000038
0.4000000104
0.400000081
24.99999509
25
25
25
25
25
25
25
25
25
25
25
25
25
25
25
25
25
25
25
25
25
25
25
0.4000000042
0.4
0.4
0.4
0.4
0.4
0.4
0.4
0.4000000202
0.4000000203
0.4000000171
0.4000000028
0.400000002
0.4000000022
0.4000000019
0.4836528668
24.99996543
25
25
25
25
25
25
25
25
25
25
25
25
25
25
25
25
25
25
25
25
25
25
25
0.4000000042
0.4
0.4
0.4
0.4
0.4
0.4
0.4
0.4000000157
0.4000000116
0.4000000106
0.4000000016
0.4000000012
0.4000000017
0.7476500825
9.364007417
24.99998485
25
25
25
25
25
25
25
25
25
25
25
25
25
25
25
25
25
25
25
25
25
25
25
0.4000000043
0.4
0.4
0.4
0.4
0.4
0.4
0.4
0.4000000287
0.4000000051
0.4000000046
0.4000000015
0.4000000017
0.400000001
4.559759341
24.548197
24.99998481
25
25
25
25
25
25
25
25
25
25
25
25
25
25
25
25
25
25
25
25
25
25
25
0.4000000043
0.4
0.4
0.4
0.4
0.4
0.4
0.4
0.4000000513
0.400000013
0.4000000027
0.4000000019
0.400000002
0.4000000016
0.4000000013
12.94094855
24.9999851
25
25
25
25
25
25
25
25
25
25
25
25
25
25
25
25
25
25
25
25
25
25
25
0.4000000044
0.4
0.4
0.4
0.4
0.4
0.4
0.4
0.4000000597
0.4000000343
0.4000000023
0.4000000021
0.4000000021
0.4000000017
0.4000000016
8.934195447
24.99998806
25
25
25
25
25
25
25
25
25
25
25
25
25
25
25
25
25
25
25
25
25
25
25
0.4000000045
0.4
0.4
0.4
0.4
0.4
0.4
0.4
0.4000000556
0.4000000668
0.4000000088
0.4000000026
0.4000000022
0.400000002
0.4000000018
8.844369978
25
25
25
25
25
25
25
25
25
25
25
25
25
25
25
25
25
25
25
25
25
25
25
25
0.4000000046
0.4
0.4
0.4
0.4
0.4
0.4
0.4
0.4000000524
0.4000000902
0.400000023
0.4000000066
0.400000003
0.4000000019
0.4000000016
13.60679337
24.99999996
25
25
25
25
25
25
25
25
25
25
25
25
25
25
25
25
25
25
25
25
25
25
25
0.4000000047
0.4
0.4
0.4
0.4
0.4
0.4
0.4
0.400000036
0.4000000807
0.4000000217
0.4000000064
0.4000000023
0.4000000015
0.4000000013
4.935707272
23.24743459
24.99999999
25
25
25
25
25
25
25
25
25
25
25
25
25
25
25
25
25
25
25
25
25
25
0.4000000047
0.4
0.4
0.4
0.4
0.4
0.4
0.4
0.4000000113
0.4000000345
0.4000000089
0.4000000025
0.400000001
0.400000001
0.4000000013
0.4000000007
10.44891858
24.99999999
25
25
25
25
25
25
25
25
25
25
25
25
25
25
25
25
25
25
25
25
25
25
0.4000000048
0.4
0.4
0.4
0.4
0.4
0.4
0.4
0.4000000013
0.4000000052
0.4000000015
0.4000000004
0.4000000004
0.4000000008
0.4000000012
0.4000000011
9.360831965
24.99999998
25
25
25
25
25
25
25
25
25
25
25
25
25
25
25
25
25
25
25
25
25
25
0.4000000049
0.4
0.4
0.4
0.4
0.4
0.4
0.4
0.4000000001
0.4000000003
0.4000000001
0.4
0.4000000001
0.4000000005
0.4000000007
0.4000000008
10.05551169
25
25
25
25
25
25
25
25
25
25
25
25
25
25
25
25
25
25
25
25
25
25
25
0.400000005
0.4
0.4
0.4
0.4
0.4
0.4
0.4
0.4
0.4
0.4
0.4
0.4
0.4000000001
0.4000000002
0.4000000004
10.24836725
25
25
25
25
25
25
25
25
25
25
25
25
25
25
25
25
25
25
25
25
25
25
25
0.4000000051
0.4
0.4
0.4
0.4
0.4
0.4
0.4
0.4
0.4
0.4
0.4
0.4
0.4
0.4000000001
0.4000000002
9.664931169
24.99999997
25
25
25
25
25
25
25
25
25
25
25
25
25
25
25
25
25
25
25
25
25
25
0.4000000052
0.4
0.4
0.4
0.4
0.4
0.4
0.4
0.4
0.4
0.4
0.4
0.4
0.4
0.4
0.4000000001
8.896622725
25
25
25
25
25
25
25
25
25
25
25
25
25
25
25
25
25
25
25
25
25
25
25
0.4000000053
0.4
0.4
0.4
0.4
0.4
0.4
0.4
0.4
0.4
0.4
0.4
0.4
0.4
0.4
0.4000000001
8.45713858
24.99999998
25
25
25
25
25
25
25
25
25
25
25
25
25
25
25
25
25
25
25
25
25
25
0.4000000054
0.4
0.4
0.4
0.4
0.4
0.4
0.4
0.4
0.4
0.4
0.4
0.4
0.4
0.4
0.4000000001
7.901598238
24.99999999
25
25
25
25
25
25
25
25
25
25
25
25
25
25
25
25
25
25
25
25
25
25
0.4000000055
0.4
0.4
0.4
0.4
0.4
0.4
0.4
0.4
0.4
0.4
0.4
0.4
0.4
0.4
0.4
11.30284912
24.99999993
25
25
25
25
25
25
25
25
25
25
25
25
25
25
25
25
25
25
25
25
25
25
0.4000000055
0.4
0.4
0.4
0.4
0.4
0.4
0.4
0.4
0.4
0.4
0.4
0.4
0.4
0.4
0.4
14.44385071
24.99999993
25
25
25
25
25
25
25
25
25
25
25
25
25
25
25
25
25
25
25
25
25
25
0.4000000056
0.4
0.4
0.4
0.4
0.4
0.4
0.4
0.4
0.4
0.4
0.4
0.4
0.4
0.4
0.4
12.75596716
24.99999995
25
25
25
25
25
25
25
25
25
25
25
25
25
25
25
25
25
25
25
25
25
25
0.4000000057
0.4
0.4
0.4
0.4
0.4
0.4
0.4
0.4
0.4
0.4
0.4
0.4
0.4
0.4
6.601845717
23.77855194
24.99999996
25
25
25
25
25
25
25
25
25
25
25
25
25
25
25
25
25
25
25
25
25
25
0.4000000057
0.4
0.4
0.4
0.4
0.4
0.4
0.4
0.4
0.4
0.4
0.4
0.4
0.4
0.4
21.07545054
24.99999999
24.99999999
25
25
25
25
25
25
25
25
25
25
25
25
25
25
25
25
25
25
25
25
25
25
0.4000000058
0.4
0.4
0.4
0.4
0.4
0.4
0.4
0.4
0.4
0.4
0.4
0.4
0.4
0.4719270826
15.97355871
24.99999997
25
25
25
25
25
25
25
25
25
25
25
25
25
25
25
25
25
25
25
25
25
25
25
0.4000000058
0.4
0.4
0.4
0.4
0.4
0.4
0.4
0.4
0.4
0.4
0.4
0.4
0.4
2.428992771
23.18112155
24.99999998
24.99999997
25
25
25
25
25
25
25
25
25
25
25
25
25
25
25
25
25
25
25
25
25
25
0.4000000058
0.4
0.4
0.4
0.4
0.4
0.4
0.4
0.4
0.4
0.4
0.4
0.4
0.4
0.6786894831
12.26156688
24.99901795
25
25
25
25
25
25
25
25
25
25
25
25
25
25
25
25
25
25
25
25
25
25
25
0.4000000058
0.4
0.4
0.4
0.4
0.4
0.4
0.4
)
;

boundaryField
{
    lowerWall
    {
        type            calculated;
        value           uniform 0;
    }
    atmosphere
    {
        type            calculated;
        value           uniform 0;
    }
    rightWall
    {
        type            empty;
    }
    leftWall
    {
        type            empty;
    }
    frontAndBack
    {
        type            calculated;
        value           uniform 0;
    }
}


// ************************************************************************* //
