/*--------------------------------*- C++ -*----------------------------------*\
| =========                 |                                                 |
| \\      /  F ield         | OpenFOAM: The Open Source CFD Toolbox           |
|  \\    /   O peration     | Version:  2506                                  |
|   \\  /    A nd           | Website:  www.openfoam.com                      |
|    \\/     M anipulation  |                                                 |
\*---------------------------------------------------------------------------*/
FoamFile
{
    version     2.0;
    format      ascii;
    arch        "LSB;label=32;scalar=64";
    class       volScalarField;
    location    "0.004";
    object      p;
}
// * * * * * * * * * * * * * * * * * * * * * * * * * * * * * * * * * * * * * //

dimensions      [1 -1 -2 0 0 0 0];

internalField   nonuniform List<scalar> 
3200
(
-1.047323053
2.207349453
1041.202733
5.101641824
1.561848074
2.071521138
12264.98403
23977.54971
23390.44437
18696.48618
15706.31321
13679.86868
12201.24092
11045.7745
10089.97416
9263.18106
8522.950652
7842.503925
7204.18149
6595.904996
6009.180034
5437.914759
4877.686854
4325.267463
3778.298986
3235.068997
2694.346537
2155.260259
1617.205369
1079.770658
542.6795148
5.740447415
-0.07007902554
-0.07223564635
-0.07439226641
-0.07654888647
-0.0787055065
-0.08086212652
-0.08301874654
-0.08517536653
-1.096062262
-0.06187564753
-2.802902604
-3.27130417
0.5632381381
-3.388511812
8971.78353
22401.7308
20600.34841
16989.89657
14742.58798
13132.05616
11878.08593
10846.11699
9960.977401
9176.630399
8463.180439
7800.394409
7174.151373
6574.369996
5993.737242
5426.894329
4869.89502
4319.832678
3774.57581
3232.575693
2692.723211
2154.240079
1616.594503
1079.434293
542.5323445
5.740447415
-0.07007902553
-0.07223564635
-0.07439226641
-0.07654888647
-0.0787055065
-0.08086212652
-0.08301874654
-0.08517536653
1.002964562
-0.5415959702
2.320044085
1.472140763
2.49228754
0.6416752981
10671.50094
10487.71515
14070.36039
13920.12288
13142.09598
12227.69379
11332.94522
10499.64898
9731.209636
9019.206785
8352.772637
7721.770018
7117.688885
6533.716219
5964.534482
5406.059683
4855.1946
4309.619264
3767.620697
3227.957075
2689.749921
2152.398372
1615.510538
1078.847841
542.2789464
5.740447415
-0.07007902552
-0.07223564635
-0.07439226641
-0.07654888647
-0.0787055065
-0.08086212652
-0.08301874653
-0.08517536653
0.07222258164
-0.04773489737
1.50830742
0.7441178546
1.618425907
-2.029605625
3236.860253
2225.048008
9647.857811
11478.05549
11677.98618
11303.68802
10726.36549
10088.34009
9445.023872
8816.235271
8206.956084
7616.248431
7041.143216
6478.297331
5924.650698
5377.640886
4835.229163
4295.852504
3758.35235
3221.901615
2685.938168
2150.107197
1614.212405
1078.174975
541.9988113
5.740447416
-0.07007902551
-0.07223564634
-0.07439226641
-0.07654888646
-0.0787055065
-0.08086212652
-0.08301874653
-0.08517536653
0.6361557577
-0.1551945309
0.9091675197
0.3073140095
-2.117990734
-3.723675699
10.57284583
8160.777166
10288.88852
10666.2586
10788.11234
10582.71681
10180.50168
9682.337663
9144.328645
8593.774757
8042.590294
7495.14813
6952.362902
6413.704384
5878.155383
5344.64898
4812.252846
4280.23214
3748.055783
3215.377995
2682.010621
2147.893679
1613.067536
1077.647996
541.8044281
5.740447416
-0.0700790255
-0.07223564634
-0.0743922664
-0.07654888646
-0.07870550649
-0.08086212651
-0.08301874653
-0.08517536653
0.1130917567
0.04218742817
0.3324843681
0.495096869
0.3275136187
-0.06883779609
0.09965197648
3045.850511
9565.826719
10109.97924
10225.49507
10058.5754
9730.599702
9316.195851
8856.196387
8371.965129
7874.504341
7369.414406
6859.480329
6346.02685
5829.64246
5310.571482
4788.924998
4264.790029
3738.281513
3209.562728
2678.848955
2146.402851
1612.526392
1077.551976
541.8338815
5.740447417
-0.0700790255
-0.07223564634
-0.0743922664
-0.07654888646
-0.07870550649
-0.08086212651
-0.08301874653
-0.08517536652
0.05970576118
-0.4570805669
0.2477420831
0.7682609573
1.333734193
1.271989889
0.1610806352
858.8237381
9324.392981
9982.336905
9945.320791
9695.500262
9367.138833
8995.665265
8592.314045
8163.405336
7714.069626
7248.548285
6770.141561
6281.305053
5783.840915
5279.09392
4768.109282
4251.743815
3730.738101
3205.760912
2677.435611
2146.355554
1613.093264
1078.206363
542.2419748
5.740447417
-0.07007902549
-0.07223564633
-0.0743922664
-0.07654888645
-0.07870550649
-0.08086212651
-0.08301874652
-0.08517536652
-0.166204166
-0.3422924068
0.01892370686
0.7041827607
1.373935928
1.133522788
-1.922826163
2114.338106
11392.83284
10549.6488
9877.958397
9410.976218
9046.803077
8707.027973
8354.007343
7975.292898
7569.842708
7140.591101
6691.257103
6225.235771
5745.346924
5253.878233
4752.697819
4243.359987
3727.186535
3205.325429
2678.792761
2148.503421
1615.294588
1079.94481
543.1904314
5.740447418
-0.07007902548
-0.07223564633
-0.07439226639
-0.07654888645
-0.07870550648
-0.0808621265
-0.08301874652
-0.08517536652
0.2282665782
0.4184193609
-0.02875957861
-0.881109093
-1.296280748
-0.8596380803
2.07356974
1.914874469
10024.29635
10941.47389
9605.89494
9023.653104
8702.082082
8431.651727
8141.412523
7813.936558
7449.439424
7052.739953
6629.08469
6183.059033
5718.457455
5238.398334
4745.46698
4241.83369
3729.342765
3209.579493
2683.922076
2153.58348
1619.646511
1083.094301
544.8376842
5.740447419
-0.07007902547
-0.07223564633
-0.07439226639
-0.07654888645
-0.07870550648
-0.0808621265
-0.08301874651
-0.08517536651
0.4140105087
0.6192593605
0.3528267119
-0.4017223332
-0.1857677581
0.2063380022
1.185670144
0.06860907391
165.7628734
9480.793316
8580.495904
8375.668616
8306.232708
8176.099365
7966.072112
7689.621482
7361.260536
6991.868142
6589.307491
6159.483419
5707.050271
5235.81466
4748.961125
4249.186751
3738.791279
3219.745446
2693.747802
2162.274364
1626.623122
1087.954515
547.3287116
5.74044742
-0.07007902546
-0.07223564632
-0.07439226638
-0.07654888644
-0.07870550647
-0.08086212649
-0.08301874651
-0.08517536651
0.4323373901
0.7119271305
0.8370658669
0.8810820959
1.158174916
1.498149548
2.729178531
2.521656151
2.516517925
519.467903
6469.7137
7592.301197
7971.092143
8000.455061
7857.171917
7617.236255
7314.134768
6964.187813
6576.818556
6158.542311
5714.470512
5248.873015
4765.399192
4267.182632
3756.910044
3236.880847
2709.064378
2175.15529
1636.626357
1094.778114
550.7852945
5.74044742
-0.07007902545
-0.07223564631
-0.07439226638
-0.07654888643
-0.07870550647
-0.08086212649
-0.0830187465
-0.0851753665
0.4114835416
0.9030264371
1.400403959
1.761595072
2.330291536
2.591727421
4.050778703
2.881006727
6.465147632
8.477043914
5881.262309
7552.737907
7985.389937
7997.469962
7844.940141
7608.03569
7313.875604
6973.952541
6595.261335
6183.422362
5743.441658
5279.831971
4796.60317
4297.256333
3784.80537
3261.821173
2730.488576
2192.668187
1649.958032
1103.752387
555.2969374
5.740447421
-0.07007902544
-0.07223564631
-0.07439226637
-0.07654888643
-0.07870550646
-0.08086212648
-0.0830187465
-0.08517536649
0.4048096071
1.031069999
1.693540361
2.32211392
3.168681986
3.532714185
4.885789259
4.200840132
3.401749665
1040.372742
9032.502333
8752.005539
8420.269317
8159.107067
7917.098098
7656.108891
7359.399754
7022.507376
6646.876081
6236.469525
5796.066924
5330.434215
4843.948189
4340.45578
3823.25377
3295.127484
2758.415497
2215.082887
1666.794235
1114.982486
560.9126049
5.740447421
-0.07007902543
-0.0722356463
-0.07439226637
-0.07654888642
-0.07870550645
-0.08086212647
-0.08301874649
-0.08517536649
0.4281603515
1.130238715
1.974464899
2.708415844
3.989708772
4.480968837
6.625300993
5.722000958
10.05034709
5361.185068
13933.02425
10002.52076
8784.583867
8301.602815
8008.250764
7739.919494
7445.126235
7109.821885
6733.289337
6319.537551
5873.947183
5401.91379
4908.322387
4397.386211
3872.646075
3337.036917
2792.977843
2242.465553
1687.162472
1128.476663
567.6334857
5.740447422
-0.07007902542
-0.0722356463
-0.07439226636
-0.07654888642
-0.07870550645
-0.08086212647
-0.08301874648
-0.08517536648
0.4969700363
1.111207903
2.25270238
2.88736399
4.6695883
5.282671223
8.388756583
7.258668332
15.10163075
101.2650796
8207.875325
8540.472274
8413.951787
8254.481592
8074.397031
7850.209775
7571.382211
7238.384416
6856.944341
6434.468646
5978.295355
5494.975522
4990.064256
4468.141996
3932.926984
3387.413607
2834.008107
2274.650823
1710.922277
1144.134063
575.4071111
5.740447422
-0.07007902541
-0.07223564629
-0.07439226635
-0.07654888641
-0.07870550644
-0.08086212646
-0.08301874648
-0.08517536648
0.5713271166
1.0160377
2.354445728
2.872396531
5.139948307
5.789851295
10.00272801
8.584871989
18.42558271
27.34148909
6032.653815
7537.547108
8076.278993
8227.987349
8184.661264
8015.159437
7751.827812
7415.408927
7021.656501
6583.120833
6109.814309
5609.65248
5088.839844
4552.21186
4003.525812
3445.69973
2881.004802
2311.219097
1737.750501
1161.735974
584.1232765
5.740447422
-0.0700790254
-0.07223564628
-0.07439226635
-0.0765488864
-0.07870550643
-0.08086212645
-0.08301874647
-0.08517536647
0.654019314
0.4225270772
2.073910713
1.536257208
4.434229834
4.330459841
9.720987342
8.001766031
25.30473561
107.1070614
6393.127241
7500.792137
8125.639003
8396.539592
8421.116781
8273.956923
8005.379598
7649.786468
7231.172707
6766.566343
6268.211911
5745.00343
5203.453153
4648.360952
4083.284171
3510.871988
2933.106896
2351.481954
1767.133345
1180.941764
593.6123605
5.740447423
-0.0700790254
-0.07223564628
-0.07439226634
-0.0765488864
-0.07870550643
-0.08086212645
-0.08301874646
-0.08517536646
0.7398970609
0.6425315738
2.502534957
2.055352816
5.329485936
5.406780893
12.51106322
7.631302994
39.1630469
265.0952726
7255.040718
7946.86935
8528.952083
8811.421616
8829.322044
8654.188736
8345.965941
7947.204711
7486.702903
6983.782445
6451.486561
5898.718922
5331.630438
4754.515627
4170.397369
3581.414428
2989.083448
2394.480152
1798.36782
1201.291048
603.6467298
5.740447423
-0.07007902539
-0.07223564627
-0.07439226633
-0.07654888639
-0.07870550642
-0.08086212644
-0.08301874646
-0.08517536646
0.8000259174
-0.9933132584
0.6183456168
-2.131729342
0.8821887364
-0.5292715438
5.818414627
1.080277373
55.9605524
73.94105623
7304.044469
8502.713468
9231.88614
9490.88546
9430.575941
9167.527467
8777.108726
8306.382266
7784.672097
7230.395765
6655.25533
6066.777494
5469.855777
4867.694589
4262.394624
3655.322151
3047.346912
2438.999053
1830.575386
1222.213555
613.9458612
5.740447423
-0.07007902539
-0.07223564626
-0.07439226633
-0.07654888638
-0.07870550642
-0.08086212644
-0.08301874645
-0.08517536645
0.719940304
0.3625200596
2.126490577
-0.115839453
2.073015398
-6.006153732
9.95478341
-51.26315994
48.45975491
-23.31563843
6288.087363
9527.832237
10405.00226
10489.66974
10234.58119
9808.254155
9288.579012
8716.56367
8115.22832
7497.894826
6872.383403
6243.301722
5613.34202
4984.03302
4356.183679
3730.149826
3105.997546
2483.605406
1862.729776
1243.047629
624.1855573
5.740447423
-0.07007902538
-0.07223564626
-0.07439226632
-0.07654888638
-0.07870550641
-0.08086212643
-0.08301874644
-0.08517536644
0.5531049262
-1.973885032
-0.6029074303
-6.179710988
-3.831222106
-26.92795609
-57.6426604
-147.7175037
29.14957724
14.05805981
14159.77304
12907.55261
12370.59477
11828.22213
11209.83588
10542.34464
9852.40827
9156.085257
8461.803741
7773.593291
7093.103234
6420.725388
5756.198783
5098.93237
4448.176443
3803.113002
3162.902499
2526.706841
1893.699331
1263.067366
634.0111813
5.740447423
-0.07007902538
-0.07223564625
-0.07439226632
-0.07654888637
-0.0787055064
-0.08086212642
-0.08301874644
-0.08517536644
0.6282938161
0.7800491551
3.196943291
4.962270595
2.174357742
2901.827814
2936.340624
-385.7209483
66.29749816
905.5271765
17104.93167
15565.24091
14341.60328
13242.79629
12234.20444
11298.89404
10422.64175
9593.585205
8802.329044
8041.592559
7305.731997
6590.318993
5891.816482
5207.341764
4534.495828
3871.240189
3215.806929
2566.631622
1922.301954
1281.517072
643.0542622
5.740447423
-0.07007902538
-0.07223564625
-0.07439226631
-0.07654888637
-0.0787055064
-0.08086212642
-0.08301874643
-0.08517536643
-0.07161939778
-1.572656002
-2.622563997
-3.843302499
-8.09840594
-28.48156277
9370.308124
25247.81713
924.3182907
5902.281018
18458.10644
17910.15424
16187.79125
14567.16336
13185.3028
11996.4002
10945.69746
9993.304797
9112.355498
8284.736758
7497.934058
6743.023189
6013.427546
5304.142927
4611.243973
3931.561829
3262.467591
2601.722146
1947.368337
1297.650428
650.9512352
5.740447423
-0.07007902538
-0.07223564624
-0.07439226631
-0.07654888636
-0.07870550639
-0.08086212641
-0.08301874643
-0.08517536643
-0.3418627607
-1.363480696
-2.500836147
-5.126565386
-9.790165596
-20.46661594
-30.60873605
3741.747943
688.0113142
26502.2694
28328.97837
21429.84261
17932.25907
15652.76928
13943.45386
12555.72164
11370.46152
10321.60117
9369.071942
8487.085396
7658.264954
6870.433254
6114.74882
5384.579013
4674.794321
3981.312298
3300.793534
2630.432312
1967.807288
1310.770738
657.3626398
5.740447423
-0.07007902539
-0.07223564624
-0.0743922663
-0.07654888636
-0.07870550639
-0.08086212641
-0.08301874642
-0.08517536642
-0.6246371999
-1.682949448
-2.909956686
-4.998402396
-8.561178334
-11.94702826
-14.00948417
1407.692478
24591.8415
29955.89759
25748.16096
21548.17258
18458.64192
16168.20729
14380.03287
12912.58674
11658.84458
10553.5864
9555.265785
8636.288067
7777.627704
6965.717221
6190.576747
5444.650526
4722.060919
4018.116135
3328.975911
2651.417472
1982.666159
1320.268201
661.9909177
5.740447423
-0.07007902539
-0.07223564623
-0.0743922663
-0.07654888635
-0.07870550638
-0.0808621264
-0.08301874642
-0.08517536642
-0.8159810663
-1.837369944
-3.021202223
-4.585846855
-6.761933903
-8.865012524
-9.570653242
273.6648699
25892.33501
25303.47332
23159.85945
20556.05256
18185.93361
16181.39294
14495.89613
13055.76453
11798.76259
10678.65356
9662.136279
8725.193337
7850.261279
7024.252477
6237.211676
5481.405804
4750.701405
4040.131866
3345.590354
2663.606601
1991.179989
1325.650518
664.5951138
5.740447422
-0.0700790254
-0.07223564623
-0.07439226629
-0.07654888635
-0.07870550638
-0.0808621264
-0.08301874642
-0.08517536641
-0.9026922705
-1.828208898
-2.862358996
-4.063683604
-5.380690007
-6.608724787
-6.316566344
289.783589
22143.73964
22206.16599
21031.75629
19330.24736
17547.65248
15875.54439
14366.40834
13015.82998
11801.8063
10700.14779
9689.451608
8752.10778
7873.992643
7043.841266
6252.632915
5493.079777
4759.225471
4046.135785
3349.660705
2666.249552
1992.804887
1326.564218
665.0012634
5.740447422
-0.07007902541
-0.07223564623
-0.07439226629
-0.07654888634
-0.07870550638
-0.0808621264
-0.08301874641
-0.08517536641
-0.9130994186
-1.728501626
-2.616415716
-3.529416176
-4.430985607
-4.931988198
-4.723526786
465.9575655
20891.70655
20348.43056
19430.75413
18185.53165
16798.8918
15406.73546
14078.37823
12839.35812
11692.5028
10630.69793
9643.433671
8719.813946
7849.781769
7024.508875
6236.42023
5479.074933
4747.00312
4035.541077
3340.680593
2658.936814
1987.23387
1322.805564
663.1079287
5.740447421
-0.07007902542
-0.07223564622
-0.07439226629
-0.07654888634
-0.07870550637
-0.08086212639
-0.08301874641
-0.08517536641
-0.8557481607
-1.57470528
-2.331089904
-3.033839885
-3.71959472
-3.867022524
-3.755764743
683.5873553
19230.17767
18866.8889
18157.30059
17182.23872
16055.65698
14874.14059
13701.02662
12570.73824
11498.16614
10486.72542
9533.790424
8633.953331
7780.83346
6968.014253
6189.48549
5439.816511
4714.189024
4008.360587
3318.597045
2641.59387
1974.396161
1314.321514
658.8870586
5.740447421
-0.07007902543
-0.07223564622
-0.07439226628
-0.07654888634
-0.07870550637
-0.08086212639
-0.08301874641
-0.08517536641
-0.7540304231
-1.416738342
-2.121769316
-2.677681251
-3.358425405
-3.249286873
-3.362462875
984.4570636
17969.65871
17733.36938
17149.32444
16330.47297
15367.36771
14333.15682
13280.86443
12244.41797
11242.71497
10284.26527
9371.068778
8501.396427
7671.606302
6877.251037
6113.712052
5376.536286
4661.593693
3965.13077
3283.766199
2614.455912
1954.443207
1301.202469
652.3809303
5.74044742
-0.07007902544
-0.07223564622
-0.07439226628
-0.07654888634
-0.07870550637
-0.08086212639
-0.0830187464
-0.0851753664
-0.6031725767
-1.195728192
-1.82074932
-2.220232234
-3.047605229
-2.631147934
-3.28916326
1441.111045
17265.15716
16949.28667
16376.15981
15622.96946
14750.19529
13810.26746
12844.87046
11883.36955
10944.02754
10036.57059
9164.843065
8328.978425
7526.965943
6755.693054
6011.596116
5291.042253
4590.536215
3906.8179
3236.893903
2578.030644
1927.725977
1283.669351
643.696303
5.74044742
-0.07007902546
-0.07223564621
-0.07439226628
-0.07654888633
-0.07870550637
-0.08086212639
-0.0830187464
-0.0851753664
-0.5341691079
-1.038696785
-1.766934403
-2.007260195
-2.978974874
-2.238751299
-3.474153777
2078.976147
16973.37867
16424.05363
15783.06426
15035.0583
14200.18724
13312.85933
12404.99408
11500.17767
10613.47276
9753.16612
8922.775367
8122.72982
7351.607681
6606.980433
5885.957531
5185.519435
4502.708215
3834.725714
3178.973455
2533.056868
1894.768283
1262.057723
632.9970142
5.740447419
-0.07007902547
-0.07223564621
-0.07439226628
-0.07654888633
-0.07870550636
-0.08086212638
-0.0830187464
-0.0851753664
-0.3776809547
-0.8230957763
-1.463799974
-1.553563469
-2.533639045
-2.066488205
-3.677335511
2934.970124
16820.68862
15991.95078
15296.99076
14534.02025
13702.64628
12836.00031
11962.08264
11098.89023
10256.53796
9439.865843
8650.38366
7887.579471
7149.776149
6434.684581
5739.754298
5062.388472
4400.068371
3750.417983
3111.229677
2480.465015
1856.24005
1236.801269
620.4960966
5.740447419
-0.07007902548
-0.07223564621
-0.07439226628
-0.07654888633
-0.07870550636
-0.08086212638
-0.0830187464
-0.0851753664
-0.3649177559
-0.8365087008
-1.714920832
-1.807902401
-3.030313444
-2.448251502
-5.208067695
3128.364007
15554.58849
15427.34831
14878.93286
14101.39322
13240.3873
12366.42532
11508.45982
10676.77869
9873.941253
9099.39555
8351.334867
7627.449592
6925.254151
6242.248234
5576.006429
4924.23016
4284.775345
3655.662574
3035.074393
2421.343273
1812.933074
1208.416215
606.4481708
5.740447418
-0.0700790255
-0.07223564621
-0.07439226627
-0.07654888633
-0.07870550636
-0.08086212638
-0.0830187464
-0.0851753664
-0.3300782217
-0.7043150979
-1.282162024
-1.121291866
-1.099909058
-3.748680268
-8.054968132
3358.907143
14389.25558
15285.25779
14690.00395
13752.24013
12791.09369
11880.86719
11028.5677
10225.84027
9463.071561
8732.460341
8028.131499
7345.650974
6681.5636
6033.068209
5397.812458
4773.768384
4159.156459
3552.396716
2952.07403
2356.910361
1765.740202
1177.487381
591.1424691
5.740447418
-0.07007902551
-0.07223564621
-0.07439226627
-0.07654888633
-0.07870550636
-0.08086212638
-0.0830187464
-0.0851753664
-0.1096737103
-0.6383769796
-1.362198084
-2.372510592
-1.834098514
-3.968126578
-14.47216797
10844.96452
18536.62837
16634.08546
14843.58904
13426.47858
12290.88993
11337.39583
10499.11958
9734.960784
9020.063528
8339.262946
7683.100541
7045.480074
6422.301725
5810.668598
5208.425837
4613.892049
4025.701242
3442.707724
2863.926529
2288.493689
1715.637483
1144.655737
574.8964829
5.740447417
-0.07007902553
-0.07223564621
-0.07439226627
-0.07654888633
-0.07870550636
-0.08086212638
-0.0830187464
-0.08517536639
-0.4451600094
-0.8952764133
-3.467615564
-6.247058427
-3.09380995
37.60017786
423.7319937
29729.06999
25239.34139
17869.54202
14623.79159
12819.2043
11608.60365
10678.72006
9895.569251
9194.836992
8542.977684
7921.447271
7319.548058
6730.887581
6151.514898
5578.898253
5011.34883
4447.689928
3887.064287
3328.820152
2772.442495
2217.510158
1663.667868
1110.606791
558.0499578
5.740447417
-0.07007902554
-0.07223564621
-0.07439226627
-0.07654888633
-0.07870550636
-0.08086212638
-0.08301874639
-0.08517536639
-0.4514896715
-1.429285667
-3.696439119
-7.18233959
9.787992734
13638.01636
6213.10666
21966.27759
17985.10334
14980.46349
12962.84255
11617.94925
10645.61186
9873.325312
9209.61584
8605.85753
8035.581666
7484.020004
6942.776877
6407.027403
5873.991862
5342.07986
4810.399455
4278.471381
3746.061122
3213.079708
2679.524924
2145.446379
1610.924671
1076.058867
540.9588495
5.740447416
-0.07007902555
-0.07223564621
-0.07439226627
-0.07654888633
-0.07870550636
-0.08086212638
-0.08301874639
-0.08517536639
-0.7307851748
-1.39403241
-1.692503111
-0.989024093
7184.660047
29753.35022
23369.77834
13009.8193
10903.53101
11104.0745
10629.17966
10044.14774
9482.581236
8959.367185
8463.726786
7983.412887
7509.489977
7036.293481
6560.531683
6080.472973
5595.364673
5105.048607
4609.715519
4109.75156
3605.64422
3097.926143
2587.142858
2073.835558
1558.533216
1041.750452
523.988878
5.740447416
-0.07007902557
-0.07223564621
-0.07439226627
-0.07654888633
-0.07870550636
-0.08086212638
-0.08301874639
-0.08517536639
-0.2810229256
-0.09464319901
-1.209048803
-0.2223789615
297.8216973
1405.930915
6712.996957
9173.820858
6379.10709
7902.235947
8405.659762
8446.890176
8281.209553
8017.848769
7702.526626
7354.594326
6982.690072
6591.151128
6182.602614
5758.987392
5321.964234
4873.052751
4413.679929
3945.191456
3468.853055
2985.851238
2497.296513
2004.229535
1507.629788
1008.426112
507.5084656
5.740447416
-0.07007902558
-0.07223564621
-0.07439226627
-0.07654888633
-0.07870550636
-0.08086212638
-0.08301874639
-0.08517536639
-0.1943767509
-0.2440489837
-0.04139326511
1.180001376
5.835097289
-2.032195793
8.971291844
151.8332811
3901.85555
5720.104314
6644.340399
7056.553068
7177.529274
7128.305052
6973.951925
6749.764505
6475.54264
6163.036776
5819.759055
5450.928634
5060.470775
4651.536334
4226.777257
3788.497499
3338.740255
2879.342678
2411.974091
1938.16597
1459.337807
976.8209052
491.8810304
5.740447415
-0.07007902559
-0.07223564621
-0.07439226627
-0.07654888633
-0.07870550636
-0.08086212638
-0.08301874639
-0.08517536639
-0.1928235656
-0.05320508687
0.3444640821
0.8270413237
3.337295362
0.2226193542
6.564197932
-61.5768019
2928.954489
4431.995551
5395.051538
5957.46152
6244.060621
6343.903564
6315.226609
6194.985525
6006.696544
5765.712295
5482.48663
5164.515884
4817.472281
4445.862434
4053.412377
3643.297148
3218.282696
2780.81854
2333.102835
1877.132047
1414.74196
947.6437019
477.4567927
5.740447415
-0.0700790256
-0.07223564621
-0.07439226627
-0.07654888633
-0.07870550636
-0.08086212638
-0.08301874639
-0.08517536639
-0.456484065
-0.4027855996
-0.1429297944
0.09367871957
1.553430603
0.3750452957
3.654805288
160.3210382
2546.430702
3683.882417
4546.415434
5134.189785
5497.35929
5688.035125
5748.080144
5708.270384
5590.562624
5410.646879
5179.977403
4907.194282
4599.058183
4261.046427
3897.729606
3513.011998
3110.289641
2692.559277
2262.4982
1822.526909
1374.861539
921.5600308
464.5643775
5.740447415
-0.07007902562
-0.07223564621
-0.07439226627
-0.07654888633
-0.07870550636
-0.08086212638
-0.08301874639
-0.08517536639
-0.9276730421
-1.035750102
-1.008803426
-1.019631974
0.1758488093
-0.7301128283
-0.09527139428
103.6934678
2221.844172
3210.696101
3972.544626
4535.531804
4923.162655
5162.810311
5280.802735
5299.468757
5236.653237
5106.352542
4919.599673
4685.243702
4410.537677
4101.552978
3763.464362
3400.747362
3017.319177
2616.643864
2201.815148
1775.625178
1340.62435
899.1752382
453.5025462
5.740447415
-0.07007902562
-0.07223564621
-0.07439226627
-0.07654888633
-0.07870550636
-0.08086212638
-0.08301874639
-0.08517536639
-1.619524073
-1.912108103
-2.218122734
-2.573392635
-3.137572214
-4.361712464
4.234895213
60.64087307
2262.691683
2964.517076
3597.541778
4112.238941
4496.959943
4759.253126
4912.865598
4972.163844
4950.245305
4858.527504
4706.842669
4503.660993
4256.313586
3971.180767
3653.844041
3309.209421
2941.610138
2554.894708
2152.504467
1737.543417
1312.84236
881.0186204
444.532369
5.740447415
-0.07007902563
-0.07223564621
-0.07439226627
-0.07654888633
-0.07870550636
-0.08086212638
-0.08301874639
-0.08517536639
-2.552923914
-3.683912251
-3.96722184
-3.969887604
-1.058850434
-6.510289324
-13.06833236
572.8098638
2326.911188
2787.153165
3340.872987
3818.930786
4193.195423
4464.38869
4639.25626
4726.090649
4733.652713
4670.686434
4545.599915
4366.261595
4139.892442
3873.029614
3571.537973
3240.65141
2885.031239
2508.832899
2115.775424
1709.210539
1292.189782
867.528985
437.8700619
5.740447415
-0.07007902564
-0.07223564621
-0.07439226627
-0.07654888633
-0.07870550636
-0.08086212638
-0.08301874639
-0.08517536639
-3.072713679
-3.962756158
-5.928235457
-6.173211747
-19.9419324
-27.00422064
1330.517434
909.4817284
1470.38624
2516.311206
3159.872534
3629.42405
3992.51234
4265.861729
4453.693463
4559.304504
4587.604311
4544.982314
4438.626096
4275.910284
4063.982201
3809.524177
3518.642959
3196.842022
2849.044208
2479.642445
2092.564331
1691.342172
1279.183796
859.041842
433.6806073
5.740447414
-0.07007902565
-0.07223564621
-0.07439226627
-0.07654888633
-0.07870550636
-0.08086212638
-0.08301874639
-0.08517536639
-5.060081103
-12.03338137
-12.873067
-7.704705753
3.768387518
18.74959108
198.4162726
36.88999132
1682.631733
2647.836527
3152.88799
3546.388552
3881.57799
4152.863981
4350.364491
4469.844034
4512.493217
4483.028785
4388.028618
4234.788048
4030.618672
3782.458431
3496.683452
3179.044207
2834.674509
2468.140254
2083.507551
1684.418438
1274.167784
855.7782573
432.0722068
5.740447414
-0.07007902565
-0.07223564621
-0.07439226627
-0.07654888633
-0.07870550636
-0.08086212638
-0.08301874639
-0.08517536639
-3.782846162
-9.108676391
-12.39981604
-11.51468878
-12.50095695
0.3836321557
136.6723955
4090.901093
3966.297707
3239.562802
3257.460262
3521.671989
3834.556704
4113.663019
4325.069318
4457.227973
4509.510762
4486.626939
4395.687859
4244.610933
4041.262256
3793.023414
3506.603541
3187.991138
2842.482392
2474.748109
2088.917179
1688.664454
1277.296898
857.8353937
433.0916111
5.740447414
-0.07007902566
-0.07223564621
-0.07439226627
-0.07654888633
-0.07870550636
-0.08086212638
-0.08301874639
-0.08517536639
-4.543143992
-5.774250475
-6.432859574
-5.641253303
-8.21695196
-6.855494967
4787.225053
6146.741058
4158.212473
3086.665416
3115.723994
3448.290028
3821.323164
4142.173045
4379.034261
4524.501376
4581.709427
4558.295849
4463.500871
4306.721473
4096.811793
3841.784925
3548.731014
3223.848278
2872.528472
2499.463898
2108.758345
1704.033314
1288.526076
865.1789255
436.720454
5.740447414
-0.07007902566
-0.07223564621
-0.07439226627
-0.07654888633
-0.07870550636
-0.08086212638
-0.08301874639
-0.08517536639
-1.748197918
-6.334757041
-9.675105405
-6.873501849
-3.389176823
-2.163830727
2.914549995
-16.89717988
635.8667297
1833.168385
2670.48568
3334.448229
3860.281879
4254.682306
4524.405415
4680.04695
4734.543681
4701.361126
4593.313759
4421.977788
4197.493887
3928.588529
3622.701708
3286.155939
2924.331618
2541.831654
2142.62849
1730.192204
1307.60115
877.6378093
442.8728429
5.740447414
-0.07007902566
-0.07223564621
-0.07439226627
-0.07654888633
-0.07870550636
-0.08086212638
-0.08301874639
-0.08517536639
-0.2730972314
-7.429616235
-11.77032063
-9.831343146
-6.64929006
-4.798471966
-2.482671631
-5.346056414
-1735.474472
940.0687727
2398.607068
3358.742206
4030.682413
4491.878948
4783.869858
4936.749831
4975.070552
4919.305486
4786.430038
4590.396946
4342.612283
4052.388129
3727.345253
3373.755152
2996.822323
2600.913285
2189.741007
1766.513485
1334.054349
894.9022523
451.3946174
5.740447414
-0.07007902566
-0.07223564621
-0.07439226627
-0.07654888633
-0.07870550636
-0.08086212638
-0.08301874639
-0.08517536639
0.4042120316
-5.099874868
-6.906896197
-5.982209759
-4.120798003
-2.838481056
-1.264705704
-3.280241215
-185.9161801
1263.738663
2625.122073
3671.237564
4411.834741
4898.290627
5182.456519
5308.023881
5309.695946
5214.373804
5042.718012
4810.581915
4530.184411
4211.020415
3860.549383
3484.709613
3088.300745
2675.268486
2248.917735
1812.073781
1367.206179
916.5260507
462.0648189
5.740447414
-0.07007902566
-0.07223564621
-0.07439226627
-0.07654888633
-0.07870550636
-0.08086212637
-0.08301874639
-0.08517536639
0.1403688523
-2.468770248
-3.534818201
-3.488706084
-2.908448998
-2.307309217
-1.26960284
-5.174206115
-5.310704604
1675.180428
3166.898379
4289.257236
5047.136019
5507.001062
5739.652545
5803.204771
5741.32792
5585.788921
5359.49985
5079.042031
4756.53677
4400.97319
4019.13511
3616.245219
3196.413645
2762.95215
2318.596323
1865.664873
1406.176007
941.9346328
474.5999773
5.740447414
-0.07007902565
-0.07223564621
-0.07439226627
-0.07654888632
-0.07870550635
-0.08086212637
-0.08301874639
-0.08517536639
-0.1008471143
-1.309758494
-1.798840345
-1.63616138
-1.522093764
-0.700361328
-0.7067761408
-3.591256104
-12.44910866
2275.433677
4078.019145
5271.762571
5980.458347
6342.933315
6465.958032
6423.826023
6266.634071
6027.966736
5730.463412
5389.562781
5015.960666
4617.213401
4198.785007
3764.734096
3318.167133
2861.539736
2396.858858
1925.82025
1449.903595
970.4400219
488.6617451
5.740447414
-0.07007902565
-0.0722356462
-0.07439226627
-0.07654888632
-0.07870550635
-0.08086212637
-0.08301874639
-0.08517536639
-0.1235782401
-0.7922122847
-0.9787656755
-0.8053155823
-0.9039491086
0.3567841602
-0.2533177817
-6.403910739
-860.9555238
3359.102597
5597.969423
6739.320718
7260.008327
7418.323914
7357.429259
7159.517505
6873.426839
6528.992379
6144.83651
5732.797523
5300.542292
4853.147079
4394.069229
3925.750105
3449.991269
2968.189982
2481.487084
1990.860236
1497.183115
1001.263474
503.8681835
5.740447415
-0.07007902564
-0.0722356462
-0.07439226627
-0.07654888632
-0.07870550635
-0.08086212637
-0.08301874639
-0.08517536638
-0.08484492615
-0.4509444937
-0.5089829243
-0.05626102508
-0.224754666
0.06547754287
1.078564189
6.486919774
1951.370631
6421.032364
8215.40228
8827.547839
8901.936007
8712.932494
8385.926482
7983.397919
7538.574194
7069.750676
6587.104315
6096.260381
5600.275844
5100.775107
4598.605945
4094.216376
3587.867581
3079.750575
2570.046829
2058.956724
1546.70991
1033.565765
519.8086305
5.740447415
-0.07007902564
-0.0722356462
-0.07439226626
-0.07654888632
-0.07870550635
-0.08086212637
-0.08301874638
-0.08517536638
-0.03299061852
-0.3591128141
-0.522151592
0.8446961737
-1.237251879
6.94982156
6.859406162
1837.815262
10022.23943
12158.45952
12015.062
11453.53794
10807.26181
10145.55086
9489.954844
8849.583144
8227.731725
7624.342614
7037.580812
6464.875206
5903.536986
5351.082693
4805.373721
4264.651885
3727.521331
3192.906185
2660.00009
2128.215806
1597.138529
1066.484057
536.0616046
5.740447415
-0.07007902563
-0.0722356462
-0.07439226626
-0.07654888632
-0.07870550635
-0.08086212637
-0.08301874638
-0.08517536638
0.01672171876
-0.2949485429
-0.01562529724
1.832522511
1.95074577
-5.264634924
725.6711549
28296.18058
30787.11632
20173.10121
16232.84733
14164.28448
12728.02822
11572.06084
10578.76708
9697.257197
8898.436656
8162.317382
7474.011628
6822.133422
6197.924993
5594.6555
5007.164449
4431.505593
3864.668395
3304.360555
2748.838281
2196.773416
1647.148571
1099.173165
552.2146776
5.740447415
-0.07007902562
-0.0722356462
-0.07439226626
-0.07654888632
-0.07870550635
-0.08086212636
-0.08301874638
-0.08517536638
-0.05706107181
-1.099249418
-2.230630024
-3.581895777
-9.394217272
-16.35836021
-37.9947358
9404.171753
24860.07212
21513.64982
18578.94295
16242.72876
14368.51124
12835.90324
11555.80284
10462.25028
9506.449304
8652.488112
7874.024812
7151.732043
6471.384254
5822.459815
5197.132507
4589.546596
3995.294335
3411.036712
2834.225395
2262.896204
1695.513142
1130.848025
567.8848038
5.740447416
-0.07007902561
-0.0722356462
-0.07439226626
-0.07654888631
-0.07870550634
-0.08086212636
-0.08301874638
-0.08517536638
-0.177162128
-1.199296313
-2.326201679
-3.161782336
-6.652368515
-6.920573272
-23.05512059
4022.449254
22166.03008
22443.58515
20326.54767
17859.18
15667.38963
13847.24437
12346.29812
11089.49982
10012.63073
9067.169971
8217.876881
7439.395323
6713.42978
6026.676383
5369.368157
4734.262402
4115.933399
3510.273486
2914.136336
2325.077741
1741.163497
1160.823499
582.737297
5.740447416
-0.0700790256
-0.07223564619
-0.07439226626
-0.07654888631
-0.07870550634
-0.08086212636
-0.08301874637
-0.08517536637
-0.3176586369
-1.11632394
-2.052282301
-2.965878277
-4.915844354
-6.036612993
-12.0394418
4050.339385
25998.46664
25771.68968
22424.48468
19200.05799
16594.62729
14539.39227
12892.65213
11536.82754
10387.41181
9385.692676
8490.926322
7674.551683
6916.272225
6201.456627
5519.409821
4862.209431
4223.910693
3599.994017
2986.974326
2382.119518
1783.243118
1188.547544
596.5015983
5.740447417
-0.07007902559
-0.07223564619
-0.07439226625
-0.07654888631
-0.07870550634
-0.08086212636
-0.08301874637
-0.08517536637
-0.3764957728
-0.8839682892
-1.5301332
-2.257754155
-3.123101074
-3.831468946
-5.863488845
10661.43265
31152.30273
32220.70041
24399.65112
19921.94278
16971.67336
14823.05058
13148.09675
11777.75329
10614.50381
9597.270627
8685.592445
7851.621427
7075.659351
6343.476429
5644.61308
4971.262343
4317.51284
3678.823717
3051.652723
2433.187225
1821.145231
1213.624197
608.982204
5.740447417
-0.07007902558
-0.07223564619
-0.07439226625
-0.07654888631
-0.07870550634
-0.08086212635
-0.08301874637
-0.08517536637
-0.2433174477
-0.559407633
-0.9237549594
-1.434209111
-1.987289703
-2.994836141
-2.14226309
1017.638991
25803.16016
30386.59902
23031.43789
19116.39022
16547.07675
14633.04488
13098.93677
11811.59153
10695.58659
9703.301165
8802.559315
7970.6903
7191.275382
6452.184554
5744.31131
5060.721151
4396.061148
3746.141118
3107.630635
2477.835543
1854.529539
1235.823933
620.0636205
5.740447417
-0.07007902556
-0.07223564619
-0.07439226625
-0.0765488863
-0.07870550633
-0.08086212635
-0.08301874637
-0.08517536637
-0.09230107915
-0.35799801
-0.5486066317
-0.9022065459
-1.096285352
-1.317841773
-0.913815254
0.901065963
4716.322693
17677.15206
18223.25899
16965.10346
15467.20215
14063.11996
12803.0193
11674.09556
10652.95657
9717.795295
8850.660816
8037.312696
7266.574957
6529.682588
5819.733658
5131.256574
4459.875694
3802.05451
3154.897926
2515.998697
1883.316454
1255.080408
629.708899
5.740447418
-0.07007902555
-0.07223564618
-0.07439226625
-0.0765488863
-0.07870550633
-0.08086212635
-0.08301874636
-0.08517536636
-0.02793541349
-0.249675922
-0.3289126602
-0.5028572986
-0.5411589148
-0.5527902603
-0.3513884525
2.026918122
3116.469195
13798.92479
15221.21154
15053.56337
14293.51177
13349.2178
12375.92996
11428.82062
10524.35518
9664.269414
8844.983022
8061.331935
7308.036417
6580.244321
5873.691025
5184.702249
4510.136469
3847.308594
3193.912425
2547.948622
1907.660056
1271.474291
637.9520833
5.740447418
-0.07007902554
-0.07223564618
-0.07439226624
-0.0765488863
-0.07870550633
-0.08086212635
-0.08301874636
-0.08517536636
-0.008767157555
-0.1829081332
-0.2112159935
-0.3200874812
-0.269014286
-0.1877542239
0.01049132753
1.608448127
3489.563914
13520.41114
13809.55906
13734.42883
13304.06694
12664.31356
11922.66697
11140.90725
10351.38015
9569.950592
8803.676636
8055.00248
7324.001375
6609.574064
5910.090428
5223.731102
4548.665016
3883.136047
3225.498941
2574.226923
1927.903629
1285.20649
644.8856237
5.740447419
-0.07007902552
-0.07223564618
-0.07439226624
-0.0765488863
-0.07870550633
-0.08086212634
-0.08301874636
-0.08517536636
-0.01161659929
-0.1185568069
-0.1275943915
-0.1710746394
-0.1215852046
-0.04711842225
0.1339297336
1.009104387
3293.22335
12522.96659
12762.01439
12770.52801
12524.01662
12081.3064
11509.52168
10860.76646
10170.3133
9460.482309
8744.776869
8031.00656
7323.39916
6623.966648
5933.371796
5251.472631
4577.6619
3911.076525
3250.724595
2595.559989
1944.523723
1296.564224
650.6443702
5.740447419
-0.07007902551
-0.07223564618
-0.07439226624
-0.07654888629
-0.07870550632
-0.08086212634
-0.08301874636
-0.08517536636
-0.006768697122
-0.07613421295
-0.08214156848
-0.105956219
-0.09176100581
-0.02286346181
0.0574924763
0.5948126771
2703.446002
11543.56924
11945.44385
12061.65416
11940.16798
11627.37742
11173.35123
10622.32856
10008.62975
9356.894375
8683.948155
8000.854078
7314.628427
6629.527827
5947.9635
5271.131417
4599.438683
3932.788274
3270.76701
2612.768083
1958.069636
1305.884058
655.3880518
5.74044742
-0.0700790255
-0.07223564617
-0.07439226624
-0.07654888629
-0.07870550632
-0.08086212634
-0.08301874635
-0.08517536635
-0.004256463617
-0.04423113827
-0.05348641157
-0.06111030879
-0.1034286936
-0.02497080445
-0.2366511562
0.3260787016
2197.849968
11055.16451
11415.12133
11590.47866
11547.62647
11314.68757
10934.18143
10446.57153
9884.987997
9274.522969
8633.273272
7973.839298
7304.738784
6631.558759
5957.828762
5285.65634
4616.178215
3949.87544
3286.79104
2626.678957
1969.105178
1313.516008
659.2841681
5.74044742
-0.07007902549
-0.07223564617
-0.07439226623
-0.07654888629
-0.07870550632
-0.08086212634
-0.08301874635
-0.08517536635
0.001474537763
-0.01895434729
-0.03664622271
-0.01981535479
-0.1387900457
-0.03481468141
-0.3795822051
0.4033499899
1906.746805
10515.13142
11069.92707
11337.51444
11345.17426
11149.5683
10802.11935
10344.79266
9810.232777
9222.941676
8600.78841
7956.496961
7298.934569
6634.145471
5966.142048
5297.492271
4629.747309
3963.748644
3299.846577
2638.05468
1978.158525
1319.792255
662.4929725
5.740447421
-0.07007902548
-0.07223564617
-0.07439226623
-0.07654888629
-0.07870550632
-0.08086212633
-0.08301874635
-0.08517536635
0.01064667044
0.006417019024
-0.007598477062
0.01854625782
-0.1272460704
-0.1728659536
-0.9655225344
0.5179351442
1599.463682
10007.89881
11012.22487
11344.47946
11345.99028
11136.29528
10779.93881
10320.25137
9788.213653
9206.22781
8590.447269
7952.431254
7300.362761
6639.952109
5975.1071
5308.428519
4641.574862
3975.529522
3310.79564
2647.537702
1985.68432
1325.003085
665.1557966
5.740447421
-0.07007902546
-0.07223564617
-0.07439226623
-0.07654888628
-0.07870550631
-0.08086212633
-0.08301874635
-0.08517536635
0.02152048034
0.04674876849
0.04965726051
0.07446585674
-0.06747210656
0.1860223473
-0.895685927
3.490398048
3545.139139
11619.84551
11627.04058
11682.18988
11558.01449
11269.6869
10861.09309
10368.06467
9816.147416
9223.313751
8602.346967
7962.423519
7310.138614
6650.198515
5985.910962
5319.544814
4652.598698
3986.003072
3320.272328
2655.619106
1992.040212
1329.381481
667.3874295
5.740447421
-0.07007902545
-0.07223564617
-0.07439226623
-0.07654888628
-0.07870550631
-0.08086212633
-0.08301874635
-0.08517536635
0.03938251248
0.04079506848
0.1566568168
0.4169157588
0.4974249574
-0.7996935526
-2.289989268
10.31798539
5209.543716
11638.2514
12192.19014
12199.2266
11934.19324
11523.34772
11026.68565
10474.77102
9885.002202
9268.537765
8633.208522
7984.782554
7327.574982
6664.797613
5998.79849
5331.245891
4663.276493
3995.615731
3328.674936
2662.629009
1997.478106
1333.096653
669.2727127
5.740447422
-0.07007902544
-0.07223564616
-0.07439226623
-0.07654888628
-0.07870550631
-0.08086212633
-0.08301874634
-0.08517536634
0.04518362365
0.08546629037
0.1687063953
0.1867911304
-0.01337279036
-3.139662222
-9.142847315
-0.6293989497
3413.776054
12815.78093
13302.72455
12988.33428
12456.18633
11862.82799
11247.53428
10619.33559
9980.557076
9332.631391
8677.171839
8015.928342
7350.5863
6682.623544
6013.244413
5343.368428
4673.649957
4004.512271
3336.185995
2668.746612
2002.148631
1336.255714
670.8670134
5.740447422
-0.07007902544
-0.07223564616
-0.07439226622
-0.07654888628
-0.07870550631
-0.08086212633
-0.08301874634
-0.08517536634
0.04544143525
-0.162490277
-0.07480511005
-0.3897673576
-0.9660369445
-5.982070646
-13.74808461
1152.849559
16245.17353
16866.18703
15214.14917
13995.20115
13039.39204
12224.24656
11481.29139
10774.48393
10085.26348
9404.263561
8726.923991
8051.177668
7376.223336
6701.870781
6028.191964
5355.337968
4683.446795
4012.601117
3342.813359
2674.025439
2006.1161
1338.911908
672.1998479
5.740447422
-0.07007902543
-0.07223564616
-0.07439226622
-0.07654888628
-0.07870550631
-0.08086212633
-0.08301874634
-0.08517536634
0.02545354202
0.003593311855
0.02202879881
0.01412813083
0.2469699634
1.399296257
-1.576102783
13987.15229
18154.84091
20581.41871
16692.40924
14738.93088
13481.9363
12513.47767
11678.90421
10912.04912
10181.75362
9472.239953
8775.087663
8085.639865
7401.263464
6720.44908
6042.319331
5366.349065
4692.202164
4019.635637
3348.443978
2678.428225
2009.38036
1341.077278
673.2806685
5.740447422
-0.07007902542
-0.07223564616
-0.07439226622
-0.07654888628
-0.07870550631
-0.08086212633
-0.08301874634
-0.08517536634
-0.006328036935
-0.1087787616
-0.07061033782
-0.293948972
-0.4063547209
-2.086993575
-0.7490797442
7845.35084
18944.85168
18010.64883
16235.17636
14786.17559
13635.94682
12668.82647
11808.80201
11013.05853
10257.46611
9527.859448
8815.551501
8115.03541
7422.74633
6736.347425
6054.291732
5375.541051
4699.381066
4025.298772
3352.90169
2681.865583
2011.901717
1342.737445
674.1057292
5.740447423
-0.07007902542
-0.07223564616
-0.07439226622
-0.07654888628
-0.07870550631
-0.08086212633
-0.08301874634
-0.08517536634
0.0007544925027
0.03065098587
0.07988906455
0.1268509064
0.3846521039
0.5025906424
121.6517588
16929.48779
16772.18228
16228.1311
15451.47187
14534.6499
13606.85119
12717.08221
11874.42213
11073.92066
10307.19698
9566.184616
8844.228046
8136.208595
7438.343676
6747.90714
6062.963533
5382.146494
4704.486085
4029.280091
3356.00135
2684.233101
2013.625315
1343.866292
674.6649717
5.740447423
-0.07007902543
-0.07223564616
-0.07439226622
-0.07654888628
-0.07870550631
-0.08086212633
-0.08301874634
-0.08517536634
-0.01237987844
-0.02210962494
0.009501476994
-0.09467107502
-0.02152442825
-0.2087459807
2.026350821
2714.913928
12998.44754
14678.21977
14807.93116
14294.10267
13539.72811
12718.23187
11897.88695
11101.00873
10331.22061
9585.45831
8858.971959
8147.231823
7446.51722
6753.978425
6067.513095
5385.599378
4707.140424
4031.337485
3357.593386
2685.44251
2014.501954
1344.438653
674.9480245
5.740447423
-0.07007902544
-0.07223564617
-0.07439226622
-0.07654888628
-0.07870550631
-0.08086212633
-0.08301874634
-0.08517536634
)
;

boundaryField
{
    lowerWall
    {
        type            calculated;
        value           nonuniform List<scalar> 
80
(
-0.08625367654
-0.08625367654
-0.08625367654
-0.08625367653
-0.08625367653
-0.08625367653
-0.08625367652
-0.08625367652
-0.08625367651
-0.08625367651
-0.0862536765
-0.0862536765
-0.08625367649
-0.08625367648
-0.08625367648
-0.08625367647
-0.08625367646
-0.08625367646
-0.08625367645
-0.08625367645
-0.08625367644
-0.08625367644
-0.08625367643
-0.08625367643
-0.08625367642
-0.08625367642
-0.08625367641
-0.08625367641
-0.08625367641
-0.0862536764
-0.0862536764
-0.0862536764
-0.0862536764
-0.0862536764
-0.0862536764
-0.0862536764
-0.0862536764
-0.0862536764
-0.0862536764
-0.0862536764
-0.0862536764
-0.0862536764
-0.0862536764
-0.0862536764
-0.0862536764
-0.0862536764
-0.0862536764
-0.0862536764
-0.08625367639
-0.08625367639
-0.08625367639
-0.08625367639
-0.08625367639
-0.08625367639
-0.08625367639
-0.08625367639
-0.08625367638
-0.08625367638
-0.08625367638
-0.08625367638
-0.08625367638
-0.08625367637
-0.08625367637
-0.08625367637
-0.08625367637
-0.08625367636
-0.08625367636
-0.08625367636
-0.08625367636
-0.08625367635
-0.08625367635
-0.08625367635
-0.08625367635
-0.08625367635
-0.08625367634
-0.08625367634
-0.08625367634
-0.08625367634
-0.08625367634
-0.08625367634
)
;
    }
    atmosphere
    {
        type            calculated;
        value           nonuniform List<scalar> 
80
(
0
-0.5364748234
-0.07426639543
-0.1364483549
-0.01514663463
-0.005875708394
-2.1676637e-05
0
0
0
0
0
-3.934248437e-05
-0.0002350588114
0
0
0
0
-0.0004779913792
-5.100928516e-05
-0.02108924818
-0.006983931909
-0.01221835258
-0.1376944218
-0.3060679775
-0.4330316831
-0.5149845432
-0.554346687
-0.5352601355
-0.4582083327
-0.3258449143
-0.1953605121
-0.09286783555
-0.1167660362
-0.06584849941
-0.0212554938
0
0
-0.04030614444
-0.02453328803
-0.1350223805
-0.2776541131
-0.5471566249
-0.9449151439
-1.554637749
-2.25105269
-2.431360224
-2.808605674
0
0
0
0
0
-0.0003517609343
-0.0002433653938
0
0
0
0
-0.0001629473218
-0.02682071168
-0.07025831807
-0.02518852397
0
0
-3.57431824e-07
-0.005486834882
-0.007924770574
-0.008789276883
-0.005508132669
-0.003000200877
-0.0003905812934
0
0
0
0
0
0
0
0
)
;
    }
    rightWall
    {
        type            empty;
    }
    leftWall
    {
        type            empty;
    }
    frontAndBack
    {
        type            calculated;
        value           nonuniform List<scalar> 
80
(
-1.047323053
2.207349453
1041.202733
5.101641824
1.561848074
2.071521138
12264.98403
23977.54971
23390.44437
18696.48618
15706.31321
13679.86868
12201.24092
11045.7745
10089.97416
9263.18106
8522.950652
7842.503925
7204.18149
6595.904996
6009.180034
5437.914759
4877.686854
4325.267463
3778.298986
3235.068997
2694.346537
2155.260259
1617.205369
1079.770658
542.6795148
5.740447415
-0.07007902554
-0.07223564635
-0.07439226641
-0.07654888647
-0.0787055065
-0.08086212652
-0.08301874654
-0.08517536653
-0.01237987844
-0.02210962494
0.009501476994
-0.09467107502
-0.02152442825
-0.2087459807
2.026350821
2714.913928
12998.44754
14678.21977
14807.93116
14294.10267
13539.72811
12718.23187
11897.88695
11101.00873
10331.22061
9585.45831
8858.971959
8147.231823
7446.51722
6753.978425
6067.513095
5385.599378
4707.140424
4031.337485
3357.593386
2685.44251
2014.501954
1344.438653
674.9480245
5.740447423
-0.07007902544
-0.07223564617
-0.07439226622
-0.07654888628
-0.07870550631
-0.08086212633
-0.08301874634
-0.08517536634
)
;
    }
}


// ************************************************************************* //
