/*--------------------------------*- C++ -*----------------------------------*\
| =========                 |                                                 |
| \\      /  F ield         | OpenFOAM: The Open Source CFD Toolbox           |
|  \\    /   O peration     | Version:  2506                                  |
|   \\  /    A nd           | Website:  www.openfoam.com                      |
|    \\/     M anipulation  |                                                 |
\*---------------------------------------------------------------------------*/
FoamFile
{
    version     2.0;
    format      ascii;
    arch        "LSB;label=32;scalar=64";
    class       volScalarField;
    location    "0.004";
    object      p_rgh;
}
// * * * * * * * * * * * * * * * * * * * * * * * * * * * * * * * * * * * * * //

dimensions      [1 -1 -2 0 0 0 0];

internalField   nonuniform List<scalar> 
3200
(
-1.046313059
2.210376071
1045.205693
5.563527487
1.570944402
2.082643394
12312.61214
24051.10247
23473.82935
18789.68118
15809.31821
13792.68368
12323.86592
11178.2095
10232.21916
9415.23606
8684.815652
8014.178925
7385.66649
6787.199996
6210.285034
5648.829759
5098.411854
4555.802463
4018.643986
3485.223997
2954.311537
2425.035259
1896.790369
1369.165658
841.8845148
314.7554474
1.121135013e-05
1.112634116e-05
1.112561195e-05
1.112496541e-05
1.112444075e-05
1.112403222e-05
1.112374499e-05
1.112360809e-05
-1.095051216
-0.05884415636
-2.797855838
-3.264227664
0.572357103
-3.377333374
9015.149201
22475.30537
20683.73337
17083.09157
14845.59298
13244.87116
12000.71093
10978.55199
10103.2224
9328.685399
8625.045439
7972.069409
7355.636373
6765.664996
6194.842242
5637.809329
5090.62002
4550.367678
4014.92081
3482.730693
2952.688211
2424.015079
1896.179503
1368.829293
841.7373445
314.7554474
1.121174136e-05
1.112634357e-05
1.112561219e-05
1.112496691e-05
1.112444081e-05
1.112403184e-05
1.112374594e-05
1.112360781e-05
1.003977083
-0.538558666
2.325105789
1.479236496
2.501425461
0.6528654348
10716.42655
10548.62521
14153.74533
14013.31788
13245.10098
12340.50879
11455.57022
10632.08398
9873.454636
9171.261785
8514.637637
7893.445018
7299.173885
6725.011219
6165.639482
5616.974683
5075.9196
4540.154264
4007.965697
3478.112075
2949.714921
2422.173372
1895.095538
1368.242841
841.4839464
314.7554474
1.121201935e-05
1.112634667e-05
1.11256144e-05
1.112496895e-05
1.112444228e-05
1.112403319e-05
1.112374744e-05
1.112360877e-05
0.07323666456
-0.04469203277
1.513381145
0.7512299672
1.627581478
-2.018407643
3262.923107
2251.254203
9731.242745
11571.25049
11780.99118
11416.50302
10848.99049
10220.77509
9587.268872
8968.290271
8368.821084
7787.923431
7222.628216
6669.592331
6125.755698
5588.555886
5055.954163
4526.387504
3998.69735
3472.056615
2945.903168
2419.882197
1893.797405
1367.569975
841.2038113
314.7554474
1.121246385e-05
1.112634966e-05
1.112561712e-05
1.112497138e-05
1.112444457e-05
1.112403551e-05
1.112374968e-05
1.112361098e-05
0.6371712707
-0.1521467856
0.9142514706
0.3144415039
-2.108814269
-3.712454589
11.85039463
8217.613155
10372.2734
10759.4536
10891.11734
10695.53181
10303.12668
9814.772663
9286.573645
8745.829757
8204.455294
7666.82313
7133.847902
6604.999384
6079.260383
5555.56398
5032.977846
4510.76714
3988.400783
3465.532995
2941.975621
2417.668679
1892.652536
1367.042996
841.0094281
314.7554474
1.121292834e-05
1.112635254e-05
1.112561994e-05
1.112497423e-05
1.112444742e-05
1.112403848e-05
1.112375268e-05
1.112361408e-05
0.1141084549
0.04523904125
0.3375756934
0.5022364926
0.3367105852
-0.05757731814
0.112996181
3082.161155
9649.211405
10203.17424
10328.50007
10171.3904
9853.224702
9448.630851
8998.441387
8524.020129
8036.369341
7541.089406
7040.965329
6537.32185
6030.74746
5521.486482
5009.649998
4495.325029
3978.626513
3459.717728
2938.813955
2416.177851
1892.111392
1366.946976
841.0388815
314.7554474
1.121345313e-05
1.11263557e-05
1.112562305e-05
1.112497752e-05
1.112445077e-05
1.112404195e-05
1.112375622e-05
1.112361772e-05
0.06072335982
-0.4540260048
0.2528387933
0.7754087164
1.342945147
1.283280278
0.1744943852
880.5032716
9407.777749
10075.53191
10048.32579
9808.315262
9489.763833
9128.100265
8734.559045
8315.460336
7875.934626
7420.223285
6951.626561
6472.600053
5984.945915
5490.00892
4988.834282
4482.278815
3971.083101
3455.915912
2937.400611
2416.130554
1892.678264
1367.601363
841.4469748
314.7554474
1.121403731e-05
1.112635936e-05
1.112562667e-05
1.112498132e-05
1.112445464e-05
1.11240459e-05
1.112376023e-05
1.112362179e-05
-0.1651859716
-0.3392357223
0.02402442133
0.7113358681
1.383151616
1.144812543
-1.909446114
2143.607709
11476.21784
10642.8438
9980.963397
9523.791218
9169.428077
8839.462973
8496.252343
8127.347898
7731.707708
7312.266101
6872.742103
6416.530771
5946.451924
5464.793233
4973.422819
4473.894987
3967.531535
3455.480429
2938.757761
2418.278421
1894.879588
1369.33981
842.3954314
314.7554474
1.121466104e-05
1.112636359e-05
1.112563087e-05
1.112498565e-05
1.112445901e-05
1.112405032e-05
1.11237647e-05
1.112362627e-05
0.2292847194
0.4214756905
-0.02366032801
-0.8739605921
-1.287076287
-0.8483711641
2.086906563
1.930271137
10092.45178
11034.66889
9708.89994
9136.468104
8824.707082
8564.086727
8283.657523
7965.991558
7611.304424
7224.414953
6810.56969
6374.354033
5919.562455
5449.313334
4966.19198
4472.36869
3969.687765
3459.734493
2943.887076
2423.35848
1899.231511
1372.489301
844.0426842
314.7554474
1.121530015e-05
1.112636835e-05
1.112563561e-05
1.112499046e-05
1.112446385e-05
1.112405519e-05
1.112376959e-05
1.112363114e-05
0.4150280844
0.6223136334
0.3579215305
-0.394581829
-0.1765756444
0.2175892998
1.198988919
0.08399497478
175.2791037
9570.32029
8683.500904
8488.483616
8428.857708
8308.534365
8108.317112
7841.676482
7523.125536
7163.543142
6770.792491
6350.778419
5908.155271
5446.72966
4969.686125
4479.721751
3979.136279
3469.900446
2953.712802
2432.049364
1906.208122
1377.349515
846.5337116
314.7554474
1.121593138e-05
1.112637359e-05
1.112564084e-05
1.112499571e-05
1.112446912e-05
1.112406045e-05
1.112377486e-05
1.112363637e-05
0.4333541341
0.7149786789
0.8421556322
0.8882149415
1.167357728
1.509392252
2.742494732
2.537063721
2.534042846
542.8812973
6572.7187
7705.116197
8093.717143
8132.890061
7999.416917
7769.291255
7475.999768
7135.862813
6758.303556
6349.837311
5915.575512
5459.788015
4986.124192
4497.717632
3997.255044
3487.035847
2969.029378
2444.93029
1916.211357
1384.173114
849.9902945
314.7554474
1.121653133e-05
1.112637924e-05
1.112564648e-05
1.112500135e-05
1.112447475e-05
1.112406607e-05
1.112378047e-05
1.112364194e-05
0.4124993211
0.906075025
1.40548876
1.768721457
2.339467585
2.602964584
4.064093503
2.896429738
6.482760013
13.20012366
5984.267308
7665.552907
8108.014937
8129.904962
7987.185141
7760.09069
7475.740604
7145.627541
6776.746335
6374.717362
5944.546658
5490.746971
5017.32817
4527.791333
4025.15037
3511.976173
2990.453576
2462.443187
1929.543032
1393.147387
854.5019374
314.7554474
1.121707801e-05
1.112638523e-05
1.112565246e-05
1.11250073e-05
1.112448069e-05
1.112407199e-05
1.112378637e-05
1.11236478e-05
0.4058243378
1.034115475
1.698620301
2.329234554
3.177852415
3.543946099
4.8990949
4.223855802
3.420724171
1067.062845
9135.507333
8864.820539
8542.894317
8291.542067
8059.343098
7808.163891
7521.264754
7194.182376
6828.361081
6427.764525
5997.171924
5541.349215
5064.673189
4570.99078
4063.59877
3545.282484
3018.380497
2484.857887
1946.379235
1404.377486
860.1176049
314.7554474
1.121755381e-05
1.112639147e-05
1.11256587e-05
1.112501351e-05
1.112448688e-05
1.112407815e-05
1.11237925e-05
1.112365389e-05
0.4291739371
1.133280855
1.979539791
2.71553073
3.99887425
4.492198166
6.638604329
5.738206588
10.53377483
5410.429076
14036.02925
10115.33576
8907.208867
8434.037815
8150.495764
7891.974494
7606.991235
7281.496885
6914.774337
6510.832551
6075.052183
5612.82879
5129.047387
4627.921211
4112.991075
3587.191917
3052.942843
2512.240553
1966.747472
1417.871663
866.8384857
314.7554474
1.121794095e-05
1.11263979e-05
1.112566513e-05
1.11250199e-05
1.112449324e-05
1.112408448e-05
1.11237988e-05
1.112366015e-05
0.4979823318
1.114246287
2.25777151
2.894472203
4.678748343
5.293900917
8.402077279
7.274104166
15.11921789
110.9972022
8310.880325
8653.287274
8536.576787
8386.916592
8216.642031
8002.264775
7733.247211
7410.059416
7038.429341
6625.763646
6179.400355
5705.890522
5210.789256
4698.676996
4173.271984
3637.568607
3093.973107
2544.425823
1990.507277
1433.529063
874.6121111
314.7554474
1.121822441e-05
1.112640444e-05
1.112567166e-05
1.11250264e-05
1.112449971e-05
1.112409092e-05
1.112380521e-05
1.112366652e-05
0.5723379113
1.019071635
2.359507692
2.87949556
5.149098796
5.801075487
10.01605748
8.600354095
18.44329628
33.84787058
6135.658814
7650.362108
8198.903993
8360.422349
8326.906264
8167.214437
7913.692812
7587.083927
7203.141501
6774.415833
6310.919309
5820.56748
5309.564844
4782.74686
4243.870812
3695.85473
3140.969802
2580.994097
2017.335501
1451.130974
883.3282765
314.7554474
1.121839269e-05
1.1126411e-05
1.112567823e-05
1.112503294e-05
1.112450622e-05
1.11240974e-05
1.112381166e-05
1.112367294e-05
0.6550283367
0.4255556219
2.078963472
1.54334324
4.443364153
4.341667742
9.734304675
8.017240437
25.32241919
118.5050366
6496.13224
7613.607137
8248.264003
8528.974592
8563.361781
8426.011923
8167.244598
7821.461468
7412.657707
6957.861343
6469.316911
5955.91843
5424.178153
4878.895952
4323.629171
3761.026988
3193.071896
2621.256954
2046.718345
1470.336764
892.8173605
314.7554474
1.121843523e-05
1.112641752e-05
1.112568476e-05
1.112503945e-05
1.112451271e-05
1.112410386e-05
1.112381809e-05
1.112367934e-05
0.7409040043
0.6455536043
2.507575928
2.062420609
5.338594785
5.417957827
12.52434595
7.646731407
39.18064371
280.2436052
7358.045716
8059.68435
8651.577083
8943.856616
8971.567044
8806.243736
8507.830941
8118.879711
7668.187903
7175.077445
6652.591561
6109.633922
5552.355438
4985.050627
4410.742369
3831.569428
3249.048448
2664.255152
2077.95282
1490.686048
902.8517298
314.7554474
1.121834355e-05
1.112642393e-05
1.112569119e-05
1.112504586e-05
1.11245191e-05
1.112411023e-05
1.112382444e-05
1.112368565e-05
0.8010304949
-0.9902988477
0.62337197
-2.124686056
0.8912592859
-0.5181461808
5.831634317
1.09562761
55.97804163
83.26112349
7407.049464
8615.528468
9354.51114
9623.32046
9572.820941
9319.582467
8938.973726
8478.057266
7966.157097
7421.690765
6856.36033
6277.692494
5690.580777
5098.229589
4502.739624
3905.477151
3307.311912
2708.774053
2110.160386
1511.608555
913.1508612
314.7554474
1.121810957e-05
1.112643016e-05
1.112569745e-05
1.112505211e-05
1.112452534e-05
1.112411645e-05
1.112383064e-05
1.112369183e-05
0.7209423247
0.3655260564
2.131500096
-0.1088267834
2.0820313
-5.99511896
9.967871073
-51.24797262
48.47699135
-23.09545796
6391.092206
9640.647237
10527.62726
10622.10474
10376.82619
9960.309155
9450.444012
8888.23867
8296.71332
7689.189826
7073.488403
6454.216722
5834.06702
5214.56802
4596.528679
3980.304826
3365.962546
2753.380406
2142.314776
1532.442629
923.3905573
314.7554474
1.12177289e-05
1.112643616e-05
1.11257035e-05
1.112505816e-05
1.112453138e-05
1.112412248e-05
1.112383665e-05
1.112369781e-05
0.5541043802
-1.970887545
-0.5979153188
-6.172732101
-3.822273976
-26.91707241
-57.62983228
-147.7025486
29.16657622
16.53863789
14262.77804
13020.36761
12493.21977
11960.65713
11352.08088
10694.39964
10014.27327
9327.760257
8643.288741
7964.888291
7294.208234
6631.640388
5976.923783
5329.46737
4688.521443
4053.268002
3422.867499
2796.481841
2173.284331
1552.462366
933.2161813
314.7554474
1.121719737e-05
1.112644189e-05
1.112570928e-05
1.112506395e-05
1.112453716e-05
1.112412825e-05
1.112384241e-05
1.112370355e-05
0.6292909011
0.7830388329
3.201919508
4.969218894
2.18324966
2914.891174
2952.904887
-385.706229
66.31436275
920.5975235
17207.93666
15678.05591
14464.22828
13375.23129
12376.44944
11450.94904
10584.50675
9765.260205
8983.814044
8232.887559
7506.836997
6801.233993
6112.541482
5437.876764
4774.840828
4121.395189
3475.771929
2836.406622
2201.886954
1570.912072
942.2592622
314.7554474
1.121651285e-05
1.112644731e-05
1.112571476e-05
1.112506944e-05
1.112454266e-05
1.112413374e-05
1.112384789e-05
1.112370901e-05
-0.07062426626
-1.569672147
-2.61759685
-3.836363145
-8.089512832
-28.4707674
9398.934414
25300.52726
924.3350159
5938.389238
18561.11142
18022.96924
16310.41625
14699.59836
13327.5478
12148.4552
11107.56246
10164.9798
9293.840498
8476.031758
7699.039058
6953.938189
6234.152546
5534.677927
4851.588973
4181.716829
3522.432591
2871.497146
2226.953337
1587.045428
950.1562352
314.7554474
1.121567653e-05
1.112645238e-05
1.112571989e-05
1.112507459e-05
1.112454782e-05
1.11241389e-05
1.112385304e-05
1.112371415e-05
-0.3408691403
-1.360500993
-2.495874271
-5.119628392
-9.781262058
-20.455757
-30.59597349
3764.655824
690.1318879
26582.9853
28431.98337
21542.65761
18054.88407
15785.20428
14085.69886
12707.77664
11532.32652
10493.27617
9550.556942
8678.380396
7859.369954
7081.348254
6335.47382
5615.114013
4915.139321
4231.467298
3560.758534
2900.207312
2247.392288
1600.165738
956.5676398
314.7554474
1.121469043e-05
1.112645707e-05
1.112572465e-05
1.112507937e-05
1.112455262e-05
1.112414371e-05
1.112385785e-05
1.112371895e-05
-0.623644731
-1.679972888
-2.904998705
-4.991466882
-8.552265883
-11.93612086
-13.99647492
1425.960258
24672.14914
30049.09259
25851.16596
21660.98758
18581.26692
16300.64229
14522.27787
13064.64174
11820.70958
10725.2614
9736.750785
8827.583067
7978.732704
7176.632221
6411.301747
5675.185526
4962.405919
4268.271135
3588.940911
2921.192472
2262.251159
1609.663201
961.1959177
314.7554474
1.121356202e-05
1.112646138e-05
1.112572902e-05
1.112508378e-05
1.112455704e-05
1.112414814e-05
1.112386228e-05
1.112372337e-05
-0.8149894193
-1.834395683
-3.016247418
-4.578914369
-6.75302478
-8.854120698
-9.557764952
280.1523105
25975.71995
25396.66832
23262.86445
20668.86756
18308.55861
16313.82794
14638.14113
13207.81953
11960.62759
10850.32856
9843.621279
8916.488337
8051.366279
7235.167477
6457.936676
5711.940804
4991.046405
4290.286866
3605.555354
2933.381601
2270.764989
1615.045518
963.8001138
314.7554474
1.121229925e-05
1.112646528e-05
1.112573298e-05
1.112508778e-05
1.112456106e-05
1.112415218e-05
1.112386632e-05
1.112372741e-05
-0.9017010827
-1.825235937
-2.857406091
-4.056753367
-5.371784116
-6.597840325
-6.303690656
296.4554241
22227.12459
22299.36099
21134.76129
19443.06236
17670.27748
16007.97939
14508.65334
13167.88498
11963.6713
10871.82279
9870.936608
8943.40278
8075.097643
7254.756266
6473.357915
5723.614777
4999.570471
4296.290785
3609.625705
2936.024552
2272.389887
1615.959218
964.2062634
314.7554474
1.121091378e-05
1.112646877e-05
1.112573654e-05
1.112509138e-05
1.112456468e-05
1.112415582e-05
1.112386997e-05
1.112373106e-05
-0.9121082769
-1.725528754
-2.611462817
-3.522485771
-4.422079646
-4.921104599
-4.710652549
474.2835154
20975.0915
20441.62556
19533.75913
18298.34665
16921.5168
15539.17046
14220.62323
12991.41312
11854.3678
10802.37293
9824.918671
8911.108946
8050.886769
7235.423875
6457.14523
5709.609933
4987.34812
4285.696077
3600.645593
2928.711814
2266.81887
1612.200564
962.3129287
314.7554474
1.120941997e-05
1.112647187e-05
1.112573969e-05
1.112509457e-05
1.11245679e-05
1.112415906e-05
1.112387322e-05
1.112373432e-05
-0.8547566161
-1.571731147
-2.326134765
-3.026906192
-3.710684605
-3.856134412
-3.742886201
693.7017054
19313.56261
18960.0839
18260.30559
17295.05372
16178.28198
15006.57559
13843.27162
12722.79324
11660.03114
10658.40042
9715.275424
8825.248331
7981.93846
7178.929253
6410.21049
5670.351511
4954.534024
4258.515587
3578.562045
2911.36887
2253.981161
1603.716514
958.0920586
314.7554474
1.120783347e-05
1.112647457e-05
1.112574243e-05
1.112509736e-05
1.112457072e-05
1.11241619e-05
1.112387608e-05
1.112373718e-05
-0.7530380198
-1.413761566
-2.116809557
-2.670740813
-3.349506632
-3.238388965
-3.349575242
996.6983279
18053.04368
17826.56438
17252.32944
16443.28797
15489.99271
14465.59182
13423.10943
12396.47297
11404.57997
10455.94027
9552.553778
8692.691427
7872.711302
7088.166037
6334.437052
5607.071286
4901.938693
4215.28577
3543.731199
2884.230912
2234.028207
1590.597469
951.5859303
314.7554474
1.120617202e-05
1.112647689e-05
1.112574479e-05
1.112509976e-05
1.112457316e-05
1.112416436e-05
1.112387855e-05
1.112373966e-05
-0.6021788719
-1.192747395
-1.815782494
-2.213281343
-3.038672835
-2.620234357
-3.27626127
1456.117324
17348.54215
17042.48167
16479.16481
15735.78446
14872.82029
13942.70246
12987.11546
12035.42455
11105.89254
10208.24559
9346.328065
8520.273425
7728.070943
6966.608054
6232.321116
5521.577253
4830.881215
4156.9729
3496.858903
2847.805644
2207.310977
1573.064351
942.901303
314.7554474
1.120445385e-05
1.112647885e-05
1.112574678e-05
1.112510179e-05
1.112457522e-05
1.112416644e-05
1.112388065e-05
1.112374177e-05
-0.5331736858
-1.035710687
-1.761958123
-2.000295049
-2.970023443
-2.227815335
-3.461231307
2097.30951
17056.76366
16517.24863
15886.06926
15147.8733
14322.81224
13445.29433
12547.23908
11652.23267
10775.33776
9924.84112
9104.260367
8314.02482
7552.712681
6817.895433
6106.682531
5416.054435
4743.053215
4084.880714
3438.938455
2802.831868
2174.353283
1551.452723
932.2020142
314.7554474
1.120269748e-05
1.112648049e-05
1.112574842e-05
1.112510347e-05
1.112457693e-05
1.112416818e-05
1.112388241e-05
1.112374354e-05
-0.3766834468
-0.8201032137
-1.458812011
-1.546580383
-2.524662622
-2.055521956
-3.664386899
2957.240462
16904.0736
16085.14578
15399.99576
14646.83525
13825.27128
12968.43531
12104.32764
11250.94523
10418.40296
9611.540843
8831.86866
8078.874471
7350.881149
6645.599581
5960.479298
5292.923472
4640.413371
4000.572983
3371.194677
2750.240015
2135.82505
1526.196269
919.7010966
314.7554474
1.120092058e-05
1.112648182e-05
1.112574975e-05
1.112510483e-05
1.112457831e-05
1.112416958e-05
1.112388383e-05
1.112374497e-05
-0.3639178182
-0.8335085786
-1.709919177
-1.800898078
-3.021306393
-2.437247699
-5.195088696
3152.229312
15637.97347
15520.54331
14981.93786
14214.20822
13363.0123
12498.86032
11650.70482
10828.83369
10035.80625
9271.07055
8532.819867
7818.744592
7126.359151
6453.163234
5796.731429
5154.76516
4525.120345
3905.817574
3295.039393
2691.118273
2092.518074
1497.811215
905.6531708
314.7554474
1.119914121e-05
1.112648286e-05
1.112575077e-05
1.112510588e-05
1.112457939e-05
1.112417069e-05
1.112388495e-05
1.112374611e-05
-0.329075527
-0.7013063223
-1.27714476
-1.114263336
-1.090866285
-3.737629861
-8.041952562
3384.956918
14472.64057
15378.45279
14793.00895
13865.05513
12913.71869
12013.30219
11170.8127
10377.89527
9624.936561
8904.135341
8209.616499
7536.945974
6882.6686
6243.983209
5618.537458
5004.303384
4399.501459
3802.551716
3212.03903
2626.685361
2045.325202
1466.882381
890.3474691
314.7554474
1.119737567e-05
1.112648364e-05
1.112575152e-05
1.112510666e-05
1.11245802e-05
1.112417152e-05
1.11238858e-05
1.112374698e-05
-0.1086680104
-0.6353586316
-1.357164091
-2.365456778
-1.825014756
-3.956305212
-14.45910219
10894.03387
18620.01336
16727.28046
14946.59404
13539.29358
12413.51493
11469.83083
10641.36458
9887.015784
9181.928528
8510.937946
7864.585541
7236.775074
6623.406725
6021.583598
5429.150837
4844.427049
4266.046242
3692.862724
3123.891529
2558.268689
1995.222483
1434.050737
874.1014829
314.7554474
1.119564006e-05
1.112648418e-05
1.112575203e-05
1.11251072e-05
1.112458077e-05
1.112417211e-05
1.112388641e-05
1.112374761e-05
-0.4441512465
-0.8922481659
-3.462564012
-6.239979585
-3.08468636
40.11122712
432.9948539
29801.78668
25322.72633
17962.73702
14726.79659
12932.0193
11731.22865
10811.15506
10037.81425
9346.891992
8704.842684
8093.122271
7501.033058
6922.182581
6352.619898
5789.813253
5232.07383
4678.224928
4127.409287
3578.975152
3032.407495
2487.285158
1943.252868
1400.001791
857.2549578
314.7554474
1.119394875e-05
1.112648451e-05
1.112575233e-05
1.112510753e-05
1.112458112e-05
1.112417249e-05
1.112388682e-05
1.112374803e-05
-0.4504782847
-1.426249131
-3.691371923
-7.175235513
10.71745857
13679.54099
6251.355799
22034.56159
18068.48831
15073.65849
13065.84755
11730.76425
10768.23686
10005.76031
9351.86084
8757.91253
8197.446666
7655.695004
7124.261877
6598.322403
6075.096862
5552.99486
5031.124455
4509.006381
3986.406122
3463.234708
2939.489924
2415.221379
1890.509671
1365.453867
840.1638495
314.7554474
1.119231521e-05
1.112648467e-05
1.112575245e-05
1.112510768e-05
1.11245813e-05
1.112417269e-05
1.112388704e-05
1.112374827e-05
-0.7297717536
-1.390990051
-1.687426478
-0.9819069916
7209.631862
29807.29451
23432.8934
13025.55169
10986.91593
11197.2695
10732.18466
10156.96274
9605.206236
9091.802185
8605.971786
8135.467887
7671.354977
7207.968481
6742.016683
6271.767973
5796.469673
5315.963607
4830.440519
4340.28656
3845.98922
3348.081143
2847.107858
2343.610558
1838.118216
1331.145452
823.193878
314.7554474
1.119075047e-05
1.112648467e-05
1.112575242e-05
1.112510769e-05
1.112458134e-05
1.112417276e-05
1.112388713e-05
1.112374838e-05
-0.2800075526
-0.09159557045
-1.203965186
-0.2152586259
302.7182717
1420.393051
6758.008207
9188.370166
6462.492023
7995.430947
8508.664762
8559.705176
8403.834553
8150.283769
7844.771626
7506.649326
7144.555072
6762.826128
6364.087614
5950.282392
5523.069234
5083.967751
4634.404929
4175.726456
3709.198055
3236.006238
2757.261513
2274.004535
1787.214788
1297.821112
806.7134656
314.7554474
1.118926594e-05
1.112648457e-05
1.112575229e-05
1.112510759e-05
1.112458127e-05
1.112417272e-05
1.112388712e-05
1.112374839e-05
-0.1933593824
-0.2409955559
-0.03630001097
1.187137471
5.844267958
-2.020983097
8.984644653
167.6336734
3985.240524
5813.299314
6747.345399
7169.368068
7300.154274
7260.740052
7116.196925
6901.819505
6637.40764
6334.711776
6001.244055
5642.223634
5261.575775
4862.451334
4447.502257
4019.032499
3579.085255
3129.497678
2671.939091
2207.94097
1738.922807
1266.215905
791.0860304
314.7554474
1.118787085e-05
1.112648438e-05
1.112575208e-05
1.112510742e-05
1.112458114e-05
1.112417262e-05
1.112388704e-05
1.112374833e-05
-0.1918042082
-0.05014556614
0.3495687891
0.8342003935
3.346527046
0.2339791858
6.577842263
-47.0431315
3012.339445
4525.190551
5498.056538
6070.27652
6366.685621
6476.338564
6457.471609
6347.040525
6168.561544
5937.387295
5663.97163
5355.810884
5018.577281
4656.777434
4274.137377
3873.832148
3458.627696
3030.97354
2593.067835
2146.907047
1694.32696
1237.038702
776.6617927
314.7554474
1.118657257e-05
1.112648415e-05
1.112575183e-05
1.112510721e-05
1.112458097e-05
1.112417248e-05
1.112388693e-05
1.112374824e-05
-0.4554628747
-0.3997204576
-0.1378147234
0.1008566019
1.562698279
0.3864620007
3.668482787
178.7363227
2629.815651
3777.077417
4649.420434
5247.004785
5619.98429
5820.470125
5890.325144
5860.325384
5752.427624
5582.321879
5361.462403
5098.489282
4800.163183
4471.961427
4118.454606
3743.546998
3350.634641
2942.714277
2522.4632
2092.301909
1654.446539
1210.955031
763.7693775
314.7554474
1.118537832e-05
1.11264839e-05
1.112575158e-05
1.112510701e-05
1.11245808e-05
1.112417234e-05
1.112388682e-05
1.112374815e-05
-0.9266503092
-1.032680387
-1.003680705
-1.012442482
0.1851334664
-0.7186751812
0.09854772485
120.026866
2305.229129
3303.891101
4075.549626
4648.346804
5045.787655
5295.245311
5423.047735
5451.523757
5398.518237
5278.027542
5101.084673
4876.538702
4611.642677
4312.467978
3984.189362
3631.282362
3257.664177
2866.798864
2461.780148
2045.400178
1620.20935
1188.570238
752.7075462
314.7554474
1.118429447e-05
1.112648367e-05
1.112575136e-05
1.112510683e-05
1.112458066e-05
1.112417224e-05
1.112388674e-05
1.112374809e-05
-1.618500161
-1.909035143
-2.212995692
-2.566199529
-3.128288167
-4.350286516
4.248563182
78.76733223
2346.076631
3057.712076
3700.546778
4225.053941
4619.584943
4891.688126
5055.110598
5124.218844
5112.110305
5030.202504
4888.327669
4694.955993
4457.418586
4182.095767
3874.569041
3539.744421
3181.955138
2805.049708
2412.469467
2007.318417
1592.42736
1170.41362
743.737369
314.7554474
1.118332739e-05
1.112648349e-05
1.11257512e-05
1.112510671e-05
1.112458059e-05
1.112417219e-05
1.112388673e-05
1.11237481e-05
-2.551899171
-3.680837246
-3.962093279
-3.962697552
-1.049583454
-6.498921087
-13.05483665
598.6427492
2410.296106
2880.348165
3443.877987
3931.745786
4315.820423
4596.82369
4781.50126
4878.145649
4895.517713
4842.361434
4727.084915
4557.556595
4340.997442
4083.944614
3792.262973
3471.18641
3125.376239
2758.987899
2375.740424
1978.985539
1571.774782
1156.923985
737.0750619
314.7554474
1.118248053e-05
1.11264834e-05
1.112575112e-05
1.112510668e-05
1.11245806e-05
1.112417224e-05
1.11238868e-05
1.112374819e-05
-3.071688373
-3.959679967
-5.92310709
-6.166028686
-19.93269533
-26.99297865
1347.009779
913.4316052
1553.771147
2609.506206
3262.877534
3742.23905
4115.13734
4398.296729
4595.938463
4711.359504
4749.469311
4716.657314
4620.111096
4467.205284
4265.087201
4020.439177
3739.367959
3427.377022
3089.389208
2729.797445
2352.529331
1961.117172
1558.768796
1148.436842
732.8856073
314.7554474
1.118175827e-05
1.112648339e-05
1.112575115e-05
1.112510677e-05
1.112458073e-05
1.11241724e-05
1.112388699e-05
1.112374839e-05
-5.059055415
-12.03030446
-12.86793901
-7.697526883
3.777614686
18.7608567
198.4296048
40.66422776
1766.016619
2741.031527
3255.89299
3659.203552
4004.20299
4285.298981
4492.609491
4621.899034
4674.358217
4654.703785
4569.513618
4426.083048
4231.723672
3993.373431
3717.408452
3409.579207
3075.019509
2718.295254
2343.472551
1954.193438
1553.752784
1145.173257
731.2772068
314.7554474
1.118116391e-05
1.112648351e-05
1.112575132e-05
1.112510699e-05
1.112458099e-05
1.11241727e-05
1.112388731e-05
1.112374873e-05
-3.781820161
-9.105598971
-12.39468833
-11.50751203
-12.49173254
0.3949057957
137.9123264
4135.30626
4049.682638
3332.757802
3360.465262
3634.486989
3957.181704
4246.098019
4467.314318
4609.282973
4671.375762
4658.301939
4577.172859
4435.905933
4242.367256
4003.938414
3727.328541
3418.526138
3082.827392
2724.903109
2348.882179
1958.439454
1556.881898
1147.230394
732.2966111
314.7554474
1.118070068e-05
1.112648377e-05
1.112575164e-05
1.112510736e-05
1.11245814e-05
1.112417315e-05
1.112388778e-05
1.112374922e-05
-4.542117353
-5.771171178
-6.427728766
-5.634073277
-8.207730745
-6.844269074
4817.857806
6203.77093
4241.597318
3179.860416
3218.728994
3561.105028
3943.948164
4274.608045
4521.279261
4676.556376
4743.574427
4729.970849
4644.985871
4498.016473
4297.916793
4052.699925
3769.456014
3454.383278
3112.873472
2749.618898
2368.723345
1973.808314
1568.111076
1154.573925
735.925454
314.7554474
1.118037067e-05
1.112648418e-05
1.112575212e-05
1.11251079e-05
1.112458199e-05
1.112417377e-05
1.112388842e-05
1.112374987e-05
-1.747170045
-6.331673149
-9.669963612
-6.866298103
-3.3799085
-2.152521061
4.218252354
-11.32083688
719.2516222
1926.363385
2773.49068
3447.263229
3982.906879
4387.117306
4666.650415
4832.10195
4896.408681
4873.036126
4774.798759
4613.272788
4398.598887
4139.503529
3843.426708
3516.690939
3164.676618
2791.986654
2402.59349
1999.967204
1587.18615
1167.032809
742.0778429
314.7554474
1.118017538e-05
1.112648476e-05
1.112575279e-05
1.112510862e-05
1.112458276e-05
1.112417457e-05
1.112388925e-05
1.11237507e-05
-0.2720678423
-7.426526841
-11.76516539
-9.824109114
-6.639959301
-4.7870242
-2.469072279
-5.32972648
-1652.089749
1033.263773
2501.612068
3471.557206
4153.307413
4624.313948
4926.114858
5088.804831
5136.935552
5090.980486
4967.915038
4781.691946
4543.717283
4263.303129
3948.070253
3604.290152
3237.167323
2851.068285
2449.706007
2036.288485
1613.639349
1184.297252
750.5996174
314.7554474
1.118011539e-05
1.112648552e-05
1.112575364e-05
1.112510954e-05
1.112458371e-05
1.112417555e-05
1.112389025e-05
1.112375172e-05
0.4052430602
-5.096779891
-6.901729237
-5.974953783
-4.111424136
-2.826943684
-1.250934878
-3.263957791
-102.5313109
1356.933663
2728.127073
3784.052564
4534.459741
5030.725627
5324.701519
5460.078881
5471.560946
5386.048804
5224.203012
5001.876915
4731.289411
4421.935415
4081.274383
3715.244613
3328.645745
2925.423486
2508.882735
2081.848781
1646.791179
1205.921051
761.2698189
314.7554474
1.118019046e-05
1.112648647e-05
1.112575469e-05
1.112511064e-05
1.112458485e-05
1.112417673e-05
1.112389145e-05
1.112375292e-05
0.1414014578
-2.465670069
-3.529641541
-3.481434154
-2.899049272
-2.295730937
-1.255777249
-5.157579911
78.07429424
1768.375428
3269.903379
4402.072236
5169.761019
5639.436062
5881.897545
5955.259771
5903.19292
5757.463921
5540.98485
5270.337031
4957.64177
4611.88819
4239.86011
3846.780219
3436.758645
3013.10715
2578.561323
2135.439873
1685.761007
1231.329633
773.8049773
314.7554474
1.118039931e-05
1.112648762e-05
1.112575593e-05
1.112511194e-05
1.112458619e-05
1.112417809e-05
1.112389283e-05
1.112375432e-05
-0.09981339109
-1.306654717
-1.793657497
-1.628881107
-1.512684424
-0.6887747887
-0.6929481186
-3.575089022
70.93587723
2368.628677
4181.024145
5384.577571
6103.083347
6475.368315
6608.203032
6575.881023
6428.499071
6199.641736
5911.948412
5580.857781
5217.065666
4828.128401
4419.510007
3995.269096
3558.512133
3111.694736
2656.823858
2195.59525
1729.488595
1259.835022
787.8667451
314.7554474
1.118073901e-05
1.112648894e-05
1.112575737e-05
1.112511342e-05
1.112458772e-05
1.112417965e-05
1.11238944e-05
1.112375589e-05
-0.1225441825
-0.7891076597
-0.9735825346
-0.798038739
-0.8945533279
0.3683367441
-0.2395613071
-6.387771634
-777.5705405
3452.297597
5700.974423
6852.135718
7382.633327
7550.758914
7499.674259
7311.572505
7035.291839
6700.667379
6326.32151
5924.092523
5501.647292
5064.062079
4614.794229
4156.285105
3690.336269
3218.344982
2741.452084
2260.635236
1776.768115
1290.658474
803.0731835
314.7554474
1.118120592e-05
1.112649043e-05
1.112575897e-05
1.112511509e-05
1.112458942e-05
1.112418138e-05
1.112389615e-05
1.112375764e-05
-0.08381145817
-0.4478423533
-0.5038070269
-0.04900338948
-0.2154065007
0.07691730948
1.092050802
6.740374776
2034.755514
6514.227364
8318.40728
8940.362839
9024.561007
8845.367494
8528.171482
8135.452919
7700.439194
7241.425676
6768.589315
6287.555381
5801.380844
5311.690107
4819.330945
4324.751376
3828.212581
3329.905575
2830.011829
2328.731724
1826.29491
1322.960765
819.0136305
314.7554474
1.118179513e-05
1.112649208e-05
1.112576075e-05
1.112511692e-05
1.112459129e-05
1.112418328e-05
1.112389807e-05
1.112375956e-05
-0.03195858835
-0.3560162272
-0.5169898246
0.8519204821
-1.227980792
6.961081589
7.707295324
1864.117619
10105.62438
12251.65452
12118.067
11566.35294
10929.88681
10277.98586
9632.199844
9001.638144
8389.596725
7796.017614
7219.065812
6656.170206
6104.641986
5561.997693
5026.098721
4495.186885
3967.866331
3443.061185
2919.96509
2397.990806
1876.723529
1355.879057
835.2666046
314.7554474
1.118249883e-05
1.112649389e-05
1.112576269e-05
1.112511891e-05
1.112459333e-05
1.112418534e-05
1.112390014e-05
1.112376164e-05
0.01775174298
-0.2918594752
-0.01048173161
1.839706388
1.959933068
-5.253514987
735.8626245
28368.22129
30870.50127
20266.29621
16335.85233
14277.09948
12850.65322
11704.49584
10721.01208
9849.312197
9060.301656
8333.992382
7655.496628
7013.428422
6399.029993
5805.5705
5227.889449
4662.040593
4105.013395
3554.515555
3008.803281
2466.548416
1926.733571
1388.568165
851.4196776
314.7554474
1.118330953e-05
1.112649586e-05
1.112576478e-05
1.112512105e-05
1.11245955e-05
1.112418754e-05
1.112390236e-05
1.112376385e-05
-0.0560332328
-1.096168113
-2.225503366
-3.574742734
-9.385077526
-16.3473108
-37.98190061
9440.250095
24943.45707
21606.84482
18681.94795
16355.54376
14491.13624
12968.33824
11698.04784
10614.30528
9668.314304
8824.163112
8055.509812
7343.027043
6672.489254
6033.374815
5417.857507
4820.081596
4235.639335
3661.191712
3094.190395
2532.671204
1975.098142
1420.243025
867.0898038
314.7554474
1.118421689e-05
1.112649796e-05
1.112576699e-05
1.112512331e-05
1.11245978e-05
1.112418987e-05
1.112390469e-05
1.112376618e-05
-0.1761363319
-1.196221828
-2.321088963
-3.154653932
-6.6432671
-6.909575078
-23.04235128
4046.570285
22249.41504
22536.78015
20429.55267
17971.995
15790.01463
13979.67937
12488.54312
11241.55482
10174.49573
9238.844971
8399.361881
7630.690323
6914.53478
6237.591383
5590.093157
4964.797402
4356.278399
3760.428486
3174.101336
2594.852741
2020.748497
1450.218499
881.942297
314.7554474
1.118521012e-05
1.112650016e-05
1.112576931e-05
1.112512568e-05
1.11246002e-05
1.112419229e-05
1.112390713e-05
1.112376862e-05
-0.3166345721
-1.113254849
-2.047179265
-2.958763924
-4.906758418
-6.025618665
-12.02663131
4074.274273
26081.85164
25864.88468
22527.48968
19312.87299
16717.25229
14671.82727
13034.89713
11688.88254
10549.27681
9557.367676
8672.411322
7865.846683
7117.377225
6412.371627
5740.134821
5092.744431
4464.255693
3850.149017
3246.939326
2651.894518
2062.828118
1477.942544
895.7065983
314.7554474
1.118627761e-05
1.112650245e-05
1.112577171e-05
1.112512813e-05
1.112460269e-05
1.11241948e-05
1.112390964e-05
1.112377113e-05
-0.3754730943
-0.880903284
-1.525036329
-2.2506458
-3.11401581
-3.820465691
-5.850693472
10699.59023
31235.68695
32313.89541
24502.65612
20034.75778
17094.29836
14955.48558
13290.34175
11929.80829
10776.36881
9768.945627
8867.077445
8042.916427
7276.764351
6554.391429
5865.33808
5201.797343
4557.85784
3928.978717
3311.617723
2702.962225
2100.730231
1503.019197
908.187204
314.7554474
1.118740626e-05
1.112650482e-05
1.112577417e-05
1.112513064e-05
1.112460523e-05
1.112419736e-05
1.112391221e-05
1.11237737e-05
-0.2422958293
-0.5563455956
-0.9186617113
-1.427101553
-1.978194247
-2.983790461
-2.129306582
1030.366394
25880.1584
30479.79402
23134.44289
19229.20522
16669.70175
14765.47988
13241.18177
11963.64653
10857.45159
9874.976165
8984.044315
8161.9853
7392.380382
6663.099554
5965.03631
5291.256151
4636.406148
3996.296118
3367.595635
2747.610543
2134.114539
1525.218933
919.2686205
314.7554474
1.118858234e-05
1.112650723e-05
1.112577668e-05
1.112513319e-05
1.11246078e-05
1.112419996e-05
1.112391482e-05
1.11237763e-05
-0.09128021045
-0.3549379085
-0.543515087
-0.8950971892
-1.087178369
-1.3067647
-0.9008016648
0.9159693251
4748.974113
17770.34706
18326.26399
17077.91846
15589.82715
14195.55496
12945.2643
11826.15056
10814.82157
9889.470295
9032.145816
8228.607696
7467.679957
6740.597588
6040.458658
5361.791574
4700.220694
4052.20951
3414.862926
2785.773697
2162.901454
1544.475408
928.913899
314.7554474
1.118979195e-05
1.112650967e-05
1.11257792e-05
1.112513575e-05
1.112461039e-05
1.112420256e-05
1.112391742e-05
1.11237789e-05
-0.02691501202
-0.2466168472
-0.3238213488
-0.4957445686
-0.5320398779
-0.5416836967
-0.3383135867
2.041948854
3145.659596
13892.11979
15324.21654
15166.37837
14416.13677
13481.6528
12518.17496
11580.87562
10686.22018
9835.944414
9026.468022
8252.626935
7509.141417
6791.159321
6094.416025
5415.237249
4750.481469
4097.463594
3453.877425
2817.723622
2187.245056
1560.869291
937.1570833
314.7554474
1.11910205e-05
1.112651211e-05
1.112578171e-05
1.112513829e-05
1.112461296e-05
1.112420515e-05
1.112392001e-05
1.112378148e-05
-0.007747009683
-0.1798494382
-0.2061239433
-0.3129704384
-0.2598831204
-0.1766206391
0.02361921032
1.623574925
3521.232403
13613.60614
13912.56406
13847.24383
13426.69194
12796.74856
12064.91197
11292.96225
10513.24515
9741.625592
8985.161636
8246.29748
7525.106375
6820.489064
6130.815428
5454.266102
4789.010016
4133.291047
3485.463941
2844.001923
2207.488629
1574.60149
944.0906237
314.7554474
1.11922534e-05
1.112651453e-05
1.112578419e-05
1.11251408e-05
1.112461548e-05
1.112420768e-05
1.112392254e-05
1.112378401e-05
-0.01059657226
-0.1154981342
-0.1225011813
-0.1639532323
-0.1124431582
-0.03596239835
0.1470981745
1.024296916
3325.6353
12616.16159
12865.01939
12883.34301
12646.64162
12213.7414
11651.76668
11012.82146
10332.1783
9632.157309
8926.261869
8222.30156
7524.50416
6834.881648
6154.096796
5482.007631
4818.0069
4161.231525
3510.689595
2865.334989
2224.108723
1585.959224
949.8493702
314.7554474
1.119347613e-05
1.112651691e-05
1.112578661e-05
1.112514324e-05
1.112461793e-05
1.112421014e-05
1.1123925e-05
1.112378647e-05
-0.005748723429
-0.07307541437
-0.07704716255
-0.0988309711
-0.08261014034
-0.01169065852
0.07068830694
0.610043871
2733.926361
11636.76424
12048.44885
12174.46916
12062.79298
11759.81242
11315.59623
10774.38356
10170.49475
9528.569375
8865.433155
8192.149078
7515.733427
6840.442827
6168.6885
5501.666417
4839.783683
4182.943274
3530.73201
2882.543083
2237.654636
1595.279058
954.5930518
314.7554474
1.119467383e-05
1.112651924e-05
1.112578898e-05
1.112514561e-05
1.112462029e-05
1.11242125e-05
1.112392734e-05
1.112378881e-05
-0.003236519889
-0.04117220328
-0.04839101324
-0.05398206309
-0.09427132558
-0.01378657769
-0.2234390543
0.3413258095
2225.864252
11148.35951
11518.12633
11703.29366
11670.25147
11447.12257
11076.42643
10598.62653
10046.853
9446.197969
8814.758272
8165.134298
7505.843784
6842.473759
6178.553762
5516.19134
4856.523215
4200.03044
3546.75604
2896.453957
2248.690178
1602.911008
958.4891681
314.7554474
1.119583272e-05
1.112652152e-05
1.112579127e-05
1.112514788e-05
1.112462254e-05
1.112421473e-05
1.112392956e-05
1.112379102e-05
0.002494451444
-0.01589532982
-0.03155011643
-0.0126849711
-0.1296281758
-0.02362296937
-0.3663601939
0.4186060281
1933.458033
10608.32642
11172.93207
11450.32944
11467.79926
11282.0033
10944.36435
10496.84766
9972.097777
9394.616676
8782.27341
8147.791961
7500.039569
6845.060471
6186.867048
5528.027271
4870.092309
4213.903644
3559.811577
2907.82968
2257.743525
1609.187255
961.6979725
314.7554474
1.119693836e-05
1.112652372e-05
1.112579349e-05
1.112515005e-05
1.112462467e-05
1.112421683e-05
1.112393162e-05
1.112379307e-05
0.01166654578
0.009476047095
-0.002501945924
0.02567803115
-0.1180812348
-0.1616693009
-0.9522937642
0.5331984786
1624.457654
10101.09381
11115.22987
11457.29446
11468.61528
11268.73028
10922.18381
10472.30637
9950.078653
9377.90281
8771.932269
8143.726254
7501.467761
6850.867109
6195.8321
5538.963519
4881.919862
4225.684522
3570.76064
2917.312702
2265.26932
1614.398085
964.3607966
314.7554474
1.119797736e-05
1.112652581e-05
1.112579562e-05
1.112515212e-05
1.11246267e-05
1.11242188e-05
1.112393354e-05
1.112379496e-05
0.02254031129
0.04980775077
0.0547539907
0.08159843317
-0.05830545527
0.1972223542
-0.8824519391
3.505666445
3581.749153
11713.04051
11730.04558
11795.00488
11680.63949
11402.1219
11003.33809
10520.11967
9978.012416
9394.988751
8783.831967
8153.718519
7511.243614
6861.113515
6206.635962
5550.079814
4892.943698
4236.158072
3580.237328
2925.394106
2271.625212
1618.776481
966.5924295
314.7554474
1.119893687e-05
1.11265277e-05
1.112579757e-05
1.112515401e-05
1.112462855e-05
1.112422061e-05
1.112393528e-05
1.112379668e-05
0.04040230153
0.04385398128
0.1617535914
0.4240486743
0.5065926256
-0.7884910041
-2.276749356
10.33326825
5257.125953
11731.4464
12295.19514
12312.0416
12056.81824
11655.78272
11168.93065
10626.82602
10046.8672
9440.212765
8814.693522
8176.077554
7528.679982
6875.712613
6219.52349
5561.780891
4903.621493
4245.770731
3588.639936
2932.404009
2277.063106
1622.491653
968.4777127
314.7554474
1.119980478e-05
1.112652926e-05
1.11257992e-05
1.112515556e-05
1.11246301e-05
1.112422211e-05
1.112393676e-05
1.112379815e-05
0.04620338666
0.0885251681
0.173803232
0.1939243058
-0.004204696482
-3.128459394
-9.129607232
-0.6141105423
3455.667496
12908.97593
13405.72955
13101.14928
12578.81133
11995.26299
11389.77928
10771.39059
10142.42208
9504.306391
8858.656839
8207.223342
7551.6913
6893.538544
6233.969413
5573.903428
4913.994957
4254.667271
3596.150995
2938.521612
2281.733631
1625.650714
970.0720134
314.7554474
1.120057133e-05
1.112653042e-05
1.112580041e-05
1.112515666e-05
1.112463121e-05
1.112422321e-05
1.112393784e-05
1.112379924e-05
0.04646120057
-0.1594313479
-0.06970807232
-0.3826338051
-0.9568687455
-5.970869888
-13.73485467
1171.039093
16324.3999
16959.38203
15317.15417
14108.01615
13162.01704
12356.68156
11623.53639
10926.53893
10247.12848
9575.938561
8908.408991
8242.472668
7577.328336
6912.785781
6248.916964
5585.872968
4923.791795
4262.756117
3602.778359
2943.800439
2285.7011
1628.306908
971.4048479
314.7554474
1.120122637e-05
1.112653122e-05
1.112580126e-05
1.112515739e-05
1.112463198e-05
1.112422394e-05
1.112393856e-05
1.112379993e-05
0.0264733393
0.006652383625
0.02712620597
0.02126233059
0.2561385754
1.410494906
-1.562883389
14048.82933
18238.22197
20674.61371
16795.41424
14851.74588
13604.5613
12645.91267
11821.14921
11064.10412
10343.61862
9643.914953
8956.572663
8276.934865
7602.368464
6931.36408
6263.044331
5596.884065
4932.547164
4269.790637
3608.408978
2948.203225
2288.96536
1630.472278
972.4856685
314.7554474
1.120175424e-05
1.112653167e-05
1.112580182e-05
1.112515794e-05
1.112463256e-05
1.112422445e-05
1.112393908e-05
1.112380038e-05
-0.005308175789
-0.1057194108
-0.06551217099
-0.286813128
-0.3971832693
-2.075791397
-0.562077859
7891.472997
19028.23668
18103.84383
16338.18136
14898.99059
13758.57182
12801.26147
11951.04701
11165.11353
10419.33111
9699.534448
8997.036501
8306.33041
7623.85133
6947.262425
6275.016732
5606.076051
4939.726066
4275.453772
3612.86669
2951.640583
2291.486717
1632.132445
973.3107292
314.7554474
1.120213313e-05
1.112653145e-05
1.112580184e-05
1.11251582e-05
1.112463291e-05
1.112422473e-05
1.112393945e-05
1.112380082e-05
0.001774428186
0.03371067474
0.0849882497
0.1339894081
0.3938298152
0.5138052255
126.9237844
16997.624
16855.56727
16321.3261
15554.47687
14647.4649
13729.47619
12849.51721
12016.66713
11225.97566
10469.06198
9737.859616
9025.713046
8327.503595
7639.448676
6958.82214
6283.688533
5612.681494
4944.831085
4279.435091
3615.96635
2954.008101
2293.210315
1633.261292
973.8699717
314.7554474
1.120239763e-05
1.112653016e-05
1.112580138e-05
1.112515778e-05
1.112463293e-05
1.112422481e-05
1.112393941e-05
1.112380124e-05
-0.01135988987
-0.0190496826
0.01460150957
-0.08752991407
-0.01233818074
-0.1975020762
2.719133129
2750.398615
13081.82921
14771.41477
14910.93616
14406.91767
13662.35311
12850.66687
12040.13195
11253.06373
10493.08561
9757.13331
9040.456959
8338.526823
7647.62222
6964.893425
6288.238095
5616.134378
4947.485424
4281.492485
3617.558386
2955.21751
2294.086954
1633.833653
974.1530245
314.7554474
1.120232153e-05
1.112652815e-05
1.112580157e-05
1.112515647e-05
1.112463287e-05
1.112422521e-05
1.112393865e-05
1.112380191e-05
)
;

boundaryField
{
    lowerWall
    {
        type            fixedFluxPressure;
        gradient        uniform 0;
        value           nonuniform List<scalar> 
80
(
1.112360809e-05
1.112360781e-05
1.112360877e-05
1.112361098e-05
1.112361408e-05
1.112361772e-05
1.112362179e-05
1.112362627e-05
1.112363114e-05
1.112363637e-05
1.112364194e-05
1.11236478e-05
1.112365389e-05
1.112366015e-05
1.112366652e-05
1.112367294e-05
1.112367934e-05
1.112368565e-05
1.112369183e-05
1.112369781e-05
1.112370355e-05
1.112370901e-05
1.112371415e-05
1.112371895e-05
1.112372337e-05
1.112372741e-05
1.112373106e-05
1.112373432e-05
1.112373718e-05
1.112373966e-05
1.112374177e-05
1.112374354e-05
1.112374497e-05
1.112374611e-05
1.112374698e-05
1.112374761e-05
1.112374803e-05
1.112374827e-05
1.112374838e-05
1.112374839e-05
1.112374833e-05
1.112374824e-05
1.112374815e-05
1.112374809e-05
1.11237481e-05
1.112374819e-05
1.112374839e-05
1.112374873e-05
1.112374922e-05
1.112374987e-05
1.11237507e-05
1.112375172e-05
1.112375292e-05
1.112375432e-05
1.112375589e-05
1.112375764e-05
1.112375956e-05
1.112376164e-05
1.112376385e-05
1.112376618e-05
1.112376862e-05
1.112377113e-05
1.11237737e-05
1.11237763e-05
1.11237789e-05
1.112378148e-05
1.112378401e-05
1.112378647e-05
1.112378881e-05
1.112379102e-05
1.112379307e-05
1.112379496e-05
1.112379668e-05
1.112379815e-05
1.112379924e-05
1.112379993e-05
1.112380038e-05
1.112380082e-05
1.112380124e-05
1.112380191e-05
)
;
    }
    atmosphere
    {
        type            totalPressure;
        rho             rho;
        psi             none;
        gamma           1;
        p0              uniform 0;
        value           nonuniform List<scalar> 
80
(
0
-0.5364748234
-0.07426639543
-0.1364483549
-0.01514663463
-0.005875708394
-2.1676637e-05
0
0
0
0
0
-3.934248437e-05
-0.0002350588114
0
0
0
0
-0.0004779913792
-5.100928516e-05
-0.02108924818
-0.006983931909
-0.01221835258
-0.1376944218
-0.3060679775
-0.4330316831
-0.5149845432
-0.554346687
-0.5352601355
-0.4582083327
-0.3258449143
-0.1953605121
-0.09286783555
-0.1167660362
-0.06584849941
-0.0212554938
0
0
-0.04030614444
-0.02453328803
-0.1350223805
-0.2776541131
-0.5471566249
-0.9449151439
-1.554637749
-2.25105269
-2.431360224
-2.808605674
0
0
0
0
0
-0.0003517609343
-0.0002433653938
0
0
0
0
-0.0001629473218
-0.02682071168
-0.07025831807
-0.02518852397
0
0
-3.57431824e-07
-0.005486834882
-0.007924770574
-0.008789276883
-0.005508132669
-0.003000200877
-0.0003905812934
0
0
0
0
0
0
0
0
)
;
    }
    rightWall
    {
        type            empty;
    }
    leftWall
    {
        type            empty;
    }
    frontAndBack
    {
        type            fixedFluxPressure;
        gradient        nonuniform List<scalar> 
80
(
2.182725e-06
6.548175012e-06
0.007191785038
0.0009848819785
1.964452512e-05
2.401003083e-05
0.03276096596
-13.12915114
0
0
0
0
0
0
0
0
0
0
0
0
0
0
0
0
0
0
0
0
0
0
0
0
0.000141877294
0.000146242575
0.000150608025
0.000154973475
0.000159338925
0.0001637043751
0.000168069825
0.000172435275
2.182725e-06
6.548175006e-06
1.091362501e-05
1.5279075e-05
1.964452498e-05
2.4009975e-05
0.001458221343
-8401.603614
0
0
0
0
0
0
0
0
0
0
0
0
0
0
0
0
0
0
0
0
0
0
0
0
0.0001418772755
0.000146242575
0.000150608025
0.000154973475
0.000159338925
0.0001637043751
0.000168069825
0.000172435275
)
;
        value           nonuniform List<scalar> 
80
(
-1.046313058
2.210376072
1045.205693
5.563527549
1.570944403
2.082643395
12312.61214
24051.10165
23473.82935
18789.68118
15809.31821
13792.68368
12323.86592
11178.2095
10232.21916
9415.23606
8684.815652
8014.178925
7385.66649
6787.199996
6210.285034
5648.829759
5098.411854
4555.802463
4018.643986
3485.223997
2954.311537
2425.035259
1896.790369
1369.165658
841.8845148
314.7554474
1.122021746e-05
1.113548132e-05
1.113502495e-05
1.113465125e-05
1.113439943e-05
1.113426375e-05
1.113424935e-05
1.113438529e-05
-0.01135988974
-0.01904968219
0.01460151026
-0.08752991311
-0.01233817951
-0.1975020747
2.71913322
2749.873515
13081.82921
14771.41477
14910.93616
14406.91767
13662.35311
12850.66687
12040.13195
11253.06373
10493.08561
9757.13331
9040.456959
8338.526823
7647.62222
6964.893425
6288.238095
5616.134378
4947.485424
4281.492485
3617.558386
2955.21751
2294.086954
1633.833653
974.1530245
314.7554474
1.121118886e-05
1.113566832e-05
1.113521457e-05
1.113484232e-05
1.113459155e-05
1.113445673e-05
1.113444302e-05
1.113457912e-05
)
;
    }
}


// ************************************************************************* //
