/*--------------------------------*- C++ -*----------------------------------*\
| =========                 |                                                 |
| \\      /  F ield         | OpenFOAM: The Open Source CFD Toolbox           |
|  \\    /   O peration     | Version:  2506                                  |
|   \\  /    A nd           | Website:  www.openfoam.com                      |
|    \\/     M anipulation  |                                                 |
\*---------------------------------------------------------------------------*/
FoamFile
{
    version     2.0;
    format      ascii;
    arch        "LSB;label=32;scalar=64";
    class       volScalarField;
    location    "0.004";
    object      Qv;
}
// * * * * * * * * * * * * * * * * * * * * * * * * * * * * * * * * * * * * * //

dimensions      [1 0 -3 0 0 0 0];

internalField   nonuniform List<scalar> 
3200
(
14274328.85
14554784.8
14668025.01
14578404.21
14094608.77
13990776.56
14041284.87
12636369.67
1084488.242
17079.05582
2241.156927
1543.314751
1478.452916
1472.722413
1472.28726
1472.258473
1472.256774
1472.256682
1472.256677
1472.256677
1472.256677
1472.256677
1472.256677
1472.256676
1472.256672
1472.256638
1472.256421
1472.255192
1472.249221
1472.22492
1472.144386
1471.934479
1471.934923
1471.95119
1471.965259
1471.977073
1471.986583
1471.99375
1471.998544
1472.000947
14007977.61
14147446.24
14435093.27
14037264.12
13448267.66
12657909.38
12563901.17
11996864.69
984953.3113
16698.18103
2261.340785
1547.683894
1479.082432
1472.790954
1472.293422
1472.258963
1472.25681
1472.256685
1472.256677
1472.256677
1472.256677
1472.256677
1472.256677
1472.256676
1472.256672
1472.256638
1472.256421
1472.255192
1472.249221
1472.22492
1472.144386
1471.934479
1471.934923
1471.95119
1471.965259
1471.977073
1471.986583
1471.99375
1471.998544
1472.000947
13629202.41
13651744.41
13676285.75
13329163.18
12894383.22
12368535.44
12335679.44
9920722.138
624674.966
14210.10166
2250.950815
1552.040809
1479.947259
1472.903215
1472.305462
1472.260143
1472.256922
1472.256695
1472.256678
1472.256677
1472.256677
1472.256677
1472.256677
1472.256676
1472.256672
1472.256638
1472.256421
1472.255192
1472.249221
1472.22492
1472.144386
1471.934479
1471.934923
1471.95119
1471.965259
1471.977073
1471.986583
1471.99375
1471.998544
1472.000947
13221884.5
13167956.46
13047733.15
12709881.18
12368884.27
12174012.83
12180832.63
7263907.373
534250.9423
15197.48751
2340.16224
1565.109833
1481.900784
1473.168008
1472.338847
1472.264134
1472.257374
1472.256743
1472.256683
1472.256678
1472.256677
1472.256677
1472.256677
1472.256676
1472.256672
1472.256638
1472.256421
1472.255192
1472.249221
1472.22492
1472.144386
1471.934479
1471.934923
1471.95119
1471.965259
1471.977073
1471.986583
1471.99375
1471.998544
1472.000947
12842892.76
12735521.61
12500782.14
12115433.33
11734686.23
11599481.41
11756125.74
9347844.779
845393.2759
20276.31301
2563.85513
1595.841526
1487.116997
1474.013309
1472.464682
1472.281219
1472.259487
1472.256981
1472.256708
1472.25668
1472.256677
1472.256677
1472.256677
1472.256676
1472.256672
1472.256638
1472.256421
1472.255192
1472.249221
1472.22492
1472.144386
1471.934479
1471.934923
1471.95119
1471.965259
1471.977073
1471.986583
1471.99375
1471.998544
1472.000947
12524612.42
12387786.4
12099149.27
11636686.52
11096479.8
10588704.6
9779609.371
9572578.154
1006055.839
29582.4304
3136.609815
1689.516107
1505.582746
1477.35411
1472.998266
1472.356709
1472.269034
1472.258071
1472.256821
1472.256691
1472.256678
1472.256677
1472.256677
1472.256676
1472.256672
1472.256638
1472.256421
1472.255192
1472.249221
1472.22492
1472.144386
1471.934479
1471.934923
1471.95119
1471.965259
1471.977073
1471.986583
1471.99375
1471.998544
1472.000947
12280362.05
12119805.78
11802506.91
11311299.94
10653510.75
9803215.963
8208265.035
7772689.277
1485941.701
76761.06093
5842.687122
2065.450092
1576.948203
1490.309551
1475.078632
1472.651267
1472.30619
1472.262293
1472.257257
1472.256732
1472.256682
1472.256677
1472.256677
1472.256676
1472.256672
1472.256638
1472.256421
1472.255192
1472.249221
1472.22492
1472.144386
1471.934479
1471.934923
1471.95119
1471.965259
1471.977073
1471.986583
1471.99375
1471.998544
1472.000947
12117549.8
11925415.03
11580220.87
11096126.29
10502265.73
9818239.696
8972954.739
8877296.497
4281163.634
528219.8568
27371.44175
3720.814968
1820.508659
1531.5921
1481.57806
1473.562057
1472.420073
1472.275126
1472.258573
1472.256856
1472.256693
1472.256678
1472.256677
1472.256676
1472.256672
1472.256638
1472.256421
1472.255192
1472.249221
1472.22492
1472.144386
1471.934479
1471.934923
1471.95119
1471.965259
1471.977073
1471.986583
1471.99375
1471.998544
1472.000947
12131778.28
11957643.69
11661232.09
11280822.81
10857069.8
10415971.34
9942210.177
9801003.144
10242364.59
3265977.058
242197.6702
11945.94425
2522.270967
1632.31582
1496.757012
1475.650108
1472.677486
1472.303751
1472.261472
1472.257125
1472.256716
1472.25668
1472.256677
1472.256676
1472.256672
1472.256638
1472.256421
1472.255192
1472.249221
1472.22492
1472.144386
1471.934479
1471.934923
1471.95119
1471.965259
1471.977073
1471.986583
1471.99375
1471.998544
1472.000947
12285854.71
12145420.66
11906110.83
11599662.49
11243928.99
10820615.41
10342034.46
9994595.588
10032957.37
8077310.604
1230428.531
46066.4275
4064.693934
1803.041192
1520.858102
1478.882838
1473.067706
1472.346208
1472.265675
1472.257507
1472.256748
1472.256683
1472.256677
1472.256676
1472.256672
1472.256638
1472.256421
1472.255192
1472.249221
1472.22492
1472.144386
1471.934479
1471.934923
1471.95119
1471.965259
1471.977073
1471.986583
1471.99375
1471.998544
1472.000947
12511206.85
12392586.15
12183225.19
11902411.98
11532897.57
11041692.5
10398752.23
9575197.649
8487235.09
7696304.622
1747670.818
93008.70679
5875.871521
1971.591428
1543.759926
1481.902223
1473.422249
1472.383301
1472.269175
1472.257809
1472.256772
1472.256684
1472.256677
1472.256676
1472.256672
1472.256638
1472.256421
1472.255192
1472.249221
1472.22492
1472.144386
1471.934479
1471.934923
1471.95119
1471.965259
1471.977072
1471.986583
1471.99375
1471.998544
1472.000947
12770406.16
12658857.19
12453074.16
12155613.24
11741545.02
11183694.99
10429846.27
9274981.471
6967525.869
4621312.802
1742170.137
118153.2861
7031.761329
2075.206454
1557.828093
1483.738893
1473.629557
1472.403497
1472.270891
1472.257936
1472.25678
1472.256685
1472.256678
1472.256676
1472.256672
1472.256638
1472.256421
1472.255192
1472.249221
1472.22492
1472.144386
1471.934479
1471.934923
1471.95119
1471.965259
1471.977072
1471.986583
1471.99375
1471.998544
1472.000947
13049534.56
12936038.83
12714881.14
12379240.72
11913926.99
11317690.75
10631334.73
9948218.152
9040442.024
8802992.713
2045333.46
128885.7631
7395.779146
2103.365276
1560.884397
1483.98514
1473.632547
1472.400455
1472.270241
1472.257846
1472.25677
1472.256684
1472.256677
1472.256676
1472.256672
1472.256638
1472.256421
1472.255192
1472.249221
1472.22492
1472.144386
1471.934479
1471.934923
1471.95119
1471.965259
1471.977072
1471.986583
1471.99375
1471.998544
1472.000947
13350987.62
13230130.48
12984151.52
12601010.63
12064920.05
11383218.1
10681630.1
10361453.3
11484335.48
11944044.96
2173979.098
131935.6223
7495.773894
2103.845618
1559.270119
1483.485918
1473.5351
1472.385906
1472.268446
1472.257655
1472.256752
1472.256682
1472.256677
1472.256676
1472.256672
1472.256638
1472.256421
1472.255192
1472.249221
1472.22492
1472.144386
1471.934479
1471.934923
1471.95119
1471.965259
1471.977072
1471.986583
1471.99375
1471.998544
1472.000947
13686380.27
13557223.61
13288251.2
12856267.25
12229756.75
11373450.2
10298672.27
9023860.258
7406180.083
6439969.57
2076810.013
149631.9299
8057.519411
2129.057304
1559.789584
1483.163053
1473.450322
1472.372288
1472.266742
1472.257475
1472.256735
1472.256681
1472.256677
1472.256676
1472.256672
1472.256638
1472.256421
1472.255192
1472.249221
1472.22492
1472.144386
1471.934479
1471.934923
1471.95119
1471.965259
1471.977072
1471.986583
1471.99375
1471.998544
1472.000947
14070772.68
13939063.94
13661474.08
13203791.3
12517355.06
11512296.24
10103051.62
8113934.459
5237832.286
3521335.042
2468740.438
203889.2715
9464.125038
2196.783824
1564.626881
1483.323007
1473.416967
1472.363917
1472.265557
1472.257345
1472.256723
1472.25668
1472.256677
1472.256676
1472.256672
1472.256638
1472.256421
1472.255192
1472.249221
1472.22492
1472.144386
1471.934479
1471.934923
1471.95119
1471.965259
1471.977072
1471.986583
1471.99375
1471.998544
1472.000947
14516588.89
14393700.46
14132672.93
13687842.98
12997853.07
11921699.11
10370078.68
8265828.834
5745711.395
4863536.937
3261549.661
278804.0585
11024.7813
2259.449652
1568.564654
1483.393807
1473.380308
1472.356238
1472.264553
1472.257242
1472.256714
1472.256679
1472.256677
1472.256676
1472.256672
1472.256638
1472.256421
1472.255192
1472.249221
1472.22492
1472.144386
1471.934479
1471.934923
1471.95119
1471.965259
1471.977072
1471.986583
1471.99375
1471.998544
1472.000947
15028228.45
14930797.4
14722102.26
14350993.76
13737533.31
12686614.05
11128447.94
9172938.013
7245848.83
6603201.959
4432189.232
389681.3122
12977.64978
2325.547088
1572.339444
1483.445048
1473.346113
1472.349592
1472.263732
1472.257161
1472.256707
1472.256679
1472.256677
1472.256676
1472.256672
1472.256638
1472.256421
1472.255192
1472.249221
1472.22492
1472.144386
1471.934479
1471.934923
1471.95119
1471.965259
1471.977072
1471.986583
1471.99375
1471.998544
1472.000947
15595239.39
15541836.03
15431079.9
15212076.77
14808593.23
13915768.62
12471829.51
10693743.96
9128653.595
6538753.212
5087045.697
434684.9165
13023.95366
2288.950435
1564.898402
1482.24386
1473.193571
1472.333644
1472.262304
1472.257048
1472.256699
1472.256678
1472.256677
1472.256676
1472.256672
1472.256638
1472.256421
1472.255192
1472.249221
1472.22492
1472.144386
1471.934479
1471.934923
1471.95119
1471.965259
1471.977072
1471.986583
1471.99375
1471.998544
1472.000947
16189625.62
16194752.17
16216706.48
16238044.88
16247359.01
15926370.12
15083837.59
13665199.35
13298259.65
6182020.423
5404977.4
422864.9351
11514.54562
2167.573252
1547.794438
1479.965107
1472.941676
1472.310157
1472.260405
1472.256912
1472.256691
1472.256678
1472.256677
1472.256676
1472.256672
1472.256638
1472.256421
1472.255192
1472.249221
1472.22492
1472.144386
1471.934479
1471.934923
1471.95119
1471.965259
1471.977072
1471.986583
1471.99375
1471.998544
1472.000947
16767131.74
16831842.31
16994598.63
17306714.03
17884533.15
18846477.61
19352614.04
17321365.88
16673297.7
14882447.88
5936579.638
369301.9193
9108.932462
2002.292259
1526.808785
1477.441403
1472.686673
1472.288173
1472.258748
1472.256801
1472.256684
1472.256677
1472.256677
1472.256676
1472.256672
1472.256638
1472.256421
1472.255192
1472.249221
1472.22492
1472.144386
1471.934479
1471.934923
1471.95119
1471.965259
1471.977073
1471.986583
1471.99375
1471.998544
1472.000947
17283110.53
17395904.11
17674634.05
18216817.62
19120886.72
19355940.73
20312624.64
20354397.39
18326675.88
17110243.17
6237527.898
226796.3447
5667.244082
1779.021921
1501.474956
1474.780525
1472.449056
1472.269806
1472.257491
1472.256723
1472.256679
1472.256677
1472.256677
1472.256676
1472.256672
1472.256638
1472.256421
1472.255192
1472.249221
1472.22492
1472.144386
1471.934479
1471.934923
1471.95119
1471.965259
1471.977073
1471.986583
1471.99375
1471.998544
1472.000947
17696180.62
17803003.59
18047572.28
18470321.26
19105051.58
20358104.02
21191938.05
20950860.92
19893966.09
17983699.36
4419602.616
80929.18769
3266.81655
1610.767996
1484.079394
1473.16819
1472.320152
1472.260728
1472.256917
1472.25669
1472.256678
1472.256677
1472.256677
1472.256676
1472.256672
1472.256638
1472.256421
1472.255192
1472.249221
1472.22492
1472.144386
1471.934479
1471.934923
1471.95119
1471.965259
1471.977073
1471.986583
1471.99375
1471.998544
1472.000947
18008296.99
18087045.54
18260598.2
18534727.36
18871174.86
19278882.32
20242411.96
19307585.62
17565865.09
18389133.44
1603878.713
13084.34456
1964.797833
1513.204294
1475.605414
1472.508272
1472.274115
1472.2578
1472.256745
1472.256681
1472.256677
1472.256677
1472.256677
1472.256676
1472.256672
1472.256638
1472.256421
1472.255192
1472.249221
1472.22492
1472.144386
1471.934479
1471.934923
1471.95119
1471.965259
1471.977073
1471.986583
1471.99375
1471.998544
1472.000947
18241718.88
18298320.59
18415942.74
18575120.99
18674738.94
18413784.03
16467066.71
15360906.2
11347505.87
2238999.332
39504.81744
2798.585798
1594.114449
1484.309993
1473.350467
1472.346768
1472.263446
1472.257144
1472.256707
1472.256679
1472.256677
1472.256677
1472.256677
1472.256676
1472.256672
1472.256638
1472.256421
1472.255192
1472.249221
1472.22492
1472.144386
1471.934479
1471.934923
1471.95119
1471.965259
1471.977073
1471.986583
1471.99375
1471.998544
1472.000947
18405945.27
18450860.93
18541274.98
18659265.95
18745612.8
18690945.67
18441132.64
18645896.71
11406654.36
344370.2321
8002.041398
1992.567568
1533.330547
1479.0253
1472.919968
1472.314304
1472.261163
1472.256993
1472.256697
1472.256678
1472.256677
1472.256677
1472.256677
1472.256676
1472.256672
1472.256638
1472.256421
1472.255192
1472.249221
1472.22492
1472.144386
1471.934479
1471.934923
1471.95119
1471.965259
1471.977073
1471.986583
1471.99375
1471.998544
1472.000947
18496755.11
18536220.75
18615656.86
18721595.34
18814900.11
18820968.33
18633762.94
18500134.38
9846107.182
184266.5631
5753.282535
1871.928805
1521.047009
1477.725841
1472.793584
1472.303154
1472.260269
1472.256928
1472.256693
1472.256678
1472.256677
1472.256677
1472.256677
1472.256676
1472.256672
1472.256638
1472.256421
1472.255192
1472.249221
1472.22492
1472.144386
1471.934479
1471.934923
1471.95119
1471.965259
1471.977073
1471.986583
1471.99375
1471.998544
1472.000947
18505649.6
18541871.07
18615687.18
18716754.58
18813357.27
18836286.83
18655846.3
18530340.77
7792956.089
126340.433
4980.718121
1819.76455
1514.757534
1476.973005
1472.713722
1472.295692
1472.259649
1472.256881
1472.25669
1472.256678
1472.256677
1472.256677
1472.256677
1472.256676
1472.256672
1472.256638
1472.256421
1472.255192
1472.249221
1472.22492
1472.144386
1471.934479
1471.934923
1471.95119
1471.965259
1471.977073
1471.986583
1471.99375
1471.998544
1472.000947
18425632.31
18458718.88
18527660.8
18625257.63
18724194.21
18757295.43
18591296.06
18484248.14
5487013.676
90507.70514
4460.667982
1780.74059
1509.852261
1476.376702
1472.650211
1472.289772
1472.25916
1472.256845
1472.256687
1472.256678
1472.256677
1472.256677
1472.256677
1472.256676
1472.256672
1472.256638
1472.256421
1472.255192
1472.249221
1472.22492
1472.144386
1471.934479
1471.934923
1471.95119
1471.965259
1471.977073
1471.986583
1471.99375
1471.998544
1472.000947
18253892.8
18283026.07
18344371.69
18435563.14
18536337.85
18584107.91
18454169.75
18372138.49
3648675.819
68418.72122
4073.001828
1748.775324
1505.754314
1475.879339
1472.597651
1472.284923
1472.258765
1472.256816
1472.256685
1472.256678
1472.256677
1472.256677
1472.256677
1472.256676
1472.256672
1472.256638
1472.256421
1472.255192
1472.249221
1472.22492
1472.144386
1471.934479
1471.934924
1471.95119
1471.965259
1471.977073
1471.986583
1471.99375
1471.998545
1472.000947
17989759.82
18011712.88
18059535.14
18136530.11
18235562.72
18302566.7
18235115.92
18181083.02
2546678.814
55103.01566
3777.806554
1722.001494
1502.253176
1475.455355
1472.553247
1472.280874
1472.258439
1472.256793
1472.256684
1472.256677
1472.256677
1472.256677
1472.256677
1472.256676
1472.256672
1472.256638
1472.256421
1472.255192
1472.249221
1472.22492
1472.144386
1471.93448
1471.934924
1471.95119
1471.965259
1471.977073
1471.986583
1471.99375
1471.998545
1472.000947
17634030.34
17646211.37
17669458.25
17718154.97
17804137.87
17890351.83
17916663.62
17886402.69
1980775.618
46480.18655
3539.52853
1698.720852
1499.177667
1475.085658
1472.514992
1472.277433
1472.258165
1472.256773
1472.256683
1472.256677
1472.256677
1472.256677
1472.256677
1472.256676
1472.256672
1472.256638
1472.256421
1472.255192
1472.249221
1472.22492
1472.144386
1471.93448
1471.934924
1471.95119
1471.965259
1471.977073
1471.986583
1471.99375
1471.998545
1472.000947
17190638.77
17188347.68
17173440.11
17175529.76
17219239.98
17314260.39
17499675.83
17492770.2
1660817.099
39867.16539
3330.97877
1677.602706
1496.40311
1474.756856
1472.481475
1472.274462
1472.257932
1472.256757
1472.256682
1472.256677
1472.256677
1472.256677
1472.256677
1472.256676
1472.256672
1472.256638
1472.256421
1472.255192
1472.249221
1472.22492
1472.144386
1471.93448
1471.934924
1471.95119
1471.965259
1471.977073
1471.986583
1471.99375
1471.998545
1472.000947
16658206.15
16635810.37
16571535.09
16508010.84
16471408.76
16569300.1
16999936.37
17023542.17
1451926.265
34541.34212
3144.53704
1658.184967
1493.87543
1474.462138
1472.451919
1472.271882
1472.257733
1472.256743
1472.256681
1472.256677
1472.256677
1472.256677
1472.256677
1472.256676
1472.256672
1472.256638
1472.256421
1472.255192
1472.249221
1472.22492
1472.144386
1471.93448
1471.934924
1471.95119
1471.965259
1471.977073
1471.986583
1471.99375
1471.998545
1472.000947
16033449.18
15980746.16
15859009.48
15714454.27
15555945.58
15596927.6
16377418.62
16434956.79
1362622.638
30182.64722
2970.76491
1639.625427
1491.487976
1474.188468
1472.424923
1472.269563
1472.257557
1472.256731
1472.25668
1472.256677
1472.256677
1472.256677
1472.256677
1472.256676
1472.256672
1472.256638
1472.256421
1472.255192
1472.249221
1472.22492
1472.144386
1471.93448
1471.934924
1471.95119
1471.965259
1471.977073
1471.986583
1471.99375
1471.998545
1472.000947
15327245.64
15227946.21
15064203.64
14848776.31
14450338.01
14211248.01
15487183.3
15727232.31
1258810.539
25401.61356
2789.34713
1620.646762
1489.099455
1473.919389
1472.398778
1472.267351
1472.257392
1472.25672
1472.256679
1472.256677
1472.256677
1472.256677
1472.256677
1472.256676
1472.256672
1472.256638
1472.256421
1472.255192
1472.249221
1472.22492
1472.144386
1471.93448
1471.934924
1471.95119
1471.965259
1471.977073
1471.986583
1471.99375
1471.998545
1472.000947
14580356.57
14418614.28
14195964.18
13956271.12
13321725.43
13115277.79
14525083.2
15055275.79
898990.1766
19589.19232
2602.734267
1602.096536
1486.825515
1473.66748
1472.374657
1472.265339
1472.257244
1472.25671
1472.256679
1472.256677
1472.256677
1472.256677
1472.256677
1472.256676
1472.256672
1472.256638
1472.256421
1472.255192
1472.249221
1472.22492
1472.144386
1471.93448
1471.934924
1471.95119
1471.965259
1471.977073
1471.986583
1471.99375
1471.998545
1472.000947
13919209.53
13717272.8
13393219.5
13023060.29
12518687.93
12574043.77
13341884.73
12146667.31
443224.1597
14602.6639
2450.534957
1587.125557
1484.999788
1473.467375
1472.355795
1472.263795
1472.257132
1472.256703
1472.256678
1472.256677
1472.256677
1472.256677
1472.256677
1472.256676
1472.256672
1472.256638
1472.256421
1472.255192
1472.249221
1472.22492
1472.144386
1471.93448
1471.934924
1471.95119
1471.965259
1471.977073
1471.986583
1471.99375
1471.998545
1472.000947
13393123.31
13211038.85
12893386.3
12518611.97
12478307.23
12496930.84
12641133.79
5810431.734
268926.286
12494.71469
2353.925969
1575.864109
1483.575191
1473.312142
1472.341426
1472.262645
1472.257051
1472.256698
1472.256678
1472.256677
1472.256677
1472.256677
1472.256677
1472.256676
1472.256672
1472.256638
1472.256421
1472.255192
1472.249221
1472.22492
1472.144386
1471.93448
1471.934924
1471.95119
1471.965259
1471.977073
1471.986583
1471.99375
1471.998545
1472.000947
12878505.68
12744929.39
12519200
12395374.65
12488729.72
12484773.72
12326739.73
2810481.164
220717.6575
11240.67712
2277.537653
1566.403515
1482.380409
1473.184078
1472.329808
1472.261734
1472.256988
1472.256694
1472.256678
1472.256677
1472.256677
1472.256677
1472.256677
1472.256676
1472.256672
1472.256638
1472.256421
1472.255192
1472.249221
1472.22492
1472.144386
1471.93448
1471.934924
1471.95119
1471.965259
1471.977073
1471.986583
1471.99375
1471.998545
1472.000947
12342829.58
12223730.02
11995568.93
11782732.6
11924872.97
11822211.09
9605474.038
2123023.002
198318.0474
10309.47778
2212.584996
1558.122326
1481.340017
1473.074121
1472.319999
1472.260978
1472.256937
1472.256691
1472.256678
1472.256677
1472.256677
1472.256677
1472.256677
1472.256676
1472.256672
1472.256638
1472.256421
1472.255192
1472.249221
1472.22492
1472.144386
1471.93448
1471.934924
1471.95119
1471.965259
1471.977073
1471.986583
1471.99375
1471.998545
1472.000947
11798910.63
11666061.1
11360952.18
10862465.47
10004131.72
7959561.003
3195125.102
1811911.126
174555.4557
9395.952274
2150.723556
1550.434872
1480.399307
1472.976945
1472.311503
1472.260336
1472.256894
1472.256689
1472.256678
1472.256677
1472.256677
1472.256677
1472.256677
1472.256676
1472.256672
1472.256638
1472.256421
1472.255192
1472.249221
1472.22492
1472.144386
1471.93448
1471.934924
1471.95119
1471.965259
1471.977073
1471.986583
1471.99375
1471.998545
1472.000947
11289282.51
11142755.82
10776120.29
10091538.03
8831604.237
6427661.056
2579897.63
2124772.28
175629.501
8943.877257
2106.757378
1544.289061
1479.616785
1472.895196
1472.304365
1472.259801
1472.256859
1472.256687
1472.256677
1472.256677
1472.256677
1472.256677
1472.256677
1472.256676
1472.256672
1472.256638
1472.256421
1472.255192
1472.249221
1472.22492
1472.144386
1471.93448
1471.934924
1471.95119
1471.965259
1471.977073
1471.986583
1471.99375
1471.998545
1472.000947
10854767.29
10711589.97
10338956.94
9609528.439
8272147.123
5869297.34
2525765.885
1932515.597
152998.9398
8164.497756
2054.309137
1537.93393
1478.868444
1472.820725
1472.298078
1472.259342
1472.25683
1472.256685
1472.256677
1472.256677
1472.256677
1472.256677
1472.256677
1472.256676
1472.256672
1472.256638
1472.256421
1472.255192
1472.249221
1472.22492
1472.144386
1471.93448
1471.934924
1471.95119
1471.965259
1471.977073
1471.986583
1471.99375
1471.998545
1472.000947
10519628.84
10402873.08
10090220.54
9458458.999
8290844.595
6177699.751
2750539.786
2086572.188
149887.0247
7781.992347
2018.479302
1532.973348
1478.249369
1472.75745
1472.292676
1472.258946
1472.256804
1472.256683
1472.256677
1472.256677
1472.256677
1472.256677
1472.256677
1472.256676
1472.256672
1472.256638
1472.256421
1472.255192
1472.249221
1472.22492
1472.144386
1471.93448
1471.934924
1471.951191
1471.965259
1471.977073
1471.986583
1471.99375
1471.998545
1472.000947
10281678.46
10207343.59
10002350.2
9584945.024
8848890.541
7723209.003
6348826.971
2484132.16
138174.8139
7072.252093
1964.123029
1526.347844
1477.495738
1472.685522
1472.28685
1472.258537
1472.256779
1472.256682
1472.256677
1472.256677
1472.256677
1472.256677
1472.256677
1472.256676
1472.256672
1472.256638
1472.256421
1472.255192
1472.249221
1472.22492
1472.144386
1471.93448
1471.934924
1471.951191
1471.965259
1471.977073
1471.986583
1471.99375
1471.998545
1472.000947
10120053.47
10093674.98
10013415.39
9874552.434
9819213.468
11062023.23
12187747.13
1444934.175
55507.15694
4993.429459
1846.061155
1515.053076
1476.426195
1472.59615
1472.280287
1472.258109
1472.256754
1472.256681
1472.256677
1472.256677
1472.256677
1472.256677
1472.256677
1472.256676
1472.256672
1472.256638
1472.256421
1472.255192
1472.249221
1472.22492
1472.144386
1471.93448
1471.934924
1471.951191
1471.965259
1471.977073
1471.986583
1471.99375
1471.998545
1472.000947
10009726.19
10023972.62
10035203.26
10047256.14
10136792.96
10450629.06
10044821.74
1387294.783
70847.70194
5274.652394
1845.130956
1513.003471
1476.063327
1472.554454
1472.276602
1472.257841
1472.256737
1472.25668
1472.256677
1472.256677
1472.256677
1472.256677
1472.256677
1472.256676
1472.256672
1472.256638
1472.256421
1472.255192
1472.249221
1472.22492
1472.144386
1471.93448
1471.934924
1471.951191
1471.965259
1471.977073
1471.986583
1471.99375
1471.998545
1472.000947
9918750.637
9974332.149
10049893.63
10133766.39
10224068.55
10239963.08
9582209.867
5238256.531
260928.4206
7828.050739
1929.178731
1516.710016
1476.081019
1472.535454
1472.274191
1472.257642
1472.256724
1472.256679
1472.256677
1472.256677
1472.256677
1472.256677
1472.256677
1472.256676
1472.256672
1472.256638
1472.256421
1472.255192
1472.249221
1472.22492
1472.144386
1471.93448
1471.934924
1471.951191
1471.965259
1471.977073
1471.986583
1471.99375
1471.998545
1472.000947
9733891.682
9792811.226
9870360
9997901.078
10325396.15
11469970.68
11792354.28
5730920.609
253580.9378
6958.851925
1860.688048
1508.493608
1475.223863
1472.46273
1472.26903
1472.257327
1472.256707
1472.256678
1472.256677
1472.256677
1472.256677
1472.256677
1472.256677
1472.256676
1472.256672
1472.256638
1472.256421
1472.255192
1472.249221
1472.22492
1472.144386
1471.93448
1471.934924
1471.951191
1471.965259
1471.977073
1471.986583
1471.99375
1471.998545
1472.000947
9374480.82
9346379.167
9229634.409
9009526.379
8802331.567
9290184.278
10821844.7
2356656.187
33243.78431
3228.458568
1648.010744
1489.466676
1473.662739
1472.353091
1472.262357
1472.25697
1472.25669
1472.256678
1472.256677
1472.256677
1472.256677
1472.256677
1472.256677
1472.256676
1472.256672
1472.256638
1472.256421
1472.255192
1472.249221
1472.22492
1472.144386
1471.93448
1471.934924
1471.951191
1471.965259
1471.977073
1471.986583
1471.99375
1471.998545
1472.000947
8931078.989
8808761.378
8438208.234
7731870.857
6752557.41
5601076.552
4094239.634
23021.48387
3698.957373
1819.065602
1517.38481
1476.905475
1472.641744
1472.283263
1472.258254
1472.256759
1472.256681
1472.256677
1472.256677
1472.256677
1472.256677
1472.256677
1472.256677
1472.256676
1472.256672
1472.256638
1472.256421
1472.255192
1472.249221
1472.22492
1472.144386
1471.93448
1471.934924
1471.951191
1471.965259
1471.977073
1471.986583
1471.99375
1471.998545
1472.000947
8449779.991
8261897.634
7747610.541
6807611.923
5359792.909
3373289.125
1166707.792
3056.767781
1788.699355
1535.404895
1481.037604
1473.179259
1472.334654
1472.262268
1472.257034
1472.256698
1472.256678
1472.256677
1472.256677
1472.256677
1472.256677
1472.256677
1472.256677
1472.256676
1472.256672
1472.256638
1472.256421
1472.255192
1472.249221
1472.22492
1472.144386
1471.93448
1471.934924
1471.951191
1471.965259
1471.977073
1471.986583
1471.99375
1471.998545
1472.000947
7984627.749
7750829.904
7176280.927
6141397.897
4553591.14
2479595.503
598042.8038
2312.306767
1569.50522
1488.134076
1474.248381
1472.455808
1472.273303
1472.257893
1472.256758
1472.256682
1472.256677
1472.256677
1472.256677
1472.256677
1472.256677
1472.256677
1472.256677
1472.256676
1472.256672
1472.256638
1472.256421
1472.255192
1472.249221
1472.22492
1472.144386
1471.93448
1471.934924
1471.951191
1471.965259
1471.977073
1471.986583
1471.99375
1471.998545
1472.000947
7653938.609
7396645.21
6812525.707
5796664.776
4264541.373
2317739.362
582898.5501
2362.931896
1551.163776
1481.487727
1473.171364
1472.333118
1472.262014
1472.256965
1472.256684
1472.256676
1472.256677
1472.256677
1472.256677
1472.256677
1472.256677
1472.256677
1472.256677
1472.256676
1472.256672
1472.256638
1472.256421
1472.255192
1472.249221
1472.22492
1472.144386
1471.93448
1471.934924
1471.951191
1471.965259
1471.977073
1471.986583
1471.99375
1471.998545
1472.000947
7554552.417
7313080.153
6796042.463
5941759.958
4687013.043
3059292.59
1390335.383
8917.256278
2163.022395
1498.04135
1473.741747
1472.343594
1472.260936
1472.256778
1472.256662
1472.256674
1472.256677
1472.256677
1472.256677
1472.256677
1472.256677
1472.256677
1472.256677
1472.256676
1472.256672
1472.256638
1472.256421
1472.255192
1472.249221
1472.22492
1472.144386
1471.93448
1471.934924
1471.951191
1471.965259
1471.977073
1471.986583
1471.99375
1471.998545
1472.000947
7728445.606
7557991.899
7224957.707
6750486.763
6216486.046
5889923.598
6734349.467
6780987.848
8641.708593
1645.365693
1481.187799
1472.692324
1472.275031
1472.257258
1472.256675
1472.256674
1472.256677
1472.256677
1472.256677
1472.256677
1472.256677
1472.256677
1472.256677
1472.256676
1472.256672
1472.256638
1472.256421
1472.255192
1472.249221
1472.22492
1472.144386
1471.93448
1471.934924
1471.951191
1471.965259
1471.977073
1471.986583
1471.99375
1471.998545
1472.000947
8153686.599
8105784.053
8062555.749
8163405.591
8755888.944
10685509.31
14505769.14
12421085.04
134395.6392
2387.166098
1517.709416
1474.551352
1472.355912
1472.260312
1472.256778
1472.256677
1472.256677
1472.256677
1472.256677
1472.256677
1472.256677
1472.256677
1472.256677
1472.256676
1472.256672
1472.256638
1472.256421
1472.255192
1472.249221
1472.22492
1472.144386
1471.93448
1471.934924
1471.951191
1471.965259
1471.977073
1471.986583
1471.99375
1471.998545
1472.000947
8746556.676
8845103.126
9135387.575
9857219.038
11428952.26
14079791.53
14886810.12
16535493.77
235540.6603
3546.255985
1579.34933
1478.304182
1472.54628
1472.268545
1472.257094
1472.256688
1472.256677
1472.256677
1472.256677
1472.256677
1472.256677
1472.256677
1472.256677
1472.256676
1472.256672
1472.256638
1472.256421
1472.255192
1472.249221
1472.22492
1472.144386
1471.93448
1471.934924
1471.951191
1471.965259
1471.977073
1471.986583
1471.99375
1471.998545
1472.000947
9388824.524
9602241.797
10115708.96
11107340.22
12851520.71
15624784.52
19249792.01
20737056.33
2709732.976
10078.10577
1730.743195
1486.451507
1472.969171
1472.288293
1472.257936
1472.256722
1472.256678
1472.256677
1472.256677
1472.256677
1472.256677
1472.256677
1472.256677
1472.256676
1472.256672
1472.256638
1472.256421
1472.255192
1472.249221
1472.22492
1472.144386
1471.93448
1471.934924
1471.95119
1471.965259
1471.977073
1471.986583
1471.99375
1471.998545
1472.000947
9983452.719
10261364.89
10912203.14
12082888.02
13954605.86
16678966.69
20146638.62
20621696.94
6484961.846
25781.14332
1983.086331
1501.4916
1473.863532
1472.335827
1472.260234
1472.256826
1472.256683
1472.256677
1472.256677
1472.256677
1472.256677
1472.256677
1472.256677
1472.256676
1472.256672
1472.256638
1472.256421
1472.255192
1472.249221
1472.22492
1472.144386
1471.93448
1471.934924
1471.95119
1471.965259
1471.977073
1471.986583
1471.99375
1471.998545
1472.000947
10481752.33
10777587.47
11457345.73
12627565.02
14389275.09
16759162.95
19585971.91
19784973.52
10310752.16
69625.24996
2469.370078
1531.394801
1475.869794
1472.455664
1472.266698
1472.257148
1472.256698
1472.256678
1472.256677
1472.256677
1472.256677
1472.256677
1472.256677
1472.256676
1472.256672
1472.256638
1472.256421
1472.255192
1472.249221
1472.22492
1472.144386
1471.93448
1471.934924
1471.95119
1471.965259
1471.977073
1471.986583
1471.99375
1471.998545
1472.000947
10876717.63
11164150.24
11800712.09
12857450.42
14409117.52
16583404.44
19811517.23
20173343.25
12025258.57
184383.8113
3395.209723
1585.538999
1479.944778
1472.730401
1472.283275
1472.258061
1472.256745
1472.25668
1472.256677
1472.256677
1472.256677
1472.256677
1472.256677
1472.256676
1472.256672
1472.256638
1472.256421
1472.255192
1472.249221
1472.22492
1472.144386
1471.93448
1471.934924
1471.95119
1471.965259
1471.977073
1471.986583
1471.99375
1471.998545
1472.000947
11175276.54
11440954.98
12000029.7
12887463.48
14123625.57
15698626.17
17379741.14
17431859.18
18633720.56
481358.5599
5116.082107
1674.440912
1487.375784
1473.297119
1472.321628
1472.260412
1472.256877
1472.256687
1472.256678
1472.256677
1472.256677
1472.256677
1472.256677
1472.256676
1472.256672
1472.256638
1472.256421
1472.255192
1472.249221
1472.22492
1472.144386
1471.93448
1471.934924
1471.95119
1471.965259
1471.977073
1471.986583
1471.99375
1471.998545
1472.000947
11384204.93
11618124.75
12092450.09
12818238.88
13796104.23
15015260.31
16411442.48
18017650.5
18537577.36
990664.4283
8003.170362
1807.671652
1499.622183
1474.351501
1472.401557
1472.265848
1472.257215
1472.256707
1472.256679
1472.256677
1472.256677
1472.256677
1472.256677
1472.256676
1472.256672
1472.256638
1472.256421
1472.255192
1472.249221
1472.22492
1472.144386
1471.93448
1471.934924
1471.95119
1471.965259
1471.977073
1471.986583
1471.99375
1471.998545
1472.000947
11513951.78
11711306.66
12104442.79
12688628.26
13448858.26
14352523.09
15314030.27
16180497.74
16192420.37
1410860.193
12341.77312
1987.215664
1517.786339
1476.128033
1472.552761
1472.277253
1472.257994
1472.256756
1472.256681
1472.256677
1472.256677
1472.256677
1472.256677
1472.256676
1472.256672
1472.256638
1472.256421
1472.255192
1472.249221
1472.22492
1472.144386
1471.93448
1471.934924
1471.95119
1471.965259
1471.977073
1471.986583
1471.99375
1471.998545
1472.000947
11584230.21
11745794.11
12063505.25
12522381.61
13094712.5
13727639.12
14313167.81
14656586.35
14626758.08
1204838.091
16421.71893
2209.142868
1543.042419
1478.916205
1472.817676
1472.299314
1472.259644
1472.256868
1472.256689
1472.256678
1472.256677
1472.256677
1472.256677
1472.256676
1472.256672
1472.256638
1472.256421
1472.255192
1472.249221
1472.22492
1472.144386
1471.93448
1471.934924
1471.95119
1471.965259
1471.977073
1471.986583
1471.99375
1471.998545
1472.000947
11617503.44
11747492.29
11999481.33
12353260.37
12772954.56
13196086.8
13515671.72
13545701.77
13495011.56
1290711.678
23657.06963
2530.156861
1579.184664
1483.207925
1473.261955
1472.33957
1472.262908
1472.257109
1472.256705
1472.256679
1472.256677
1472.256677
1472.256677
1472.256676
1472.256672
1472.256638
1472.256421
1472.255192
1472.249221
1472.22492
1472.144386
1471.93448
1471.934924
1471.95119
1471.965259
1471.977073
1471.986583
1471.99375
1471.998545
1472.000947
11631972.86
11735527.09
11933400.14
12203657.3
12509437.75
12791419.41
12962214.21
12867768.51
12810900.25
1504595.189
34573.92965
2970.451524
1628.24648
1489.441347
1473.962226
1472.408396
1472.268942
1472.25759
1472.25674
1472.256681
1472.256677
1472.256677
1472.256677
1472.256676
1472.256672
1472.256638
1472.256421
1472.255192
1472.249221
1472.22492
1472.144386
1471.93448
1471.934924
1471.95119
1471.965259
1471.977073
1471.986583
1471.99375
1471.998545
1472.000947
11639939.95
11722594.58
11878428.03
12086370.5
12313613.65
12512590.08
12628329.55
12585333.68
12562549.04
1726975.81
48937.03846
3533.848621
1690.843911
1497.984953
1475.006159
1472.519644
1472.27947
1472.25849
1472.256811
1472.256686
1472.256678
1472.256677
1472.256677
1472.256676
1472.256672
1472.256638
1472.256421
1472.255192
1472.249221
1472.22492
1472.144386
1471.93448
1471.934924
1471.95119
1471.965259
1471.977073
1471.986583
1471.99375
1471.998545
1472.000947
11647944.7
11714661.9
11839102.11
12002423.79
12177266.16
12328386.04
12422867.93
12424693.64
12415161.82
1879242.149
65438.54521
4228.194508
1768.379494
1509.277198
1476.49818
1472.691184
1472.296913
1472.260088
1472.256945
1472.256697
1472.256678
1472.256677
1472.256677
1472.256676
1472.256672
1472.256638
1472.256421
1472.255192
1472.249221
1472.22492
1472.144386
1471.93448
1471.934924
1471.95119
1471.965259
1471.977073
1471.986583
1471.99375
1471.998545
1472.000947
11658282.71
11713402.23
11815407.81
11947702.52
12087091.29
12206156.23
12281857.45
12292645.78
12282274.4
2041544.302
85759.54882
5101.024793
1863.357047
1523.760748
1478.54776
1472.943843
1472.324377
1472.262768
1472.257183
1472.256716
1472.25668
1472.256677
1472.256677
1472.256676
1472.256672
1472.256638
1472.256421
1472.255192
1472.249221
1472.22492
1472.144386
1471.93448
1471.934924
1471.95119
1471.965259
1471.977073
1471.986583
1471.99375
1471.998545
1472.000947
11670341.97
11717392.88
11804214.09
11915995.26
12031742.49
12122897.79
12172681.75
12201420.73
12213554.89
2174289.045
107821.8591
6136.677067
1974.808709
1541.514433
1481.228848
1473.296742
1472.365188
1472.266988
1472.257579
1472.25675
1472.256683
1472.256677
1472.256677
1472.256676
1472.256672
1472.256638
1472.256421
1472.255192
1472.249221
1472.22492
1472.144386
1471.93448
1471.934924
1471.95119
1471.965259
1471.977073
1471.986583
1471.99375
1471.998545
1472.000947
11681748.57
11723611.42
11801591.26
11902527.39
12000628.94
12059594.91
12048064.28
11937597.73
11924582.36
2266562.223
130019.295
7292.530856
2098.625119
1562.025625
1484.520112
1473.757249
1472.421555
1472.27313
1472.258183
1472.256805
1472.256687
1472.256678
1472.256677
1472.256676
1472.256672
1472.256638
1472.256421
1472.255192
1472.249221
1472.22492
1472.144386
1471.93448
1471.934924
1471.95119
1471.965259
1471.977073
1471.986583
1471.99375
1471.998545
1472.000947
11688797.12
11726685.79
11798016.6
11892172.21
11987558.28
12052559.2
12044316.85
11834714.32
11552832.49
2462557.865
155178.0338
8547.521977
2228.847326
1584.120775
1488.249401
1474.30756
1472.492341
1472.281199
1472.259011
1472.256882
1472.256694
1472.256678
1472.256677
1472.256676
1472.256672
1472.256638
1472.256421
1472.255192
1472.249221
1472.22492
1472.144386
1471.93448
1471.934924
1471.95119
1471.965259
1471.977073
1471.986583
1471.99375
1471.998545
1472.000947
11688024.65
11721818
11786792.43
11877247.84
11984320.7
12104196.17
12257971.04
12283189
12159446.23
2989358.594
189881.0619
9912.785354
2356.942745
1605.691284
1492.011138
1474.886284
1472.569903
1472.290385
1472.259987
1472.256976
1472.256702
1472.256679
1472.256677
1472.256676
1472.256672
1472.256638
1472.256421
1472.255192
1472.249221
1472.22492
1472.144386
1471.93448
1471.934924
1471.95119
1471.965259
1471.977073
1471.986583
1471.99375
1471.998545
1472.000947
11679066.05
11708548.87
11766272.8
11851667.39
11971642.29
12156531.41
12478074.29
12501415.91
12187482.92
3234159.38
213008.508
10908.81079
2450.80443
1621.894783
1494.958301
1475.360202
1472.636099
1472.298525
1472.260882
1472.257065
1472.25671
1472.25668
1472.256677
1472.256676
1472.256672
1472.256638
1472.256421
1472.255192
1472.249221
1472.22492
1472.144386
1471.93448
1471.934924
1471.95119
1471.965259
1471.977073
1471.986583
1471.99375
1471.998545
1472.000947
11661293.1
11682713.33
11724179.79
11786770.05
11884730.01
12068461.2
12431071.22
12540268.81
10827962.07
2816866.433
186253.8163
10324.48705
2432.147151
1622.389744
1495.468448
1475.488075
1472.658624
1472.301736
1472.261274
1472.257107
1472.256714
1472.25668
1472.256677
1472.256676
1472.256672
1472.256638
1472.256421
1472.255192
1472.249221
1472.22492
1472.144386
1471.93448
1471.934924
1471.95119
1471.965259
1471.977073
1471.986583
1471.99375
1471.998545
1472.000947
11640575.68
11651429.37
11667724.09
11681689.03
11692638.76
11758444.63
11891890.87
11838583.86
6769182.693
1495314.734
100400.1852
7565.159193
2238.562605
1597.757974
1492.029182
1475.04462
1472.607272
1472.296371
1472.260763
1472.257063
1472.256711
1472.25668
1472.256677
1472.256676
1472.256672
1472.256638
1472.256421
1472.255192
1472.249221
1472.22492
1472.144386
1471.93448
1471.934924
1471.95119
1471.965259
1471.977073
1471.986583
1471.99375
1471.998545
1472.000947
11625879.35
11627968
11620683.75
11576222.83
11428799.62
11013248.95
10138640.62
9175503.919
3292113.23
566009.65
41609.0956
4965.850401
1996.939294
1562.641314
1486.729605
1474.315345
1472.517378
1472.286379
1472.259753
1472.256969
1472.256703
1472.256679
1472.256677
1472.256676
1472.256672
1472.256638
1472.256421
1472.255192
1472.249221
1472.22492
1472.144386
1471.93448
1471.934924
1471.95119
1471.965259
1471.977073
1471.986583
1471.99375
1471.998545
1472.000947
)
;

boundaryField
{
    lowerWall
    {
        type            calculated;
        value           nonuniform List<scalar> 
80
(
1472.000947
1472.000947
1472.000947
1472.000947
1472.000947
1472.000947
1472.000947
1472.000947
1472.000947
1472.000947
1472.000947
1472.000947
1472.000947
1472.000947
1472.000947
1472.000947
1472.000947
1472.000947
1472.000947
1472.000947
1472.000947
1472.000947
1472.000947
1472.000947
1472.000947
1472.000947
1472.000947
1472.000947
1472.000947
1472.000947
1472.000947
1472.000947
1472.000947
1472.000947
1472.000947
1472.000947
1472.000947
1472.000947
1472.000947
1472.000947
1472.000947
1472.000947
1472.000947
1472.000947
1472.000947
1472.000947
1472.000947
1472.000947
1472.000947
1472.000947
1472.000947
1472.000947
1472.000947
1472.000947
1472.000947
1472.000947
1472.000947
1472.000947
1472.000947
1472.000947
1472.000947
1472.000947
1472.000947
1472.000947
1472.000947
1472.000947
1472.000947
1472.000947
1472.000947
1472.000947
1472.000947
1472.000947
1472.000947
1472.000947
1472.000947
1472.000947
1472.000947
1472.000947
1472.000947
1472.000947
)
;
    }
    atmosphere
    {
        type            calculated;
        value           nonuniform List<scalar> 
80
(
14274328.85
14007977.61
13629202.41
13221884.5
12842892.76
12524612.42
12280362.05
12117549.8
12131778.28
12285854.71
12511206.85
12770406.16
13049534.56
13350987.62
13686380.27
14070772.68
14516588.89
15028228.45
15595239.39
16189625.62
16767131.74
17283110.53
17696180.62
18008296.99
18241718.88
18405945.27
18496755.11
18505649.6
18425632.31
18253892.8
17989759.82
17634030.34
17190638.77
16658206.15
16033449.18
15327245.64
14580356.57
13919209.53
13393123.31
12878505.68
12342829.58
11798910.63
11289282.51
10854767.29
10519628.84
10281678.46
10120053.47
10009726.19
9918750.637
9733891.682
9374480.82
8931078.989
8449779.991
7984627.749
7653938.609
7554552.417
7728445.606
8153686.599
8746556.676
9388824.524
9983452.719
10481752.33
10876717.63
11175276.54
11384204.93
11513951.78
11584230.21
11617503.44
11631972.86
11639939.95
11647944.7
11658282.71
11670341.97
11681748.57
11688797.12
11688024.65
11679066.05
11661293.1
11640575.68
11625879.35
)
;
    }
    rightWall
    {
        type            empty;
    }
    leftWall
    {
        type            empty;
    }
    frontAndBack
    {
        type            calculated;
        value           nonuniform List<scalar> 
80
(
14274294.53
14554750.91
14667991.3
14578370.36
14094574.18
13990741.81
14041250.19
12636333.02
1084467.239
17077.80306
2240.907502
1543.130981
1478.27552
1472.545584
1472.110473
1472.08169
1472.079991
1472.079899
1472.079894
1472.079894
1472.079894
1472.079894
1472.079894
1472.079893
1472.079889
1472.079855
1472.079638
1472.078409
1472.072439
1472.048139
1471.967614
1471.757728
1471.758172
1471.774437
1471.788504
1471.800317
1471.809826
1471.816992
1471.821787
1471.824189
11625841.48
11627930.13
11620645.87
11576184.9
11428761.53
11013210.43
10138601.31
9175463.966
3292078.88
565995.1051
41606.63717
4965.375979
1996.712297
1562.455654
1486.551393
1474.138359
1472.340569
1472.109593
1472.082969
1472.080186
1472.079919
1472.079896
1472.079894
1472.079893
1472.079889
1472.079855
1472.079638
1472.078409
1472.072439
1472.048139
1471.967614
1471.757728
1471.758172
1471.774437
1471.788505
1471.800317
1471.809826
1471.816993
1471.821787
1471.824189
)
;
    }
}


// ************************************************************************* //
