/*--------------------------------*- C++ -*----------------------------------*\
| =========                 |                                                 |
| \\      /  F ield         | OpenFOAM: The Open Source CFD Toolbox           |
|  \\    /   O peration     | Version:  2506                                  |
|   \\  /    A nd           | Website:  www.openfoam.com                      |
|    \\/     M anipulation  |                                                 |
\*---------------------------------------------------------------------------*/
FoamFile
{
    version     2.0;
    format      ascii;
    arch        "LSB;label=32;scalar=64";
    class       volScalarField;
    location    "0.004";
    object      T;
}
// * * * * * * * * * * * * * * * * * * * * * * * * * * * * * * * * * * * * * //

dimensions      [0 0 0 1 0 0 0];

internalField   nonuniform List<scalar> 
3200
(
1864.892683
1890.590341
1901.060346
1892.769613
1848.594167
1839.236035
1843.782958
1720.720385
723.7748708
381.5721774
311.3583216
301.2318087
300.1093364
300.0082313
300.0005406
300.0000318
300.0000017
300.0000001
300
300
300
300
300
300
299.9999999
299.9999993
299.9999955
299.9999737
299.9998682
299.9994386
299.9980151
299.9943043
299.9943121
299.9945997
299.9948484
299.9950573
299.9952254
299.9953521
299.9954369
299.9954794
1840.783418
1853.372529
1879.583176
1843.420637
1791.002766
1722.561415
1714.553145
1666.789232
708.5848506
380.6138411
311.6102667
301.3060156
300.1204235
300.0094425
300.0006495
300.0000404
300.0000024
300.0000001
300
300
300
300
300
300
299.9999999
299.9999993
299.9999955
299.9999737
299.9998682
299.9994386
299.9980151
299.9943043
299.9943121
299.9945997
299.9948484
299.9950573
299.9952254
299.9953521
299.9954369
299.9954794
1806.969124
1808.966571
1811.143289
1780.555653
1742.826403
1697.992267
1695.216568
1498.411665
644.9542415
373.8994788
311.4808039
301.3798436
300.1356486
300.0114262
300.0008623
300.0000613
300.0000043
300.0000003
300
300
300
300
300
300
299.9999999
299.9999993
299.9999955
299.9999737
299.9998682
299.9994386
299.9980151
299.9943043
299.9943121
299.9945997
299.9948484
299.9950573
299.9952254
299.9953521
299.9954369
299.9954794
1771.187691
1766.493231
1756.062619
1727.000263
1698.022571
1681.613797
1682.186378
1291.386849
625.7765301
376.6652236
312.5769277
301.6002813
300.170013
300.0161047
300.0014524
300.0001318
300.0000123
300.0000012
300.0000001
300
300
300
300
300
299.9999999
299.9999993
299.9999955
299.9999737
299.9998682
299.9994386
299.9980151
299.9943043
299.9943121
299.9945997
299.9948484
299.9950573
299.9952254
299.9953521
299.9954369
299.9954794
1738.398963
1729.193304
1709.190333
1676.701909
1644.998743
1633.829856
1646.773977
1453.289821
685.8076667
389.0296894
315.1827908
302.1127391
300.2615891
300.0310352
300.0036765
300.0004338
300.0000497
300.0000054
300.0000005
300.0000001
300
300
300
300
299.9999999
299.9999993
299.9999955
299.9999737
299.9998682
299.9994386
299.9980151
299.9943043
299.9943121
299.9945997
299.9948484
299.9950573
299.9952254
299.9953521
299.9954369
299.9954794
1711.213464
1699.619916
1675.33815
1636.898775
1592.657267
1551.644779
1487.256311
1470.939806
711.8717202
406.5515766
321.0987489
303.6263135
300.5836658
300.0899749
300.0131057
300.0017681
300.0002184
300.0000246
300.0000025
300.0000002
300
300
300
300
299.9999999
299.9999993
299.9999955
299.9999737
299.9998682
299.9994386
299.9980151
299.9943043
299.9943121
299.9945997
299.9948484
299.9950573
299.9952254
299.9953521
299.9954369
299.9954794
1690.555491
1677.068216
1650.618383
1610.170487
1556.850837
1489.120495
1364.525699
1330.786277
778.6745412
459.0003672
340.8740237
309.0830636
301.7986595
300.3175074
300.049842
300.0069741
300.0008752
300.0000993
300.0000103
300.000001
300.0000001
300
300
300
299.9999999
299.9999993
299.9999955
299.9999737
299.9998682
299.9994386
299.9980151
299.9943043
299.9943121
299.9945997
299.9948484
299.9950573
299.9952254
299.9953521
299.9954369
299.9954794
1676.879212
1660.832533
1632.242444
1592.628531
1544.713049
1490.307309
1423.971429
1416.512141
1053.662642
624.4305053
402.8166176
326.2909292
305.6313599
301.0318508
300.1643386
300.0230657
300.0028881
300.0003261
300.0000335
300.0000032
300.0000003
300
300
300
299.9999999
299.9999993
299.9999955
299.9999737
299.9998682
299.9994386
299.9980151
299.9943043
299.9943121
299.9945997
299.9948484
299.9950573
299.9952254
299.9953521
299.9954369
299.9954794
1678.071493
1663.517354
1638.925309
1607.679595
1573.25587
1537.80642
1500.112899
1488.945718
1523.951114
965.0092179
544.5036071
366.9431865
314.7127611
302.7105406
300.4301365
300.059926
300.0074374
300.0008321
300.0000848
300.0000079
300.0000007
300.0000001
300
300
299.9999999
299.9999993
299.9999955
299.9999737
299.9998682
299.9994386
299.9980151
299.9943043
299.9943121
299.9945997
299.9948484
299.9950573
299.9952254
299.9953521
299.9954369
299.9954794
1691.018165
1679.215182
1659.22569
1633.844784
1604.667066
1570.311978
1531.899295
1504.263214
1507.305131
1354.37701
744.771797
429.2899247
329.0461855
305.3709674
300.8476501
300.1169087
300.0143326
300.0015825
300.000159
300.0000147
300.0000013
300.0000001
300
300
299.9999999
299.9999993
299.9999955
299.9999737
299.9998682
299.9994386
299.9980151
299.9943043
299.9943121
299.9945997
299.9948484
299.9950573
299.9952254
299.9953521
299.9954369
299.9954794
1710.075158
1700.025687
1682.387136
1658.917916
1628.345963
1588.206812
1536.42986
1471.145901
1386.169616
1324.872641
810.5623304
471.3037821
341.0655512
307.8021348
301.2393776
300.1700383
300.0205961
300.0022381
300.0002209
300.00002
300.0000017
300.0000001
300
300
299.9999999
299.9999993
299.9999955
299.9999737
299.9998682
299.9994386
299.9980151
299.9943043
299.9943121
299.9945997
299.9948484
299.9950573
299.9952254
299.9953521
299.9954369
299.9954794
1732.180259
1722.642144
1705.145063
1680.069994
1645.566536
1599.755225
1538.916012
1447.580004
1268.400138
1082.012926
809.9162648
487.6288106
347.2551168
309.2134662
301.4776463
300.2023132
300.0242579
300.0025951
300.0002512
300.0000223
300.0000018
300.0000001
300
300
299.9999999
299.9999993
299.9999955
299.9999737
299.9998682
299.9994386
299.9980151
299.9943043
299.9943121
299.9945997
299.9948484
299.9950573
299.9952254
299.9953521
299.9954369
299.9954794
1756.218558
1746.414384
1727.427754
1698.897627
1659.876174
1610.693073
1555.068486
1500.588681
1429.23894
1410.723403
844.2508209
493.8546589
349.0364032
309.587046
301.5291761
300.2066378
300.0243107
300.0025413
300.0002398
300.0000207
300.0000016
300.0000001
300
300
299.9999999
299.9999993
299.9999955
299.9999737
299.9998682
299.9994386
299.9980151
299.9943043
299.9943121
299.9945997
299.9948484
299.9950573
299.9952254
299.9953521
299.9954369
299.9954794
1782.466271
1771.906371
1750.565442
1717.710852
1672.473861
1616.056725
1559.112214
1533.449828
1624.353116
1662.38833
858.1355338
495.5576358
349.5135388
309.5933831
301.5019694
300.1978697
300.0225895
300.0022842
300.000208
300.0000173
300.0000013
300.0000001
300
300
299.9999999
299.9999993
299.9999955
299.9999737
299.9998682
299.9994386
299.9980151
299.9943043
299.9943121
299.9945997
299.9948484
299.9950573
299.9952254
299.9953521
299.9954369
299.9954794
1812.039272
1800.603405
1776.978436
1739.548176
1686.296747
1615.256562
1528.439305
1427.944308
1302.408708
1227.331116
847.6820082
504.9358152
352.1041456
309.9243523
301.5107269
300.1921978
300.021092
300.0020435
300.0001779
300.0000141
300.000001
300.0000001
300
300
299.9999999
299.9999993
299.9999955
299.9999737
299.9998682
299.9994386
299.9980151
299.9943043
299.9943121
299.9945997
299.9948484
299.9950573
299.9952254
299.9953521
299.9954369
299.9954794
1846.442153
1834.590918
1809.82929
1769.61158
1710.597154
1626.651379
1512.869185
1357.214699
1132.231094
988.0132457
888.7078681
529.6365643
358.0161553
310.7978601
301.5921622
300.1950079
300.0205028
300.0018955
300.000157
300.0000118
300.0000008
300.0000001
300
300
299.9999999
299.9999993
299.9999955
299.9999737
299.9998682
299.9994386
299.9980151
299.9943043
299.9943121
299.9945997
299.9948484
299.9950573
299.9952254
299.9953521
299.9954369
299.9954794
1887.071172
1875.79055
1852.03539
1812.169132
1751.748948
1660.523151
1534.138744
1368.988796
1172.757391
1101.902332
964.605269
557.3192725
363.8159695
311.5867386
301.6583015
300.1962516
300.0198552
300.0017598
300.0001392
300.00001
300.0000007
300
300
300
299.9999999
299.9999993
299.9999955
299.9999737
299.9998682
299.9994386
299.9980151
299.9943043
299.9943121
299.9945997
299.9948484
299.9950573
299.9952254
299.9953521
299.9954369
299.9954794
1934.739151
1925.571937
1906.0798
1871.884978
1816.585347
1725.011958
1595.25706
1439.593243
1289.987394
1240.065803
1066.315909
590.492309
370.2298069
312.3997138
301.7215754
300.1971518
300.0192512
300.0016423
300.0001247
300.0000086
300.0000005
300
300
300
299.9999999
299.9999993
299.9999955
299.9999737
299.9998682
299.9994386
299.9980151
299.9943043
299.9943121
299.9945997
299.9948484
299.9950573
299.9952254
299.9953521
299.9954369
299.9954794
1988.978622
1983.803165
1973.114864
1952.15689
1914.134552
1832.501759
1706.734577
1560.086885
1436.130559
1235.041202
1120.066813
602.233518
370.3724737
311.9519511
301.5967271
300.1760442
300.0165563
300.0013604
300.0000995
300.0000066
300.0000004
300
300
300
299.9999999
299.9999993
299.9999955
299.9999737
299.9998682
299.9994386
299.9980151
299.9943043
299.9943121
299.9945997
299.9948484
299.9950573
299.9952254
299.9953521
299.9954369
299.9954794
2047.583278
2048.097018
2050.298751
2052.441295
2053.377307
2021.3957
1939.990916
1810.159697
1777.853014
1207.14154
1145.639193
599.2260294
365.5030063
310.423849
301.3078909
300.1359627
300.0121058
300.0009453
300.0000659
300.0000042
300.0000002
300
300
300
299.9999999
299.9999993
299.9999955
299.9999737
299.9998682
299.9994386
299.9980151
299.9943043
299.9943121
299.9945997
299.9948484
299.9950573
299.9952254
299.9953521
299.9954369
299.9954794
2106.404571
2113.119028
2130.121682
2163.200919
2226.181473
2336.595382
2397.827314
2164.76949
2096.713568
1921.038775
1187.840368
584.8951977
356.5922559
308.2265071
300.9498983
300.0915134
300.0075997
300.0005567
300.0000366
300.0000022
300.0000001
300
300
300
299.9999999
299.9999993
299.9999955
299.9999737
299.9998682
299.9994386
299.9980151
299.9943043
299.9943121
299.9945997
299.9948484
299.9950573
299.9952254
299.9953521
299.9954369
299.9954794
2160.677029
2172.771562
2203.031721
2263.495073
2369.505074
2398.23756
2520.827909
2526.403543
2276.017757
2142.304461
1211.493645
538.7290594
339.8467786
305.0095087
300.5123005
300.0445805
300.0034003
300.0002321
300.0000144
300.0000008
300
300
300
300
299.9999999
299.9999993
299.9999955
299.9999737
299.9998682
299.9994386
299.9980151
299.9943043
299.9943121
299.9945997
299.9948484
299.9950573
299.9952254
299.9953521
299.9954369
299.9954794
2205.39352
2217.151788
2244.385667
2292.536138
2367.587697
2526.899244
2642.617148
2608.26605
2466.011501
2237.230319
1065.265545
462.3220622
322.3197893
302.3587217
300.208293
300.0161079
300.001122
300.0000716
300.0000042
300.0000002
300
300
300
300
299.9999999
299.9999993
299.9999955
299.9999737
299.9998682
299.9994386
299.9980151
299.9943043
299.9943121
299.9945997
299.9948484
299.9950573
299.9952254
299.9953521
299.9954369
299.9954794
2239.982239
2248.823019
2268.474268
2299.99654
2339.53015
2388.761519
2511.500611
2392.284703
2191.159149
2283.179718
793.3484019
370.5579524
307.7074986
300.7156531
300.0591374
300.0044469
300.0003082
300.0000199
300.0000012
300.0000001
300
300
300
300
299.9999999
299.9999993
299.9999955
299.9999737
299.9998682
299.9994386
299.9980151
299.9943043
299.9943121
299.9945997
299.9948484
299.9950573
299.9952254
299.9953521
299.9954369
299.9954794
2266.325278
2272.776483
2286.263468
2304.692817
2316.332446
2286.014948
2075.599357
1966.374168
1613.13233
865.0198783
421.1095799
317.7254723
302.0841556
300.2123421
300.0193281
300.0015924
300.0001197
300.0000082
300.0000005
300
300
300
300
300
299.9999999
299.9999993
299.9999955
299.9999737
299.9998682
299.9994386
299.9980151
299.9943043
299.9943121
299.9945997
299.9948484
299.9950573
299.9952254
299.9953521
299.9954369
299.9954794
2285.112831
2290.288607
2300.756875
2314.519109
2324.664197
2318.233929
2289.166206
2312.953933
1617.977466
577.7755526
351.8547677
308.0926636
301.0615834
300.1194175
300.0117222
300.0010186
300.0000793
300.0000056
300.0000004
300
300
300
300
300
299.9999999
299.9999993
299.9999955
299.9999737
299.9998682
299.9994386
299.9980151
299.9943043
299.9943121
299.9945997
299.9948484
299.9950573
299.9952254
299.9953521
299.9954369
299.9954794
2295.59398
2300.169928
2309.419171
2321.836007
2332.850721
2333.569662
2311.53469
2295.985301
1492.50958
521.2857984
340.3536664
306.3861934
300.8509011
300.0965263
300.009489
300.0008215
300.0000635
300.0000044
300.0000003
300
300
300
300
300
299.9999999
299.9999993
299.9999955
299.9999737
299.9998682
299.9994386
299.9980151
299.9943043
299.9943121
299.9945997
299.9948484
299.9950573
299.9952254
299.9953521
299.9954369
299.9954794
2296.624165
2300.826112
2309.422712
2321.266573
2332.667981
2335.385954
2314.118618
2299.48735
1332.355366
492.4118183
335.5653822
305.6203091
300.7424845
300.0832568
300.0080778
300.0006896
300.0000525
300.0000036
300.0000002
300
300
300
300
300
299.9999999
299.9999993
299.9999955
299.9999737
299.9998682
299.9994386
299.9980151
299.9943043
299.9943121
299.9945997
299.9948484
299.9950573
299.9952254
299.9953521
299.9954369
299.9954794
2287.379433
2291.195775
2299.176341
2310.540588
2322.141802
2326.041664
2306.577147
2294.146478
1152.193193
469.5156111
331.9955902
305.0355049
300.6576713
300.0727424
300.0069554
300.000585
300.0000439
300.000003
300.0000002
300
300
300
300
300
299.9999999
299.9999993
299.9999955
299.9999737
299.9998682
299.9994386
299.9980151
299.9943043
299.9943121
299.9945997
299.9948484
299.9950573
299.9952254
299.9953521
299.9954369
299.9954794
2267.710689
2271.030806
2278.043775
2288.523969
2300.183525
2305.73949
2290.670536
2281.227845
999.2851612
451.940683
329.1103916
304.548603
300.586643
300.0639699
300.0060265
300.0004993
300.0000369
300.0000025
300.0000001
300
300
300
300
300
299.9999999
299.9999993
299.9999955
299.9999737
299.9998682
299.9994386
299.9980151
299.9943043
299.9943121
299.9945997
299.9948484
299.9950573
299.9952254
299.9953521
299.9954369
299.9954794
2237.907928
2240.364757
2245.729216
2254.402511
2265.625137
2273.261449
2265.574334
2259.441988
896.5397624
439.2496114
326.7613651
304.1351305
300.525833
300.0564898
300.0052418
300.0004277
300.0000311
300.000002
300.0000001
300
300
300
300
300
299.9999999
299.9999993
299.9999955
299.9999737
299.9998682
299.9994386
299.9980151
299.9943043
299.9943121
299.9945997
299.9948484
299.9950573
299.9952254
299.9953521
299.9954369
299.9954794
2198.589933
2199.921239
2202.464873
2207.805611
2217.277081
2226.82777
2229.753403
2226.389101
837.1406764
429.7760536
324.7548173
303.7712961
300.4723193
300.049966
300.0045657
300.0003669
300.0000263
300.0000017
300.0000001
300
300
300
300
300
299.9999999
299.9999993
299.9999955
299.9999737
299.9998682
299.9994386
299.9980151
299.9943043
299.9943121
299.9945997
299.9948484
299.9950573
299.9952254
299.9953521
299.9954369
299.9954794
2150.82467
2150.581281
2148.998444
2149.220229
2153.865956
2164.008625
2183.974726
2183.226907
800.2479881
421.5866573
322.9070613
303.4377019
300.4239646
300.0441627
300.0039733
300.0003144
300.0000222
300.0000014
300.0000001
300
300
300
300
300
299.9999999
299.9999993
299.9999955
299.9999737
299.9998682
299.9994386
299.9980151
299.9943043
299.9943121
299.9945997
299.9948484
299.9950573
299.9952254
299.9953521
299.9954369
299.9954794
2095.159904
2092.856794
2086.263538
2079.77133
2076.041324
2086.034717
2130.682118
2133.162777
774.3383559
414.2203545
321.1742493
303.1279135
300.3798483
300.03896
300.0034509
300.0002688
300.0000187
300.0000012
300.0000001
300
300
300
300
300
299.9999999
299.9999993
299.9999955
299.9999737
299.9998682
299.9994386
299.9980151
299.9943043
299.9943121
299.9945997
299.9948484
299.9950573
299.9952254
299.9953521
299.9954369
299.9954794
2032.002039
2026.774027
2014.754896
2000.584182
1985.169165
1989.142465
2066.498678
2072.334362
762.7100985
407.5289967
319.482626
302.8290211
300.3381229
300.0341282
300.0029738
300.0002278
300.0000156
300.000001
300.0000001
300
300
300
300
300
299.9999999
299.9999993
299.9999955
299.9999737
299.9998682
299.9994386
299.9980151
299.9943043
299.9943121
299.9945997
299.9948484
299.9950573
299.9952254
299.9953521
299.9954369
299.9954794
1963.149337
1953.667805
1938.135038
1917.888001
1880.981778
1859.157248
1978.521406
2001.832439
748.7026156
399.291567
317.6287337
302.5204925
300.2963239
300.0293767
300.0025117
300.0001887
300.0000126
300.0000008
300
300
300
300
300
300
299.9999999
299.9999993
299.9999955
299.9999737
299.9998682
299.9994386
299.9980151
299.9943043
299.9943121
299.9945997
299.9948484
299.9950573
299.9952254
299.9953521
299.9954369
299.9954794
1892.949857
1878.072431
1857.770026
1836.13542
1779.904883
1761.916906
1887.853256
1937.291637
694.7833608
387.507468
315.6166708
302.2160483
300.2564788
300.0249277
300.0020854
300.0001531
300.00001
300.0000006
300
300
300
300
300
300
299.9999999
299.9999993
299.9999955
299.9999737
299.9998682
299.9994386
299.9980151
299.9943043
299.9943121
299.9945997
299.9948484
299.9950573
299.9952254
299.9953521
299.9954369
299.9954794
1832.810214
1814.7836
1786.168137
1753.92786
1710.710091
1715.408917
1781.66906
1679.289365
604.3748596
375.016379
313.8868933
301.9682279
300.2244512
300.0213932
300.001752
300.0001258
300.000008
300.0000005
300
300
300
300
300
300
299.9999999
299.9999993
299.9999955
299.9999737
299.9998682
299.9994386
299.9980151
299.9943043
299.9943121
299.9945997
299.9948484
299.9950573
299.9952254
299.9953521
299.9954369
299.9954794
1786.159699
1770.242786
1742.74061
1710.703516
1707.282589
1708.858078
1721.115104
1177.879489
553.9754134
368.7177106
312.7429952
301.780544
300.1994378
300.018651
300.001498
300.0001055
300.0000066
300.0000004
300
300
300
300
300
300
299.9999999
299.9999993
299.9999955
299.9999737
299.9998682
299.9994386
299.9980151
299.9943043
299.9943121
299.9945997
299.9948484
299.9950573
299.9952254
299.9953521
299.9954369
299.9954794
1741.46028
1729.998466
1710.753814
1700.261435
1708.167757
1707.832327
1694.458413
922.3853712
536.378303
364.5667148
311.8111214
301.6220197
300.1784444
300.0163886
300.0012927
300.0000894
300.0000055
300.0000003
300
300
300
300
300
300
299.9999999
299.9999993
299.9999955
299.9999737
299.9998682
299.9994386
299.9980151
299.9943043
299.9943121
299.9945997
299.9948484
299.9950573
299.9952254
299.9953521
299.9954369
299.9954794
1695.822474
1685.790038
1666.680235
1648.978677
1660.787399
1652.253248
1473.526599
852.6791631
527.3227451
361.2434449
310.9984894
301.4826107
300.1601524
300.014446
300.0011193
300.000076
300.0000046
300.0000003
300
300
300
300
300
300
299.9999999
299.9999993
299.9999955
299.9999737
299.9998682
299.9994386
299.9980151
299.9943043
299.9943121
299.9945997
299.9948484
299.9950573
299.9952254
299.9953521
299.9954369
299.9954794
1650.320102
1639.324177
1614.233074
1573.691826
1505.019175
1345.256043
958.5223729
818.0393749
516.929267
357.7461608
310.2062315
301.3526509
300.1436039
300.012729
300.0009691
300.0000647
300.0000038
300.0000002
300
300
300
300
300
300
299.9999999
299.9999993
299.9999955
299.9999737
299.9998682
299.9994386
299.9980151
299.9943043
299.9943121
299.9945997
299.9948484
299.9950573
299.9952254
299.9953521
299.9954369
299.9954794
1608.370795
1596.421357
1566.722341
1511.954711
1412.951887
1226.369651
899.8491255
852.8673959
517.4190606
355.9156739
309.6317724
301.2483717
300.1298315
300.0112845
300.0008429
300.0000552
300.0000032
300.0000002
300
300
300
300
300
300
299.9999999
299.9999993
299.9999955
299.9999737
299.9998682
299.9994386
299.9980151
299.9943043
299.9943121
299.9945997
299.9948484
299.9950573
299.9952254
299.9953521
299.9954369
299.9954794
1573.069851
1561.523273
1531.653625
1473.847768
1369.478756
1182.531422
894.4476668
831.7586482
506.6323139
352.5812188
308.9335377
301.1401815
300.1166552
300.0099686
300.0007318
300.0000471
300.0000027
300.0000001
300
300
300
300
300
300
299.9999999
299.9999993
299.9999955
299.9999737
299.9998682
299.9994386
299.9980151
299.9943043
299.9943121
299.9945997
299.9948484
299.9950573
299.9952254
299.9953521
299.9954369
299.9954794
1546.104338
1536.759248
1511.850082
1461.969563
1370.928782
1206.802587
916.5965825
848.7415797
505.0652604
350.8519736
308.4481199
301.0554765
300.1057507
300.0088505
300.0006363
300.0000401
300.0000022
300.0000001
300
300
300
300
300
300
299.9999999
299.9999993
299.9999955
299.9999737
299.9998682
299.9994386
299.9980151
299.9943043
299.9943121
299.9945997
299.9948484
299.9950573
299.9952254
299.9953521
299.9954369
299.9954794
1527.084194
1521.162317
1504.877938
1471.912875
1414.298599
1326.955538
1220.207388
890.2622326
498.9581632
347.4568168
307.6980838
300.9419898
300.0924711
300.0075794
300.0005333
300.0000329
300.0000018
300.0000001
300
300
300
300
300
300
299.9999999
299.9999993
299.9999955
299.9999737
299.9998682
299.9994386
299.9980151
299.9943043
299.9943121
299.9945997
299.9948484
299.9950573
299.9952254
299.9953521
299.9954369
299.9954794
1514.219952
1512.124424
1505.755257
1494.758659
1490.384247
1589.857648
1682.767335
773.4408865
439.6660765
335.6488229
306.0086157
300.7475873
300.0736152
300.006
300.0004173
300.0000253
300.0000014
300.0000001
300
300
300
300
300
300
299.9999999
299.9999993
299.9999955
299.9999737
299.9998682
299.9994386
299.9980151
299.9943043
299.9943121
299.9945997
299.9948484
299.9950573
299.9952254
299.9953521
299.9954369
299.9954794
1505.462733
1506.592478
1507.48329
1508.439539
1515.550325
1540.578693
1508.246482
765.9594914
454.0575167
337.4527855
305.9949576
300.7121824
300.0672154
300.0052631
300.0003522
300.0000206
300.0000011
300
300
300
300
300
300
300
299.9999999
299.9999993
299.9999955
299.9999737
299.9998682
299.9994386
299.9980151
299.9943043
299.9943121
299.9945997
299.9948484
299.9950573
299.9952254
299.9953521
299.9954369
299.9954794
1498.255614
1502.657321
1508.648821
1515.309754
1522.493908
1523.759813
1471.697646
1132.265224
551.2086513
351.0637051
307.2068908
300.7761805
300.0675275
300.0049273
300.0003096
300.0000171
300.0000008
300
300
300
300
300
300
300
299.9999999
299.9999993
299.9999955
299.9999737
299.9998682
299.9994386
299.9980151
299.9943043
299.9943121
299.9945997
299.9948484
299.9950573
299.9952254
299.9953521
299.9954369
299.9954794
1483.648248
1488.298749
1494.427103
1504.525236
1530.571298
1623.173012
1649.776393
1171.58559
548.6174512
346.8895938
306.2226457
300.6341398
300.052405
300.003642
300.0002184
300.0000115
300.0000005
300
300
300
300
300
300
300
299.9999999
299.9999993
299.9999955
299.9999737
299.9998682
299.9994386
299.9980151
299.9943043
299.9943121
299.9945997
299.9948484
299.9950573
299.9952254
299.9953521
299.9954369
299.9954794
1455.378609
1453.174912
1444.029402
1426.82539
1410.671913
1448.77086
1570.411207
877.2691158
412.2980745
321.9642328
302.9644047
300.3027539
300.024844
300.0017042
300.0001004
300.0000052
300.0000002
300
300
300
300
300
300
300
299.9999999
299.9999993
299.9999955
299.9999737
299.9998682
299.9994386
299.9980151
299.9943043
299.9943121
299.9945997
299.9948484
299.9950573
299.9952254
299.9953521
299.9954369
299.9954794
1420.705033
1411.172656
1382.362987
1327.626124
1251.694614
1161.278731
1037.840477
394.7438208
326.1089644
305.6099256
300.7878178
300.0820663
300.0068058
300.0004699
300.0000279
300.0000015
300.0000001
300
300
300
300
300
300
300
299.9999999
299.9999993
299.9999955
299.9999737
299.9998682
299.9994386
299.9980151
299.9943043
299.9943121
299.9945997
299.9948484
299.9950573
299.9952254
299.9953521
299.9954369
299.9954794
1383.261339
1368.683954
1328.844677
1255.97627
1142.021994
974.7453315
735.7731353
320.3295748
305.1556197
301.0970248
300.1548334
300.0163035
300.0013783
300.0000988
300.0000063
300.0000004
300
300
300
300
300
300
300
300
299.9999999
299.9999993
299.9999955
299.9999737
299.9998682
299.9994386
299.9980151
299.9943043
299.9943121
299.9945997
299.9948484
299.9950573
299.9952254
299.9953521
299.9954369
299.9954794
1347.197449
1329.093919
1284.595023
1203.953643
1076.410062
889.8044884
639.4877917
312.2383849
301.6740792
300.2794142
300.0351861
300.0035197
300.0002939
300.0000215
300.0000014
300.0000001
300
300
300
300
300
300
300
300
299.9999999
299.9999993
299.9999955
299.9999737
299.9998682
299.9994386
299.9980151
299.9943043
299.9943121
299.9945997
299.9948484
299.9950573
299.9952254
299.9953521
299.9954369
299.9954794
1321.592738
1301.670212
1256.358304
1176.790773
1052.263114
873.2460215
636.3148792
312.8512282
301.364996
300.16275
300.016164
300.0013511
300.0000943
300.0000051
300.0000001
300
300
300
300
300
300
300
300
300
299.9999999
299.9999993
299.9999955
299.9999737
299.9998682
299.9994386
299.9980151
299.9943043
299.9943121
299.9945997
299.9948484
299.9950573
299.9952254
299.9953521
299.9954369
299.9954794
1313.898127
1295.196944
1255.076701
1188.248784
1087.430347
945.9469224
766.3579445
355.8055515
310.3652102
300.4525246
300.0262394
300.0015363
300.0000753
300.0000018
299.9999997
299.9999999
300
300
300
300
300
300
300
300
299.9999999
299.9999993
299.9999955
299.9999737
299.9998682
299.9994386
299.9980151
299.9943043
299.9943121
299.9945997
299.9948484
299.9950573
299.9952254
299.9953521
299.9954369
299.9954794
1327.360945
1314.164429
1288.368276
1251.533529
1209.844362
1184.159827
1250.27788
1253.901082
354.6511473
302.9217606
300.1574752
300.0076996
300.0003244
300.0000103
300
299.9999999
300
300
300
300
300
300
300
300
299.9999999
299.9999993
299.9999955
299.9999737
299.9998682
299.9994386
299.9980151
299.9943043
299.9943121
299.9945997
299.9948484
299.9950573
299.9952254
299.9953521
299.9954369
299.9954794
1360.295264
1356.583153
1353.233888
1361.048514
1407.056008
1559.424294
1886.075237
1702.397808
496.9114441
313.1408187
300.7934144
300.040535
300.001754
300.0000643
300.0000018
300
300
300
300
300
300
300
300
300
299.9999999
299.9999993
299.9999955
299.9999737
299.9998682
299.9994386
299.9980151
299.9943043
299.9943121
299.9945997
299.9948484
299.9950573
299.9952254
299.9953521
299.9954369
299.9954794
1406.329623
1414.003515
1436.656974
1493.388021
1619.806095
1847.256145
1921.447334
2082.576861
542.0383848
324.8129432
301.8387463
300.1067163
300.0051187
300.0002098
300.0000074
300.0000002
300
300
300
300
300
300
300
300
299.9999999
299.9999993
299.9999955
299.9999737
299.9998682
299.9994386
299.9980151
299.9943043
299.9943121
299.9945997
299.9948484
299.9950573
299.9952254
299.9953521
299.9954369
299.9954794
1456.503775
1473.274175
1513.874744
1593.540238
1739.140261
1991.848096
2385.198681
2578.425248
912.6285861
360.3814203
304.2707061
300.2499204
300.0125916
300.0005589
300.0000222
300.0000008
300
300
300
300
300
300
300
300
299.9999999
299.9999993
299.9999955
299.9999737
299.9998682
299.9994386
299.9980151
299.9943043
299.9943121
299.9945997
299.9948484
299.9950573
299.9952254
299.9953521
299.9954369
299.9954794
1503.380056
1525.465
1577.71328
1673.977019
1835.985898
2097.29754
2498.866275
2562.559122
1230.844121
399.9864723
307.9616555
300.51259
300.0283902
300.001399
300.0000629
300.0000026
300.0000001
300
300
300
300
300
300
300
299.9999999
299.9999993
299.9999955
299.9999737
299.9998682
299.9994386
299.9980151
299.9943043
299.9943121
299.9945997
299.9948484
299.9950573
299.9952254
299.9953521
299.9954369
299.9954794
1543.070035
1566.840642
1622.136297
1719.9733
1875.385495
2105.579492
2426.862615
2452.047099
1529.402866
452.9988364
314.1056195
301.0284746
300.0638016
300.0035171
300.0001771
300.0000083
300.0000004
300
300
300
300
300
300
300
299.9999999
299.9999993
299.9999955
299.9999737
299.9998682
299.9994386
299.9980151
299.9943043
299.9943121
299.9945997
299.9948484
299.9950573
299.9952254
299.9953521
299.9954369
299.9954794
1574.843648
1598.163148
1650.469514
1739.649868
1877.20231
2087.479229
2455.436642
2502.378926
1669.147621
521.3374334
323.4858749
301.9418526
300.1356049
300.0083725
300.0004702
300.0000245
300.0000012
300.0000001
300
300
300
300
300
300
299.9999999
299.9999993
299.9999955
299.9999737
299.9998682
299.9994386
299.9980151
299.9943043
299.9943121
299.9945997
299.9948484
299.9950573
299.9952254
299.9953521
299.9954369
299.9954794
1599.069372
1620.790907
1667.052503
1742.230932
1851.216937
1999.039136
2171.033205
2176.644946
2311.529726
613.6398221
336.4453404
303.3874603
300.2661255
300.0183857
300.0011481
300.000066
300.0000035
300.0000002
300
300
300
300
300
300
299.9999999
299.9999993
299.9999955
299.9999737
299.9998682
299.9994386
299.9980151
299.9943043
299.9943121
299.9945997
299.9948484
299.9950573
299.9952254
299.9953521
299.9954369
299.9954794
1616.137576
1635.367257
1674.777316
1736.282035
1821.80257
1933.516483
2069.94717
2241.029875
2300.32745
709.4781187
351.8598561
305.4401956
300.4800594
300.0370067
300.0025608
300.0001621
300.0000095
300.0000005
300
300
300
300
300
300
299.9999999
299.9999993
299.9999955
299.9999737
299.9998682
299.9994386
299.9980151
299.9943043
299.9943121
299.9945997
299.9948484
299.9950573
299.9952254
299.9953521
299.9954369
299.9954794
1626.787521
1643.064185
1675.781393
1725.184018
1791.05469
1872.024708
1961.884745
2046.66892
2047.863327
769.0364184
368.2293592
308.0187759
300.7947405
300.0683567
300.0052332
300.0003637
300.0000233
300.0000014
300.0000001
300
300
300
300
300
299.9999999
299.9999993
299.9999955
299.9999737
299.9998682
299.9994386
299.9980151
299.9943043
299.9943121
299.9945997
299.9948484
299.9950573
299.9952254
299.9953521
299.9954369
299.9954794
1632.572811
1645.918351
1672.355539
1711.024002
1760.132875
1815.705276
1868.432025
1900.000238
1897.238486
741.1875203
379.9076105
310.9548841
301.2271777
300.1174963
300.0099147
300.0007536
300.0000524
300.0000034
300.0000002
300
300
300
300
300
299.9999999
299.9999993
299.9999955
299.9999737
299.9998682
299.9994386
299.9980151
299.9943043
299.9943121
299.9945997
299.9948484
299.9950573
299.9952254
299.9953521
299.9954369
299.9954794
1635.316008
1646.058968
1667.006737
1696.703033
1732.398611
1768.94077
1796.937084
1799.586159
1795.116432
753.0672383
395.9919898
314.8023779
301.8359988
300.1929861
300.0177644
300.0014652
300.0001101
300.0000076
300.0000005
300
300
300
300
300
299.9999999
299.9999993
299.9999955
299.9999737
299.9998682
299.9994386
299.9980151
299.9943043
299.9943121
299.9945997
299.9948484
299.9950573
299.9952254
299.9953521
299.9954369
299.9954794
1636.509775
1645.068346
1661.497481
1684.103115
1709.924978
1733.981319
1748.671815
1740.536888
1735.652268
781.0318969
414.2679298
319.4795037
302.6443924
300.3023104
300.0301332
300.0026817
300.0002168
300.0000161
300.0000011
300.0000001
300
300
300
300
299.9999999
299.9999993
299.9999955
299.9999737
299.9998682
299.9994386
299.9980151
299.9943043
299.9943121
299.9945997
299.9948484
299.9950573
299.9952254
299.9953521
299.9954369
299.9954794
1637.167301
1643.998041
1656.923122
1674.268456
1693.35774
1710.192587
1720.038477
1716.376453
1714.43902
808.1267407
432.5986578
324.7056729
303.6472674
300.4515418
300.0485629
300.0046479
300.0004029
300.0000321
300.0000024
300.0000002
300
300
300
300
299.9999999
299.9999993
299.9999955
299.9999737
299.9998682
299.9994386
299.9980151
299.9943043
299.9943121
299.9945997
299.9948484
299.9950573
299.9952254
299.9953521
299.9954369
299.9954794
1637.828091
1643.341733
1653.655522
1667.252321
1681.886888
1694.603675
1702.587252
1702.742043
1701.936364
825.7475519
449.2678156
330.2908385
304.8480742
300.6477135
300.0748847
300.0076795
300.0007112
300.0000603
300.0000047
300.0000003
300
300
300
300
299.9999999
299.9999993
299.9999955
299.9999737
299.9998682
299.9994386
299.9980151
299.9943043
299.9943121
299.9945997
299.9948484
299.9950573
299.9952254
299.9953521
299.9954369
299.9954794
1638.681724
1643.237529
1651.688675
1662.68891
1674.328781
1684.313066
1690.681454
1691.590574
1690.717721
843.8362324
466.0215027
336.3483847
306.2615515
300.8975661
300.1110071
300.0121441
300.0011967
300.0001077
300.0000089
300.0000007
300.0000001
300
300
300
299.9999999
299.9999993
299.9999955
299.9999737
299.9998682
299.9994386
299.9980151
299.9943043
299.9943121
299.9945997
299.9948484
299.9950573
299.9952254
299.9953521
299.9954369
299.9954794
1639.677818
1643.567662
1650.759991
1660.048328
1669.700587
1677.327285
1681.502115
1683.91562
1684.936268
858.1685549
481.2497348
342.5415707
307.8468592
301.2011813
300.1581972
300.018379
300.001918
300.0001823
300.0000159
300.0000013
300.0000001
300
300
300
299.9999999
299.9999993
299.9999955
299.9999737
299.9998682
299.9994386
299.9980151
299.9943043
299.9943121
299.9945997
299.9948484
299.9950573
299.9952254
299.9953521
299.9954369
299.9954794
1640.620332
1644.08218
1650.542435
1658.927519
1667.102516
1672.02854
1671.064551
1661.847489
1660.764461
867.9128939
494.490836
348.5383543
309.524446
301.5483961
300.2160311
300.0265132
300.0029143
300.0002908
300.0000266
300.0000023
300.0000002
300
300
300
299.9999999
299.9999993
299.9999955
299.9999737
299.9998682
299.9994386
299.9980151
299.9943043
299.9943121
299.9945997
299.9948484
299.9950573
299.9952254
299.9953521
299.9954369
299.9954794
1641.202907
1644.336587
1650.245955
1658.066071
1666.011847
1671.440286
1670.751317
1653.291209
1629.986701
888.0824215
507.7166469
354.2498772
311.2037571
301.9182573
300.2814347
300.0362309
300.0041654
300.0004334
300.0000413
300.0000036
300.0000003
300
300
300
299.9999999
299.9999993
299.9999955
299.9999737
299.9998682
299.9994386
299.9980151
299.9943043
299.9943121
299.9945997
299.9948484
299.9950573
299.9952254
299.9953521
299.9954369
299.9954794
1641.139055
1643.933783
1649.315242
1656.825002
1665.741761
1675.760741
1688.67027
1690.793655
1680.394053
939.3964172
523.7339951
359.7559293
312.7792887
302.2752703
300.3472709
300.0464472
300.0055361
300.0005958
300.0000585
300.0000053
300.0000004
300
300
300
299.9999999
299.9999993
299.9999955
299.9999737
299.9998682
299.9994386
299.9980151
299.9943043
299.9943121
299.9945997
299.9948484
299.9950573
299.9952254
299.9953521
299.9954369
299.9954794
1640.39865
1642.83608
1647.61457
1654.699141
1664.684363
1680.147008
1707.263869
1709.24364
1682.748051
962.1021148
533.3341402
363.4079424
313.8900323
302.540872
300.3987555
300.0548108
300.006706
300.0007397
300.0000743
300.0000069
300.0000006
300
300
300
299.9999999
299.9999993
299.9999955
299.9999737
299.9998682
299.9994386
299.9980151
299.9943043
299.9943121
299.9945997
299.9948484
299.9950573
299.9952254
299.9953521
299.9954369
299.9954794
1638.930348
1640.700064
1644.129211
1649.313386
1657.447126
1672.770036
1703.281622
1712.543463
1570.905049
922.9993064
522.1580287
361.2988393
313.6720376
302.5489508
300.4076588
300.0570671
300.0071041
300.0007965
300.0000812
300.0000076
300.0000007
300.0000001
300
300
299.9999999
299.9999993
299.9999955
299.9999737
299.9998682
299.9994386
299.9980151
299.9943043
299.9943121
299.9945997
299.9948484
299.9950573
299.9952254
299.9953521
299.9954369
299.9954794
1637.219774
1638.115798
1639.46155
1640.615412
1641.520477
1646.966057
1658.042772
1653.612488
1252.987842
779.8608555
476.3964937
349.8416666
311.3258039
302.1444269
300.3475864
300.0492417
300.0061966
300.0007016
300.0000722
300.0000068
300.0000006
300
300
300
299.9999999
299.9999993
299.9999955
299.9999737
299.9998682
299.9994386
299.9980151
299.9943043
299.9943121
299.9945997
299.9948484
299.9950573
299.9952254
299.9953521
299.9954369
299.9954794
1636.006981
1636.179312
1635.578349
1631.913047
1619.793574
1585.898809
1515.697196
1439.793937
967.3901235
632.7180768
423.8361418
335.46757
308.1528988
301.5587605
300.2547971
300.0363684
300.0046078
300.000525
300.0000544
300.0000052
300.0000005
300
300
300
299.9999999
299.9999993
299.9999955
299.9999737
299.9998682
299.9994386
299.9980151
299.9943043
299.9943121
299.9945997
299.9948484
299.9950573
299.9952254
299.9953521
299.9954369
299.9954794
)
;

boundaryField
{
    lowerWall
    {
        type            zeroGradient;
    }
    atmosphere
    {
        type            zeroGradient;
    }
    rightWall
    {
        type            empty;
    }
    leftWall
    {
        type            empty;
    }
    frontAndBack
    {
        type            fixedGradient;
        gradient        uniform -50;
    }
}


// ************************************************************************* //
