/*--------------------------------*- C++ -*----------------------------------*\
| =========                 |                                                 |
| \\      /  F ield         | OpenFOAM: The Open Source CFD Toolbox           |
|  \\    /   O peration     | Version:  2506                                  |
|   \\  /    A nd           | Website:  www.openfoam.com                      |
|    \\/     M anipulation  |                                                 |
\*---------------------------------------------------------------------------*/
FoamFile
{
    version     2.0;
    format      ascii;
    arch        "LSB;label=32;scalar=64";
    class       volScalarField;
    location    "0.004";
    object      TLiquidus;
}
// * * * * * * * * * * * * * * * * * * * * * * * * * * * * * * * * * * * * * //

dimensions      [0 0 0 1 0 0 0];

internalField   nonuniform List<scalar> 
3200
(
10
10
1723
34.50398537
10
10.00000089
1723
1723
1723
1723
1723
1723
1723
1723
1723
1723
1723
1723
1723
1723
1723
1723
1723
1723
1723
1723
1723
1723
1723
1723
1723
1723
10.00000045
10
10
10
10
10
10
10
10
10
10
10.00000001
10.00000001
10.00000488
1723
1723
1723
1723
1723
1723
1723
1723
1723
1723
1723
1723
1723
1723
1723
1723
1723
1723
1723
1723
1723
1723
1723
1723
1723
1723
10.00000046
10
10
10
10
10
10
10
10
10
10
10.00000001
10.00000001
10.00000091
1723
1723
1723
1723
1723
1723
1723
1723
1723
1723
1723
1723
1723
1723
1723
1723
1723
1723
1723
1723
1723
1723
1723
1723
1723
1723
10.00000046
10
10
10
10
10
10
10
10
10
10
10.00000001
10.00000001
10.00000021
1723
1723
1723
1723
1723
1723
1723
1723
1723
1723
1723
1723
1723
1723
1723
1723
1723
1723
1723
1723
1723
1723
1723
1723
1723
1723
10.00000046
10
10
10
10
10
10
10
10
10
10.00000001
10.00000002
10.00000002
10.00000005
46.26354782
1723
1723
1723
1723
1723
1723
1723
1723
1723
1723
1723
1723
1723
1723
1723
1723
1723
1723
1723
1723
1723
1723
1723
1723
1723
10.00000046
10
10
10
10
10
10
10
10
10
10.00000001
10.00000002
10.00000001
10.00000001
10
1723
1723
1723
1723
1723
1723
1723
1723
1723
1723
1723
1723
1723
1723
1723
1723
1723
1723
1723
1723
1723
1723
1723
1723
1723
10.00000047
10
10
10
10
10
10
10
10
10
10.00000001
10.00000001
10.00000001
10.00000001
10.00000001
1723
1723
1723
1723
1723
1723
1723
1723
1723
1723
1723
1723
1723
1723
1723
1723
1723
1723
1723
1723
1723
1723
1723
1723
1723
10.00000047
10
10
10
10
10
10
10
10
10.00000001
10.00000001
10.00000001
10
10
10
1723
1723
1723
1723
1723
1723
1723
1723
1723
1723
1723
1723
1723
1723
1723
1723
1723
1723
1723
1723
1723
1723
1723
1723
1723
10.00000047
10
10
10
10
10
10
10
10
10
10
10
10
10
10
10.00001851
1723
1723
1723
1723
1723
1723
1723
1723
1723
1723
1723
1723
1723
1723
1723
1723
1723
1723
1723
1723
1723
1723
1723
1723
10.00000048
10
10
10
10
10
10
10
10
10
10
10
10
10
10
10
1723
1723
1723
1723
1723
1723
1723
1723
1723
1723
1723
1723
1723
1723
1723
1723
1723
1723
1723
1723
1723
1723
1723
1723
10.00000048
10
10
10
10
10
10
10
10
10
10
10
10
10
10
10
10
1723
1723
1723
1723
1723
1723
1723
1723
1723
1723
1723
1723
1723
1723
1723
1723
1723
1723
1723
1723
1723
1723
1723
10.00000048
10
10
10
10
10
10
10
10
10
10
10
10
10
10
10
10
1723
1723
1723
1723
1723
1723
1723
1723
1723
1723
1723
1723
1723
1723
1723
1723
1723
1723
1723
1723
1723
1723
1723
10.00000048
10
10
10
10
10
10
10
10
10
10
10
10
10
10
10.18895147
10.03228522
1723
1723
1723
1723
1723
1723
1723
1723
1723
1723
1723
1723
1723
1723
1723
1723
1723
1723
1723
1723
1723
1723
1723
10.00000049
10
10
10
10
10
10
10
10
10
10
10
10
10
10
10.02080899
20.23370078
1723
1723
1723
1723
1723
1723
1723
1723
1723
1723
1723
1723
1723
1723
1723
1723
1723
1723
1723
1723
1723
1723
1723
10.00000049
10
10
10
10
10
10
10
10
10
10
10
10
10
10
10.00000001
10.00000001
1723
1723
1723
1723
1723
1723
1723
1723
1723
1723
1723
1723
1723
1723
1723
1723
1723
1723
1723
1723
1723
1723
1723
10.00000049
10
10
10
10
10
10
10
10
10
10
10
10
10
10.00000001
10.00000003
10.00000005
1723
1723
1723
1723
1723
1723
1723
1723
1723
1723
1723
1723
1723
1723
1723
1723
1723
1723
1723
1723
1723
1723
1723
10.00000049
10
10
10
10
10
10
10
10
10
10
10
10
10.00000001
10.00000002
10.00000009
10.00000016
1723
1723
1723
1723
1723
1723
1723
1723
1723
1723
1723
1723
1723
1723
1723
1723
1723
1723
1723
1723
1723
1723
1723
10.00000049
10
10
10
10
10
10
10
10
10
10
10
10
10.00000002
10.00000003
10.00000008
10.00000007
1723
1723
1723
1723
1723
1723
1723
1723
1723
1723
1723
1723
1723
1723
1723
1723
1723
1723
1723
1723
1723
1723
1723
10.00000049
10
10
10
10
10
10
10
10
10
10
10
10.00000001
10.00000004
10.00000004
10.00000003
10.00000001
1723
1723
1723
1723
1723
1723
1723
1723
1723
1723
1723
1723
1723
1723
1723
1723
1723
1723
1723
1723
1723
1723
1723
10.00000049
10
10
10
10
10
10
10
10
10
10
10
10
10.00000002
10.00000004
10.00000001
10
13.87073537
1723
1723
1723
1723
1723
1723
1723
1723
1723
1723
1723
1723
1723
1723
1723
1723
1723
1723
1723
1723
1723
1723
10.00000049
10
10
10
10
10
10
10
10
10
10
10
10
10.00000001
10.00000002
10.00000002
10
58.8090889
1723
1723
1723
1723
1723
1723
1723
1723
1723
1723
1723
1723
1723
1723
1723
1723
1723
1723
1723
1723
1723
1723
10.00000048
10
10
10
10
10
10
10
10
10
10
10
10
1723
1723
10
10
1723
1723
1723
1723
1723
1723
1723
1723
1723
1723
1723
1723
1723
1723
1723
1723
1723
1723
1723
1723
1723
1723
1723
10.00000048
10
10
10
10
10
10
10
10
10
10
10
10
10
1723
1723
10
1723
1723
1723
1723
1723
1723
1723
1723
1723
1723
1723
1723
1723
1723
1723
1723
1723
1723
1723
1723
1723
1723
1723
10.00000048
10
10
10
10
10
10
10
10
10
10
10
10
10
10.00000261
1723
57.17742077
1723
1723
1723
1723
1723
1723
1723
1723
1723
1723
1723
1723
1723
1723
1723
1723
1723
1723
1723
1723
1723
1723
1723
10.00000047
10
10
10
10
10
10
10
10
10
10
10
10
10
10.00000001
1723
1723
1723
1723
1723
1723
1723
1723
1723
1723
1723
1723
1723
1723
1723
1723
1723
1723
1723
1723
1723
1723
1723
1723
1723
10.00000047
10
10
10
10
10
10
10
10
10
10
10
10
10.00000001
10.00000001
1723
1723
1723
1723
1723
1723
1723
1723
1723
1723
1723
1723
1723
1723
1723
1723
1723
1723
1723
1723
1723
1723
1723
1723
1723
10.00000046
10
10
10
10
10
10
10
10
10
10.00000001
10.00000001
10.00000002
10.00000003
10.00000005
1723
1723
1723
1723
1723
1723
1723
1723
1723
1723
1723
1723
1723
1723
1723
1723
1723
1723
1723
1723
1723
1723
1723
1723
1723
10.00000045
10
10
10
10
10
10
10
10
10.00000002
10.00000004
10.00000007
10.0000001
10.00000012
10.00000011
1723
1723
1723
1723
1723
1723
1723
1723
1723
1723
1723
1723
1723
1723
1723
1723
1723
1723
1723
1723
1723
1723
1723
1723
1723
10.00000044
10
10
10
10
10
10
10
10.00000006
10.00000021
10.00000042
10.00000055
10.00000053
10.00000039
10.00000023
1723
1723
1723
1723
1723
1723
1723
1723
1723
1723
1723
1723
1723
1723
1723
1723
1723
1723
1723
1723
1723
1723
1723
1723
1723
10.00000043
10
10
10
10
10
10
10
10.00000016
10.00000047
10.00000084
10.00000108
10.00000096
10.00000065
10.00000035
1723
1723
1723
1723
1723
1723
1723
1723
1723
1723
1723
1723
1723
1723
1723
1723
1723
1723
1723
1723
1723
1723
1723
1723
1723
10.00000043
10
10
10
10
10
10
10
10.00000036
10.00000092
10.00000152
10.00000163
10.00000124
10.00000078
10.00000042
1723
1723
1723
1723
1723
1723
1723
1723
1723
1723
1723
1723
1723
1723
1723
1723
1723
1723
1723
1723
1723
1723
1723
1723
1723
10.00000042
10
10
10
10
10
10
10
10.0000007
10.00000135
10.00000166
10.00000126
10.00000091
10.00000064
10.00000042
1723
1723
1723
1723
1723
1723
1723
1723
1723
1723
1723
1723
1723
1723
1723
1723
1723
1723
1723
1723
1723
1723
1723
1723
1723
10.00000041
10
10
10
10
10
10
10
10.00000091
10.00000147
10.00000187
10.00000186
10.0000017
10.00000074
10.00000044
1723
1723
1723
1723
1723
1723
1723
1723
1723
1723
1723
1723
1723
1723
1723
1723
1723
1723
1723
1723
1723
1723
1723
1723
1723
10.0000004
10
10
10
10
10
10
10
10.00000082
10.00000121
10.00000116
10.00000134
10.00000149
10.0000008
10.00000048
1723
1723
1723
1723
1723
1723
1723
1723
1723
1723
1723
1723
1723
1723
1723
1723
1723
1723
1723
1723
1723
1723
1723
1723
1723
10.00000039
10
10
10
10
10
10
10
10.00000081
10.00000088
10.00000061
10.00000069
10.00000069
10.00000019
10.00000037
1723
1723
1723
1723
1723
1723
1723
1723
1723
1723
1723
1723
1723
1723
1723
1723
1723
1723
1723
1723
1723
1723
1723
1723
1723
10.00000038
10
10
10
10
10
10
10
10.00000064
10.00000045
10.00000031
10.00000044
10.00000017
10.02430495
10.00000018
1723
1723
1723
1723
1723
1723
1723
1723
1723
1723
1723
1723
1723
1723
1723
1723
1723
1723
1723
1723
1723
1723
1723
1723
1723
10.00000037
10
10
10
10
10
10
10
10.00000014
10.0000001
10.00000012
10.00000035
10.00000028
94.83360101
1723
1723
1723
1723
1723
1723
1723
1723
1723
1723
1723
1723
1723
1723
1723
1723
1723
1723
1723
1723
1723
1723
1723
1723
1723
1723
10.00000036
10
10
10
10
10
10
10
10.00000009
10.00000008
10.00000008
10.00000013
48.22601756
1723
1723
1723
1723
1723
1723
1723
1723
1723
1723
1723
1723
1723
1723
1723
1723
1723
1723
1723
1723
1723
1723
1723
1723
1723
1723
1723
10.00000035
10
10
10
10
10
10
10
10.00000003
10.00000005
10.00000004
10.00000002
1723
1723
1723
1723
1723
1723
1723
1723
1723
1723
1723
1723
1723
1723
1723
1723
1723
1723
1723
1723
1723
1723
1723
1723
1723
1723
1723
1723
10.00000034
10
10
10
10
10
10
10
10.00000001
10.00000002
10.00000003
10.00000003
1723
1723
1723
1723
1723
1723
1723
1723
1723
1723
1723
1723
1723
1723
1723
1723
1723
1723
1723
1723
1723
1723
1723
1723
1723
1723
1723
1723
10.00000033
10
10
10
10
10
10
10
10.00000049
10.00000053
10.00000035
10.0000002
10.00000015
10.00000014
10.00000002
1723
1723
1723
1723
1723
1723
1723
1723
1723
1723
1723
1723
1723
1723
1723
1723
1723
1723
1723
1723
1723
1723
1723
1723
1723
10.00000033
10
10
10
10
10
10
10
10.00000049
10.0000007
10.00000055
10.00000037
10.00000027
10.00000019
10.00000003
1723
1723
1723
1723
1723
1723
1723
1723
1723
1723
1723
1723
1723
1723
1723
1723
1723
1723
1723
1723
1723
1723
1723
1723
1723
10.00000032
10
10
10
10
10
10
10
10.00000022
10.00000036
10.00000031
10.00000026
10.00000022
10.00000017
10.00000002
1723
1723
1723
1723
1723
1723
1723
1723
1723
1723
1723
1723
1723
1723
1723
1723
1723
1723
1723
1723
1723
1723
1723
1723
1723
10.00000031
10
10
10
10
10
10
10
10.00000007
10.00000012
10.00000011
10.00000011
10.00000014
10.00000013
15.01821735
1723
1723
1723
1723
1723
1723
1723
1723
1723
1723
1723
1723
1723
1723
1723
1723
1723
1723
1723
1723
1723
1723
1723
1723
1723
10.00000031
10
10
10
10
10
10
10
10.00000003
10.00000006
10.00000006
10.00000006
10.00000009
10.00000011
10.00000001
1723
1723
1723
1723
1723
1723
1723
1723
1723
1723
1723
1723
1723
1723
1723
1723
1723
1723
1723
1723
1723
1723
1723
1723
1723
10.0000003
10
10
10
10
10
10
10
10.00000002
10.00000004
10.00000005
10.00000005
10.00000007
10.00000008
10
1723
1723
1723
1723
1723
1723
1723
1723
1723
1723
1723
1723
1723
1723
1723
1723
1723
1723
1723
1723
1723
1723
1723
1723
1723
10.0000003
10
10
10
10
10
10
10
10.00000008
10.00000011
10.0000001
10.00000009
10.00000008
10.00000008
1723
1723
1723
1723
1723
1723
1723
1723
1723
1723
1723
1723
1723
1723
1723
1723
1723
1723
1723
1723
1723
1723
1723
1723
1723
1723
10.00000029
10
10
10
10
10
10
10
10.00000025
10.00000026
10.00000019
10.00000011
10.00000006
10.00000004
10
1723
1723
1723
1723
1723
1723
1723
1723
1723
1723
1723
1723
1723
1723
1723
1723
1723
1723
1723
1723
1723
1723
1723
1723
1723
10.00000029
10
10
10
10
10
10
10
10.0000001
10.00000004
10.00000005
10.00000004
10.00000003
10.00000002
44.92983263
1723
1723
1723
1723
1723
1723
1723
1723
1723
1723
1723
1723
1723
1723
1723
1723
1723
1723
1723
1723
1723
1723
1723
1723
1723
10.00000029
10
10
10
10
10
10
10
10.00000006
10.00000003
10.00000003
10.00000003
10.00000002
10.00000002
1723
1723
1723
1723
1723
1723
1723
1723
1723
1723
1723
1723
1723
1723
1723
1723
1723
1723
1723
1723
1723
1723
1723
1723
1723
1723
10.00000029
10
10
10
10
10
10
10
10.00000018
10.00000006
10.00000005
10.00000007
10.00000015
10.00000031
46.89372538
1723
1723
1723
1723
1723
1723
1723
1723
1723
1723
1723
1723
1723
1723
1723
1723
1723
1723
1723
1723
1723
1723
1723
1723
1723
10.00000029
10
10
10
10
10
10
10
10.00000081
10.00000047
10.00000039
10.00000014
10.0000003
10.00000075
10.00000114
10.00514067
1723
1723
1723
1723
1723
1723
1723
1723
1723
1723
1723
1723
1723
1723
1723
1723
1723
1723
1723
1723
1723
1723
1723
1723
10.00000028
10
10
10
10
10
10
10
10.00000167
10.0000014
10.00000162
10.00000097
10.00000037
10.00000084
10.00000124
10.00287972
1723
1723
1723
1723
1723
1723
1723
1723
1723
1723
1723
1723
1723
1723
1723
1723
1723
1723
1723
1723
1723
1723
1723
1723
10.00000029
10
10
10
10
10
10
10
10.00000227
10.00000235
10.00000257
10.00000126
10.00000045
10.00000061
10.00000033
10.01083678
1723
1723
1723
1723
1723
1723
1723
1723
1723
1723
1723
1723
1723
1723
1723
1723
1723
1723
1723
1723
1723
1723
1723
1723
10.00000029
10
10
10
10
10
10
10
10.00000244
10.00000256
10.00000253
10.00000068
10.00000031
10.00000039
10.00000024
10.00001883
1723
1723
1723
1723
1723
1723
1723
1723
1723
1723
1723
1723
1723
1723
1723
1723
1723
1723
1723
1723
1723
1723
1723
1723
10.00000029
10
10
10
10
10
10
10
10.00000205
10.00000206
10.00000181
10.00000032
10.00000023
10.00000027
10.00000072
10.00000564
1723
1723
1723
1723
1723
1723
1723
1723
1723
1723
1723
1723
1723
1723
1723
1723
1723
1723
1723
1723
1723
1723
1723
1723
10.00000029
10
10
10
10
10
10
10
10.0000014
10.00000141
10.00000119
10.00000019
10.00000014
10.00000015
10.00000013
15.82509597
1723
1723
1723
1723
1723
1723
1723
1723
1723
1723
1723
1723
1723
1723
1723
1723
1723
1723
1723
1723
1723
1723
1723
1723
10.00000029
10
10
10
10
10
10
10
10.00000109
10.00000081
10.00000073
10.00000011
10.00000008
10.00000012
34.20831672
1723
1723
1723
1723
1723
1723
1723
1723
1723
1723
1723
1723
1723
1723
1723
1723
1723
1723
1723
1723
1723
1723
1723
1723
1723
10.0000003
10
10
10
10
10
10
10
10.000002
10.00000035
10.00000032
10.0000001
10.00000012
10.00000007
1723
1723
1723
1723
1723
1723
1723
1723
1723
1723
1723
1723
1723
1723
1723
1723
1723
1723
1723
1723
1723
1723
1723
1723
1723
1723
10.0000003
10
10
10
10
10
10
10
10.00000357
10.00000091
10.00000019
10.00000013
10.00000014
10.00000011
10.00000009
1723
1723
1723
1723
1723
1723
1723
1723
1723
1723
1723
1723
1723
1723
1723
1723
1723
1723
1723
1723
1723
1723
1723
1723
1723
10.00000031
10
10
10
10
10
10
10
10.00000416
10.00000239
10.00000016
10.00000015
10.00000015
10.00000012
10.00000011
1723
1723
1723
1723
1723
1723
1723
1723
1723
1723
1723
1723
1723
1723
1723
1723
1723
1723
1723
1723
1723
1723
1723
1723
1723
10.00000031
10
10
10
10
10
10
10
10.00000387
10.00000465
10.00000061
10.00000018
10.00000016
10.00000014
10.00000012
1723
1723
1723
1723
1723
1723
1723
1723
1723
1723
1723
1723
1723
1723
1723
1723
1723
1723
1723
1723
1723
1723
1723
1723
1723
10.00000032
10
10
10
10
10
10
10
10.00000365
10.00000628
10.0000016
10.00000046
10.00000021
10.00000013
10.00000011
1723
1723
1723
1723
1723
1723
1723
1723
1723
1723
1723
1723
1723
1723
1723
1723
1723
1723
1723
1723
1723
1723
1723
1723
1723
10.00000032
10
10
10
10
10
10
10
10.00000251
10.00000562
10.00000151
10.00000044
10.00000016
10.0000001
10.00000009
1723
1723
1723
1723
1723
1723
1723
1723
1723
1723
1723
1723
1723
1723
1723
1723
1723
1723
1723
1723
1723
1723
1723
1723
1723
10.00000033
10
10
10
10
10
10
10
10.00000079
10.0000024
10.00000062
10.00000017
10.00000007
10.00000007
10.00000009
10.00000005
1723
1723
1723
1723
1723
1723
1723
1723
1723
1723
1723
1723
1723
1723
1723
1723
1723
1723
1723
1723
1723
1723
1723
1723
10.00000034
10
10
10
10
10
10
10
10.00000009
10.00000036
10.0000001
10.00000003
10.00000003
10.00000006
10.00000008
10.00000007
1723
1723
1723
1723
1723
1723
1723
1723
1723
1723
1723
1723
1723
1723
1723
1723
1723
1723
1723
1723
1723
1723
1723
1723
10.00000034
10
10
10
10
10
10
10
10
10.00000002
10.00000001
10
10.00000001
10.00000004
10.00000005
10.00000005
1723
1723
1723
1723
1723
1723
1723
1723
1723
1723
1723
1723
1723
1723
1723
1723
1723
1723
1723
1723
1723
1723
1723
1723
10.00000035
10
10
10
10
10
10
10
10
10
10
10
10
10.00000001
10.00000002
10.00000003
1723
1723
1723
1723
1723
1723
1723
1723
1723
1723
1723
1723
1723
1723
1723
1723
1723
1723
1723
1723
1723
1723
1723
1723
10.00000036
10
10
10
10
10
10
10
10
10
10
10
10
10
10.00000001
10.00000001
1723
1723
1723
1723
1723
1723
1723
1723
1723
1723
1723
1723
1723
1723
1723
1723
1723
1723
1723
1723
1723
1723
1723
1723
10.00000036
10
10
10
10
10
10
10
10
10
10
10
10
10
10
10.00000001
1723
1723
1723
1723
1723
1723
1723
1723
1723
1723
1723
1723
1723
1723
1723
1723
1723
1723
1723
1723
1723
1723
1723
1723
10.00000037
10
10
10
10
10
10
10
10
10
10
10
10
10
10
10.00000001
1723
1723
1723
1723
1723
1723
1723
1723
1723
1723
1723
1723
1723
1723
1723
1723
1723
1723
1723
1723
1723
1723
1723
1723
10.00000038
10
10
10
10
10
10
10
10
10
10
10
10
10
10
10.00000001
1723
1723
1723
1723
1723
1723
1723
1723
1723
1723
1723
1723
1723
1723
1723
1723
1723
1723
1723
1723
1723
1723
1723
1723
10.00000038
10
10
10
10
10
10
10
10
10
10
10
10
10
10
10
1723
1723
1723
1723
1723
1723
1723
1723
1723
1723
1723
1723
1723
1723
1723
1723
1723
1723
1723
1723
1723
1723
1723
1723
10.00000039
10
10
10
10
10
10
10
10
10
10
10
10
10
10
10
1723
1723
1723
1723
1723
1723
1723
1723
1723
1723
1723
1723
1723
1723
1723
1723
1723
1723
1723
1723
1723
1723
1723
1723
10.00000039
10
10
10
10
10
10
10
10
10
10
10
10
10
10
10
1723
1723
1723
1723
1723
1723
1723
1723
1723
1723
1723
1723
1723
1723
1723
1723
1723
1723
1723
1723
1723
1723
1723
1723
10.00000039
10
10
10
10
10
10
10
10
10
10
10
10
10
10
1723
1723
1723
1723
1723
1723
1723
1723
1723
1723
1723
1723
1723
1723
1723
1723
1723
1723
1723
1723
1723
1723
1723
1723
1723
10.0000004
10
10
10
10
10
10
10
10
10
10
10
10
10
10
1723
1723
1723
1723
1723
1723
1723
1723
1723
1723
1723
1723
1723
1723
1723
1723
1723
1723
1723
1723
1723
1723
1723
1723
1723
10.0000004
10
10
10
10
10
10
10
10
10
10
10
10
10
15.008581
1723
1723
1723
1723
1723
1723
1723
1723
1723
1723
1723
1723
1723
1723
1723
1723
1723
1723
1723
1723
1723
1723
1723
1723
1723
10.0000004
10
10
10
10
10
10
10
10
10
10
10
10
10
1723
1723
1723
1723
1723
1723
1723
1723
1723
1723
1723
1723
1723
1723
1723
1723
1723
1723
1723
1723
1723
1723
1723
1723
1723
1723
10.0000004
10
10
10
10
10
10
10
10
10
10
10
10
10
29.40630425
1723
1723
1723
1723
1723
1723
1723
1723
1723
1723
1723
1723
1723
1723
1723
1723
1723
1723
1723
1723
1723
1723
1723
1723
1723
10.0000004
10
10
10
10
10
10
10
)
;

boundaryField
{
    lowerWall
    {
        type            calculated;
        value           uniform 10;
    }
    atmosphere
    {
        type            calculated;
        value           nonuniform List<scalar> 
80
(
10
10
10
10
10
10
10
10
10
10
10
10
10
10
10
10
10
10
10
10
10
10
10
10
10
10
10
10
10
10
10
10
10
10
10
10
10.00000014
10.00000009
10
10
10
10
10
10
10
10
10
10
10.0000001
10.00000006
10.00000018
10.00000081
10.00000167
10
10
10.00000205
10.0000014
10.00000109
10.000002
10
10
10
10
10.00000251
10.00000079
10.00000009
10
10
10
10
10
10
10
10
10
10
10
10
10
10
)
;
    }
    rightWall
    {
        type            empty;
    }
    leftWall
    {
        type            empty;
    }
    frontAndBack
    {
        type            calculated;
        value           nonuniform List<scalar> 
80
(
10
10
305.4971644
34.50398537
10
10.00000089
1299.875871
1722.999998
1722.999396
1723
1723
1723
1723
1723
1723
1723
1723
1723
1723
1723
1723
1723
1723
1723
1723
1723
1723
1723
1723
1723
1723
1723
10.00000045
10
10
10
10
10
10
10
10
10
10
10
10
10
29.40630425
835.9700842
1722.931616
1723
1723
1723
1723
1723
1723
1723
1723
1723
1723
1723
1723
1723
1723
1723
1723
1723
1723
1723
1723
1723
1723
1723
10.0000004
10
10
10
10
10
10
10
)
;
    }
}


// ************************************************************************* //
