/*--------------------------------*- C++ -*----------------------------------*\
| =========                 |                                                 |
| \\      /  F ield         | OpenFOAM: The Open Source CFD Toolbox           |
|  \\    /   O peration     | Version:  2506                                  |
|   \\  /    A nd           | Website:  www.openfoam.com                      |
|    \\/     M anipulation  |                                                 |
\*---------------------------------------------------------------------------*/
FoamFile
{
    version     2.0;
    format      ascii;
    arch        "LSB;label=32;scalar=64";
    class       volScalarField;
    location    "0.004";
    object      TSolidus;
}
// * * * * * * * * * * * * * * * * * * * * * * * * * * * * * * * * * * * * * //

dimensions      [0 0 0 1 0 0 0];

internalField   nonuniform List<scalar> 
3200
(
1
1.000000001
1658
24.70292105
1.000000002
1.000000858
1658
1658
1658
1658
1658
1658
1658
1658
1658
1658
1658
1658
1658
1658
1658
1658
1658
1658
1658
1658
1658
1658
1658
1658
1658
1658
1.000000439
1
1
1
1
1
1
1
1
1.000000001
1.000000001
1.000000007
1.000000014
1.000004718
1658
1658
1658
1658
1658
1658
1658
1658
1658
1658
1658
1658
1658
1658
1658
1658
1658
1658
1658
1658
1658
1658
1658
1658
1658
1658
1.000000441
1
1
1
1
1
1
1
1
1.000000002
1.000000004
1.000000011
1.000000013
1.000000882
1658
1658
1658
1658
1658
1658
1658
1658
1658
1658
1658
1658
1658
1658
1658
1658
1658
1658
1658
1658
1658
1658
1658
1658
1658
1658
1.000000443
1
1
1
1
1
1
1
1
1.000000001
1.000000004
1.000000011
1.000000013
1.000000204
1658
1658
1658
1658
1658
1658
1658
1658
1658
1658
1658
1658
1658
1658
1658
1658
1658
1658
1658
1658
1658
1658
1658
1658
1658
1658
1.000000445
1
1
1
1
1
1
1
1
1.000000001
1.000000008
1.000000015
1.000000015
1.000000052
36.07804946
1658
1658
1658
1658
1658
1658
1658
1658
1658
1658
1658
1658
1658
1658
1658
1658
1658
1658
1658
1658
1658
1658
1658
1658
1658
1.000000447
1
1
1
1
1
1
1
1.000000001
1.000000001
1.000000005
1.000000015
1.000000014
1.000000013
1.000000002
1658
1658
1658
1658
1658
1658
1658
1658
1658
1658
1658
1658
1658
1658
1658
1658
1658
1658
1658
1658
1658
1658
1658
1658
1658
1.00000045
1
1
1
1
1
1
1
1.000000003
1.000000004
1.000000009
1.000000014
1.000000014
1.000000012
1.000000008
1658
1658
1658
1658
1658
1658
1658
1658
1658
1658
1658
1658
1658
1658
1658
1658
1658
1658
1658
1658
1658
1658
1658
1658
1658
1.000000453
1
1
1
1
1
1
1
1.000000004
1.000000005
1.000000006
1.000000006
1.000000004
1.000000003
1.000000002
1658
1658
1658
1658
1658
1658
1658
1658
1658
1658
1658
1658
1658
1658
1658
1658
1658
1658
1658
1658
1658
1658
1658
1658
1658
1.000000456
1
1
1
1
1
1
1
1.000000004
1.000000004
1.000000004
1.000000004
1.000000003
1.000000002
1.000000001
1.000017904
1658
1658
1658
1658
1658
1658
1658
1658
1658
1658
1658
1658
1658
1658
1658
1658
1658
1658
1658
1658
1658
1658
1658
1658
1.00000046
1
1
1
1
1
1
1
1.000000003
1.000000004
1.000000004
1.000000003
1.000000002
1.000000001
1.000000001
1.000000001
1658
1658
1658
1658
1658
1658
1658
1658
1658
1658
1658
1658
1658
1658
1658
1658
1658
1658
1658
1658
1658
1658
1658
1658
1.000000463
1
1
1
1
1
1
1
1.000000001
1.000000003
1.000000003
1.000000003
1.000000002
1.000000001
1.000000001
1
1
1658
1658
1658
1658
1658
1658
1658
1658
1658
1658
1658
1658
1658
1658
1658
1658
1658
1658
1658
1658
1658
1658
1658
1.000000466
1
1
1
1
1
1
1
1
1.000000001
1.000000001
1
1
1
1
1
1.000000001
1658
1658
1658
1658
1658
1658
1658
1658
1658
1658
1658
1658
1658
1658
1658
1658
1658
1658
1658
1658
1658
1658
1658
1.000000469
1
1
1
1
1
1
1
1
1
1
1
1
1
1.000000001
1.182774419
1.031229782
1658
1658
1658
1658
1658
1658
1658
1658
1658
1658
1658
1658
1658
1658
1658
1658
1658
1658
1658
1658
1658
1658
1658
1.000000471
1
1
1
1
1
1
1
1
1
1
1
1
1.000000001
1.000000001
1.02012872
10.89914897
1658
1658
1658
1658
1658
1658
1658
1658
1658
1658
1658
1658
1658
1658
1658
1658
1658
1658
1658
1658
1658
1658
1658
1.000000473
1
1
1
1
1
1
1
1
1
1
1
1
1.000000001
1.000000003
1.000000006
1.000000005
1658
1658
1658
1658
1658
1658
1658
1658
1658
1658
1658
1658
1658
1658
1658
1658
1658
1658
1658
1658
1658
1658
1658
1.000000475
1
1
1
1
1
1
1
1
1
1
1
1
1.000000002
1.000000007
1.000000028
1.000000051
1658
1658
1658
1658
1658
1658
1658
1658
1658
1658
1658
1658
1658
1658
1658
1658
1658
1658
1658
1658
1658
1658
1658
1.000000475
1
1
1
1
1
1
1
1
1
1
1
1.000000001
1.000000006
1.000000018
1.000000085
1.000000156
1658
1658
1658
1658
1658
1658
1658
1658
1658
1658
1658
1658
1658
1658
1658
1658
1658
1658
1658
1658
1658
1658
1658
1.000000476
1
1
1
1
1
1
1
1
1
1
1
1.000000004
1.000000018
1.00000003
1.000000079
1.000000071
1658
1658
1658
1658
1658
1658
1658
1658
1658
1658
1658
1658
1658
1658
1658
1658
1658
1658
1658
1658
1658
1658
1658
1.000000475
1
1
1
1
1
1
1
1
1
1
1.000000002
1.000000014
1.000000039
1.00000004
1.000000026
1.000000008
1658
1658
1658
1658
1658
1658
1658
1658
1658
1658
1658
1658
1658
1658
1658
1658
1658
1658
1658
1658
1658
1658
1658
1.000000474
1
1
1
1
1
1
1
1
1
1.000000001
1.000000001
1.000000004
1.000000022
1.000000036
1.000000014
1.000000002
4.744196444
1658
1658
1658
1658
1658
1658
1658
1658
1658
1658
1658
1658
1658
1658
1658
1658
1658
1658
1658
1658
1658
1658
1.000000472
1
1
1
1
1
1
1
1
1
1.000000001
1.000000001
1.000000002
1.000000006
1.000000022
1.000000017
1
48.21346194
1658
1658
1658
1658
1658
1658
1658
1658
1658
1658
1658
1658
1658
1658
1658
1658
1658
1658
1658
1658
1658
1658
1.000000469
1
1
1
1
1
1
1
1
1
1.000000001
1.000000001
1
1658
1658
1.000000001
1
1658
1658
1658
1658
1658
1658
1658
1658
1658
1658
1658
1658
1658
1658
1658
1658
1658
1658
1658
1658
1658
1658
1658
1.000000465
1
1
1
1
1
1
1
1
1
1.000000001
1.000000001
1
1
1658
1658
1
1658
1658
1658
1658
1658
1658
1658
1658
1658
1658
1658
1658
1658
1658
1658
1658
1658
1658
1658
1658
1658
1658
1658
1.000000461
1
1
1
1
1
1
1
1
1
1.000000001
1.000000001
1.000000001
1.000000003
1.000002523
1658
46.63513498
1658
1658
1658
1658
1658
1658
1658
1658
1658
1658
1658
1658
1658
1658
1658
1658
1658
1658
1658
1658
1658
1658
1658
1.000000456
1
1
1
1
1
1
1
1
1
1
1.000000001
1.000000001
1.000000004
1.000000009
1658
1658
1658
1658
1658
1658
1658
1658
1658
1658
1658
1658
1658
1658
1658
1658
1658
1658
1658
1658
1658
1658
1658
1658
1658
1.00000045
1
1
1
1
1
1
1
1
1
1.000000001
1.000000001
1.000000003
1.000000008
1.000000013
1658
1658
1658
1658
1658
1658
1658
1658
1658
1658
1658
1658
1658
1658
1658
1658
1658
1658
1658
1658
1658
1658
1658
1658
1658
1.000000443
1
1
1
1
1
1
1
1
1.000000001
1.000000005
1.000000012
1.000000021
1.000000033
1.000000048
1658
1658
1658
1658
1658
1658
1658
1658
1658
1658
1658
1658
1658
1658
1658
1658
1658
1658
1658
1658
1658
1658
1658
1658
1658
1.000000436
1
1
1
1
1
1
1
1.000000003
1.000000017
1.000000038
1.000000069
1.000000097
1.000000116
1.000000108
1658
1658
1658
1658
1658
1658
1658
1658
1658
1658
1658
1658
1658
1658
1658
1658
1658
1658
1658
1658
1658
1658
1658
1658
1658
1.000000428
1
1
1
1
1
1
1
1.000000054
1.000000207
1.000000408
1.000000535
1.000000508
1.000000379
1.000000226
1658
1658
1658
1658
1658
1658
1658
1658
1658
1658
1658
1658
1658
1658
1658
1658
1658
1658
1658
1658
1658
1658
1658
1658
1658
1.00000042
1
1
1
1
1
1
1
1.000000154
1.000000452
1.000000815
1.00000104
1.000000927
1.000000624
1.000000336
1658
1658
1658
1658
1658
1658
1658
1658
1658
1658
1658
1658
1658
1658
1658
1658
1658
1658
1658
1658
1658
1658
1658
1658
1658
1.000000411
1
1
1
1
1
1
1
1.000000352
1.000000892
1.000001474
1.000001581
1.000001198
1.000000756
1.000000409
1658
1658
1658
1658
1658
1658
1658
1658
1658
1658
1658
1658
1658
1658
1658
1658
1658
1658
1658
1658
1658
1658
1658
1658
1658
1.000000402
1
1
1
1
1
1
1
1.000000678
1.000001309
1.00000161
1.000001221
1.00000088
1.000000621
1.000000404
1658
1658
1658
1658
1658
1658
1658
1658
1658
1658
1658
1658
1658
1658
1658
1658
1658
1658
1658
1658
1658
1658
1658
1658
1658
1.000000393
1
1
1
1
1
1
1
1.00000088
1.00000142
1.000001812
1.000001799
1.000001649
1.000000716
1.000000425
1658
1658
1658
1658
1658
1658
1658
1658
1658
1658
1658
1658
1658
1658
1658
1658
1658
1658
1658
1658
1658
1658
1658
1658
1658
1.000000384
1
1
1
1
1
1
1
1.000000789
1.000001167
1.000001123
1.000001296
1.000001446
1.000000769
1.000000462
1658
1658
1658
1658
1658
1658
1658
1658
1658
1658
1658
1658
1658
1658
1658
1658
1658
1658
1658
1658
1658
1658
1658
1658
1658
1.000000375
1
1
1
1
1
1
1
1.00000078
1.00000085
1.000000586
1.000000671
1.000000667
1.000000187
1.00000036
1658
1658
1658
1658
1658
1658
1658
1658
1658
1658
1658
1658
1658
1658
1658
1658
1658
1658
1658
1658
1658
1658
1658
1658
1658
1.000000365
1
1
1
1
1
1
1
1.000000615
1.000000435
1.000000303
1.000000424
1.000000168
1.023510391
1.000000178
1658
1658
1658
1658
1658
1658
1658
1658
1658
1658
1658
1658
1658
1658
1658
1658
1658
1658
1658
1658
1658
1658
1658
1658
1658
1.000000356
1
1
1
1
1
1
1
1.000000139
1.000000097
1.000000118
1.00000034
1.000000269
83.06029006
1658
1658
1658
1658
1658
1658
1658
1658
1658
1658
1658
1658
1658
1658
1658
1658
1658
1658
1658
1658
1658
1658
1658
1658
1658
1658
1.000000348
1
1
1
1
1
1
1
1.000000084
1.000000077
1.000000073
1.000000122
37.97636374
1658
1658
1658
1658
1658
1658
1658
1658
1658
1658
1658
1658
1658
1658
1658
1658
1658
1658
1658
1658
1658
1658
1658
1658
1658
1658
1658
1.000000339
1
1
1
1
1
1
1
1.000000032
1.000000049
1.00000004
1.000000018
1658
1658
1658
1658
1658
1658
1658
1658
1658
1658
1658
1658
1658
1658
1658
1658
1658
1658
1658
1658
1658
1658
1658
1658
1658
1658
1658
1658
1.000000331
1
1
1
1
1
1
1
1.000000005
1.000000022
1.000000031
1.000000024
1658
1658
1658
1658
1658
1658
1658
1658
1658
1658
1658
1658
1658
1658
1658
1658
1658
1658
1658
1658
1658
1658
1658
1658
1658
1658
1658
1658
1.000000323
1
1
1
1
1
1
1
1.00000047
1.000000515
1.000000336
1.000000194
1.000000143
1.000000135
1.000000018
1658
1658
1658
1658
1658
1658
1658
1658
1658
1658
1658
1658
1658
1658
1658
1658
1658
1658
1658
1658
1658
1658
1658
1658
1658
1.000000316
1
1
1
1
1
1
1
1.000000471
1.000000674
1.000000534
1.000000356
1.000000264
1.000000188
1.000000027
1658
1658
1658
1658
1658
1658
1658
1658
1658
1658
1658
1658
1658
1658
1658
1658
1658
1658
1658
1658
1658
1658
1658
1658
1658
1.000000309
1
1
1
1
1
1
1
1.000000214
1.00000035
1.000000297
1.000000247
1.000000214
1.000000161
1.000000024
1658
1658
1658
1658
1658
1658
1658
1658
1658
1658
1658
1658
1658
1658
1658
1658
1658
1658
1658
1658
1658
1658
1658
1658
1658
1.000000303
1
1
1
1
1
1
1
1.000000068
1.000000119
1.000000105
1.000000106
1.000000135
1.000000129
5.85416588
1658
1658
1658
1658
1658
1658
1658
1658
1658
1658
1658
1658
1658
1658
1658
1658
1658
1658
1658
1658
1658
1658
1658
1658
1658
1.000000297
1
1
1
1
1
1
1
1.00000003
1.000000055
1.000000056
1.000000056
1.000000087
1.000000103
1.000000008
1658
1658
1658
1658
1658
1658
1658
1658
1658
1658
1658
1658
1658
1658
1658
1658
1658
1658
1658
1658
1658
1658
1658
1658
1658
1.000000292
1
1
1
1
1
1
1
1.000000019
1.000000039
1.000000047
1.000000048
1.000000067
1.00000008
1.000000005
1658
1658
1658
1658
1658
1658
1658
1658
1658
1658
1658
1658
1658
1658
1658
1658
1658
1658
1658
1658
1658
1658
1658
1658
1658
1.000000288
1
1
1
1
1
1
1
1.000000074
1.000000108
1.0000001
1.000000088
1.000000078
1.000000076
1658
1658
1658
1658
1658
1658
1658
1658
1658
1658
1658
1658
1658
1658
1658
1658
1658
1658
1658
1658
1658
1658
1658
1658
1658
1658
1.000000284
1
1
1
1
1
1
1
1.000000241
1.000000253
1.000000181
1.00000011
1.000000062
1.000000039
1
1658
1658
1658
1658
1658
1658
1658
1658
1658
1658
1658
1658
1658
1658
1658
1658
1658
1658
1658
1658
1658
1658
1658
1658
1658
1.000000281
1
1
1
1
1
1
1
1.000000093
1.000000035
1.000000044
1.00000004
1.00000003
1.00000002
34.787935
1658
1658
1658
1658
1658
1658
1658
1658
1658
1658
1658
1658
1658
1658
1658
1658
1658
1658
1658
1658
1658
1658
1658
1658
1658
1.000000278
1
1
1
1
1
1
1
1.000000058
1.000000028
1.000000028
1.000000027
1.000000024
1.000000021
1658
1658
1658
1658
1658
1658
1658
1658
1658
1658
1658
1658
1658
1658
1658
1658
1658
1658
1658
1658
1658
1658
1658
1658
1658
1658
1.000000277
1
1
1
1
1
1
1
1.000000177
1.000000061
1.000000047
1.000000068
1.000000146
1.000000298
36.68762577
1658
1658
1658
1658
1658
1658
1658
1658
1658
1658
1658
1658
1658
1658
1658
1658
1658
1658
1658
1658
1658
1658
1658
1658
1658
1.000000276
1
1
1
1
1
1
1
1.00000078
1.000000458
1.000000381
1.000000137
1.000000289
1.000000729
1.000001106
1.004972614
1658
1658
1658
1658
1658
1658
1658
1658
1658
1658
1658
1658
1658
1658
1658
1658
1658
1658
1658
1658
1658
1658
1658
1658
1.000000275
1
1
1
1
1
1
1
1.000001615
1.000001351
1.000001572
1.00000094
1.000000358
1.00000081
1.000001202
1.002785579
1658
1658
1658
1658
1658
1658
1658
1658
1658
1658
1658
1658
1658
1658
1658
1658
1658
1658
1658
1658
1658
1658
1658
1658
1.000000276
1
1
1
1
1
1
1
1.000002199
1.000002269
1.000002483
1.00000122
1.000000432
1.000000593
1.00000032
1.01048251
1658
1658
1658
1658
1658
1658
1658
1658
1658
1658
1658
1658
1658
1658
1658
1658
1658
1658
1658
1658
1658
1658
1658
1658
1.000000277
1
1
1
1
1
1
1
1.000002358
1.000002474
1.000002447
1.000000657
1.000000304
1.000000375
1.000000235
1.000018214
1658
1658
1658
1658
1658
1658
1658
1658
1658
1658
1658
1658
1658
1658
1658
1658
1658
1658
1658
1658
1658
1658
1658
1658
1.000000279
1
1
1
1
1
1
1
1.00000198
1.000001995
1.000001747
1.000000306
1.000000225
1.000000258
1.000000701
1.000005458
1658
1658
1658
1658
1658
1658
1658
1658
1658
1658
1658
1658
1658
1658
1658
1658
1658
1658
1658
1658
1658
1658
1658
1658
1.000000281
1
1
1
1
1
1
1
1.000001359
1.000001366
1.000001153
1.000000186
1.000000135
1.000000147
1.00000013
6.634666681
1658
1658
1658
1658
1658
1658
1658
1658
1658
1658
1658
1658
1658
1658
1658
1658
1658
1658
1658
1658
1658
1658
1658
1658
1.000000284
1
1
1
1
1
1
1
1.000001059
1.00000078
1.000000711
1.000000108
1.000000082
1.000000114
24.41691816
1658
1658
1658
1658
1658
1658
1658
1658
1658
1658
1658
1658
1658
1658
1658
1658
1658
1658
1658
1658
1658
1658
1658
1658
1658
1.000000288
1
1
1
1
1
1
1
1.000001931
1.00000034
1.000000311
1.000000101
1.000000113
1.000000071
1658
1658
1658
1658
1658
1658
1658
1658
1658
1658
1658
1658
1658
1658
1658
1658
1658
1658
1658
1658
1658
1658
1658
1658
1658
1658
1.000000292
1
1
1
1
1
1
1
1.000003453
1.000000878
1.00000018
1.00000013
1.000000135
1.000000109
1.000000086
1658
1658
1658
1658
1658
1658
1658
1658
1658
1658
1658
1658
1658
1658
1658
1658
1658
1658
1658
1658
1658
1658
1658
1658
1658
1.000000297
1
1
1
1
1
1
1
1.000004023
1.000002308
1.000000153
1.000000144
1.000000141
1.000000117
1.000000107
1658
1658
1658
1658
1658
1658
1658
1658
1658
1658
1658
1658
1658
1658
1658
1658
1658
1658
1658
1658
1658
1658
1658
1658
1658
1.000000302
1
1
1
1
1
1
1
1.000003746
1.0000045
1.000000594
1.000000178
1.00000015
1.000000133
1.000000118
1658
1658
1658
1658
1658
1658
1658
1658
1658
1658
1658
1658
1658
1658
1658
1658
1658
1658
1658
1658
1658
1658
1658
1658
1658
1.000000307
1
1
1
1
1
1
1
1.000003526
1.000006075
1.000001548
1.000000443
1.000000202
1.00000013
1.000000109
1658
1658
1658
1658
1658
1658
1658
1658
1658
1658
1658
1658
1658
1658
1658
1658
1658
1658
1658
1658
1658
1658
1658
1658
1658
1.000000313
1
1
1
1
1
1
1
1.000002425
1.000005435
1.000001464
1.000000428
1.000000157
1.000000099
1.00000009
1658
1658
1658
1658
1658
1658
1658
1658
1658
1658
1658
1658
1658
1658
1658
1658
1658
1658
1658
1658
1658
1658
1658
1658
1658
1.000000319
1
1
1
1
1
1
1
1.000000763
1.000002323
1.000000601
1.000000168
1.000000067
1.00000007
1.000000089
1.000000046
1658
1658
1658
1658
1658
1658
1658
1658
1658
1658
1658
1658
1658
1658
1658
1658
1658
1658
1658
1658
1658
1658
1658
1658
1.000000326
1
1
1
1
1
1
1
1.00000009
1.000000353
1.000000098
1.000000027
1.000000025
1.000000055
1.00000008
1.000000072
1658
1658
1658
1658
1658
1658
1658
1658
1658
1658
1658
1658
1658
1658
1658
1658
1658
1658
1658
1658
1658
1658
1658
1658
1.000000332
1
1
1
1
1
1
1
1.000000004
1.000000019
1.000000006
1.000000003
1.000000009
1.000000034
1.000000048
1.000000051
1658
1658
1658
1658
1658
1658
1658
1658
1658
1658
1658
1658
1658
1658
1658
1658
1658
1658
1658
1658
1658
1658
1658
1658
1.000000339
1
1
1
1
1
1
1
1
1
1
1
1.000000002
1.000000009
1.000000015
1.000000026
1658
1658
1658
1658
1658
1658
1658
1658
1658
1658
1658
1658
1658
1658
1658
1658
1658
1658
1658
1658
1658
1658
1658
1658
1.000000345
1
1
1
1
1
1
1
1
1
1
1
1.000000001
1.000000003
1.000000005
1.000000014
1658
1658
1658
1658
1658
1658
1658
1658
1658
1658
1658
1658
1658
1658
1658
1658
1658
1658
1658
1658
1658
1658
1658
1658
1.000000351
1
1
1
1
1
1
1
1
1
1
1
1
1.000000001
1.000000003
1.000000009
1658
1658
1658
1658
1658
1658
1658
1658
1658
1658
1658
1658
1658
1658
1658
1658
1658
1658
1658
1658
1658
1658
1658
1658
1.000000357
1
1
1
1
1
1
1
1
1
1
1
1
1
1.000000001
1.000000006
1658
1658
1658
1658
1658
1658
1658
1658
1658
1658
1658
1658
1658
1658
1658
1658
1658
1658
1658
1658
1658
1658
1658
1658
1.000000363
1
1
1
1
1
1
1
1
1
1
1
1
1
1.000000001
1.000000005
1658
1658
1658
1658
1658
1658
1658
1658
1658
1658
1658
1658
1658
1658
1658
1658
1658
1658
1658
1658
1658
1658
1658
1658
1.000000368
1
1
1
1
1
1
1
1
1
1
1
1
1.000000001
1.000000002
1.000000002
1658
1658
1658
1658
1658
1658
1658
1658
1658
1658
1658
1658
1658
1658
1658
1658
1658
1658
1658
1658
1658
1658
1658
1658
1.000000373
1
1
1
1
1
1
1
1
1
1
1
1.000000001
1.000000001
1.000000001
1
1658
1658
1658
1658
1658
1658
1658
1658
1658
1658
1658
1658
1658
1658
1658
1658
1658
1658
1658
1658
1658
1658
1658
1658
1.000000378
1
1
1
1
1
1
1
1
1
1
1
1.000000001
1.000000001
1
1
1658
1658
1658
1658
1658
1658
1658
1658
1658
1658
1658
1658
1658
1658
1658
1658
1658
1658
1658
1658
1658
1658
1658
1658
1.000000382
1
1
1
1
1
1
1
1
1
1
1
1
1.000000001
1.000000001
1658
1658
1658
1658
1658
1658
1658
1658
1658
1658
1658
1658
1658
1658
1658
1658
1658
1658
1658
1658
1658
1658
1658
1658
1658
1.000000385
1
1
1
1
1
1
1
1
1
1
1
1
1
1
1658
1658
1658
1658
1658
1658
1658
1658
1658
1658
1658
1658
1658
1658
1658
1658
1658
1658
1658
1658
1658
1658
1658
1658
1658
1.000000388
1
1
1
1
1
1
1
1
1
1
1
1
1
5.844844551
1658
1658
1658
1658
1658
1658
1658
1658
1658
1658
1658
1658
1658
1658
1658
1658
1658
1658
1658
1658
1658
1658
1658
1658
1658
1.00000039
1
1
1
1
1
1
1
1
1
1
1
1
1
1658
1658
1658
1658
1658
1658
1658
1658
1658
1658
1658
1658
1658
1658
1658
1658
1658
1658
1658
1658
1658
1658
1658
1658
1658
1658
1.000000391
1
1
1
1
1
1
1
1
1
1
1
1
1
19.77188916
1658
1658
1658
1658
1658
1658
1658
1658
1658
1658
1658
1658
1658
1658
1658
1658
1658
1658
1658
1658
1658
1658
1658
1658
1658
1.000000391
1
1
1
1
1
1
1
)
;

boundaryField
{
    lowerWall
    {
        type            calculated;
        value           uniform 1;
    }
    atmosphere
    {
        type            calculated;
        value           nonuniform List<scalar> 
80
(
1
1
1
1
1
1
1
1.000000004
1.000000004
1.000000003
1.000000001
1
1
1
1
1
1
1
1
1
1
1
1
1
1
1
1
1
1
1
1
1
1
1
1
1
1.000000139
1.000000084
1
1
1
1
1
1
1
1
1
1
1.000000093
1.000000058
1.000000177
1.00000078
1.000001615
1
1
1.00000198
1.000001359
1.000001059
1.000001931
1
1
1
1
1.000002425
1.000000763
1.00000009
1
1
1
1
1
1
1
1
1
1
1
1
1
1
)
;
    }
    rightWall
    {
        type            empty;
    }
    leftWall
    {
        type            empty;
    }
    frontAndBack
    {
        type            calculated;
        value           nonuniform List<scalar> 
80
(
1
1.000000001
286.8370119
24.70292105
1.000000002
1.000000858
1248.7083
1657.999998
1657.999416
1658
1658
1658
1658
1658
1658
1658
1658
1658
1658
1658
1658
1658
1658
1658
1658
1658
1658
1658
1658
1658
1658
1658
1.000000439
1
1
1
1
1
1
1
1
1
1
1
1
1
19.77188916
799.9681434
1657.933851
1658
1658
1658
1658
1658
1658
1658
1658
1658
1658
1658
1658
1658
1658
1658
1658
1658
1658
1658
1658
1658
1658
1658
1.000000391
1
1
1
1
1
1
1
)
;
    }
}


// ************************************************************************* //
