/*--------------------------------*- C++ -*----------------------------------*\
| =========                 |                                                 |
| \\      /  F ield         | OpenFOAM: The Open Source CFD Toolbox           |
|  \\    /   O peration     | Version:  2506                                  |
|   \\  /    A nd           | Website:  www.openfoam.com                      |
|    \\/     M anipulation  |                                                 |
\*---------------------------------------------------------------------------*/
FoamFile
{
    version     2.0;
    format      ascii;
    arch        "LSB;label=32;scalar=64";
    class       volScalarField;
    location    "0.001";
    object      cp;
}
// * * * * * * * * * * * * * * * * * * * * * * * * * * * * * * * * * * * * * //

dimensions      [0 2 -2 -1 0 0 0];

internalField   nonuniform List<scalar> 
3200
(
520
520
520
520
520
520
520
520.0000011
699.9999963
700
700
700
700
700
700
700
700
700
700
700
700
700
700
700
700
700
700
700
700
700
700
700
520
520
520
520
520
520
520
520
520
520
520
520
520
520
520
520.0000029
699.9999962
700
700
700
700
700
700
700
700
700
700
700
700
700
700
700
700
700
700
700
700
700
700
700
520
520
520
520
520
520
520
520
520
520
520
520
520
520
520
520.0000162
699.9999804
700
700
700
700
700
700
700
700
700
700
700
700
700
700
700
700
700
700
700
700
700
700
700
520
520
520
520
520
520
520
520
520
520
520
520
520
520
520
520.000071
699.9999285
700
700
700
700
700
700
700
700
700
700
700
700
700
700
700
700
700
700
700
700
700
700
700
520
520
520
520
520
520
520
520
520
520
520
520
520
520
520
520.0001703
699.9998037
700
700
700
700
700
700
700
700
700
700
700
700
700
700
700
700
700
700
700
700
700
700
700
520
520
520
520
520
520
520
520
520
520
520
520
520
520
520
520.000179
699.9998338
700
700
700
700
700
700
700
700
700
700
700
700
700
700
700
700
700
700
700
700
700
700
700
520
520
520
520
520
520
520
520
520
520
520
520
520
520
520
520.0002405
699.9996951
700
700
700
700
700
700
700
700
700
700
700
700
700
700
700
700
700
700
700
700
700
700
700
520
520
520
520
520
520
520
520
520
520
520
520
520
520
520
522.3600626
699.9998857
700
700
700
700
700
700
700
700
700
700
700
700
700
700
700
700
700
700
700
700
700
700
700
520
520
520
520
520
520
520
520
520
520
520
520
520
520
520
533.3401844
699.9999997
700
700
700
700
700
700
700
700
700
700
700
700
700
700
700
700
700
700
700
700
700
700
700
520
520
520
520
520
520
520
520
520
520
520
520
520
520
520
520
603.1681888
699.9999955
700
700
700
700
700
700
700
700
700
700
700
700
700
700
700
700
700
700
700
700
700
700
520
520
520
520
520
520
520
520
520
520
520
520
520
520
520
520
569.0077648
699.9999995
700
700
700
700
700
700
700
700
700
700
700
700
700
700
700
700
700
700
700
700
700
700
520
520
520
520
520
520
520
520
520
520
520
520
520
520
520
520
584.084705
699.9999929
700
700
700
700
700
700
700
700
700
700
700
700
700
700
700
700
700
700
700
700
700
700
520
520
520
520
520
520
520
520
520
520
520
520
520
520
520
523.754003
677.2392571
699.9999972
700
700
700
700
700
700
700
700
700
700
700
700
700
700
700
700
700
700
700
700
700
700
520
520
520
520
520
520
520
520
520
520
520
520
520
520
567.9847365
677.3841888
700
699.9999997
700
700
700
700
700
700
700
700
700
700
700
700
700
700
700
700
700
700
700
700
700
700
520
520
520
520
520
520
520
520
520
520
520
520
520
520
524.7006792
642.2977684
699.9999984
700
700
700
700
700
700
700
700
700
700
700
700
700
700
700
700
700
700
700
700
700
700
700
520
520
520
520
520
520
520
520
520
520
520
520
520
520
520
534.6786488
699.9998782
700
700
700
700
700
700
700
700
700
700
700
700
700
700
700
700
700
700
700
700
700
700
700
520
520
520
520
520
520
520
520
520
520
520
520
520
520
520.0000001
520.0000293
699.9999196
700
700
700
700
700
700
700
700
700
700
700
700
700
700
700
700
700
700
700
700
700
700
700
520
520
520
520
520
520
520
520
520
520
520
520
520
520
520
520.0000012
699.9999678
700
700
700
700
700
700
700
700
700
700
700
700
700
700
700
700
700
700
700
700
700
700
700
520
520
520
520
520
520
520
520
520
520
520
520
520
520
520
520.0000028
699.9999706
700
700
700
700
700
700
700
700
700
700
700
700
700
700
700
700
700
700
700
700
700
700
700
520
520
520
520
520
520
520
520
520
520
520
520
520
520
520
520.0001509
699.9999875
700
700
700
700
700
700
700
700
700
700
700
700
700
700
700
700
700
700
700
700
700
700
700
520
520
520
520
520
520
520
520
520
520
520
520
520
520
520
520.0000783
699.9999884
700
700
700
700
700
700
700
700
700
700
700
700
700
700
700
700
700
700
700
700
700
700
700
520
520
520
520
520
520
520
520
520
520
520
520
520
520
520
520.0000249
699.9999887
700
700
700
700
700
700
700
700
700
700
700
700
700
700
700
700
700
700
700
700
700
700
700
520
520
520
520
520
520
520
520
520
520
520
520
520
520
520
520.0000158
699.9999881
700
700
700
700
700
700
700
700
700
700
700
700
700
700
700
700
700
700
700
700
700
700
700
520
520
520
520
520
520
520
520
520
520
520
520
520
520
520
520.0000094
699.9999917
700
700
700
700
700
700
700
700
700
700
700
700
700
700
700
700
700
700
700
700
700
700
700
520
520
520
520
520
520
520
520
520
520
520
520
520
520
520
520.0000068
699.9999937
700
700
700
700
700
700
700
700
700
700
700
700
700
700
700
700
700
700
700
700
700
700
700
520
520
520
520
520
520
520
520
520
520
520
520
520
520
520
520.000006
699.9999943
700
700
700
700
700
700
700
700
700
700
700
700
700
700
700
700
700
700
700
700
700
700
700
520
520
520
520
520
520
520
520
520
520
520
520
520
520
520
520.0000043
699.9999957
700
700
700
700
700
700
700
700
700
700
700
700
700
700
700
700
700
700
700
700
700
700
700
520
520
520
520
520
520
520
520
520
520
520
520
520
520
520
520.0000046
699.9999956
700
700
700
700
700
700
700
700
700
700
700
700
700
700
700
700
700
700
700
700
700
700
700
520
520
520
520
520
520
520
520
520
520
520
520
520
520
520
520.0000073
699.9999927
700
700
700
700
700
700
700
700
700
700
700
700
700
700
700
700
700
700
700
700
700
700
700
520
520
520
520
520
520
520
520
520
520
520
520
520
520
520
520.0000107
699.9999894
700
700
700
700
700
700
700
700
700
700
700
700
700
700
700
700
700
700
700
700
700
700
700
520
520
520
520
520
520
520
520
520
520
520
520
520
520
520
520.0000131
699.9999869
700
700
700
700
700
700
700
700
700
700
700
700
700
700
700
700
700
700
700
700
700
700
700
520
520
520
520
520
520
520
520
520
520
520
520
520
520
520
520.0000096
699.9999904
700
700
700
700
700
700
700
700
700
700
700
700
700
700
700
700
700
700
700
700
700
700
700
520
520
520
520
520
520
520
520
520
520
520
520
520
520
520
520.0000077
699.9999924
700
700
700
700
700
700
700
700
700
700
700
700
700
700
700
700
700
700
700
700
700
700
700
520
520
520
520
520
520
520
520
520
520
520
520
520
520
520
520.0000072
699.9999928
700
700
700
700
700
700
700
700
700
700
700
700
700
700
700
700
700
700
700
700
700
700
700
520
520
520
520
520
520
520
520
520
520
520
520
520
520
520
520.0000067
699.9999933
700
700
700
700
700
700
700
700
700
700
700
700
700
700
700
700
700
700
700
700
700
700
700
520
520
520
520
520
520
520
520
520
520
520
520
520
520
520
520.0000062
699.9999938
700
700
700
700
700
700
700
700
700
700
700
700
700
700
700
700
700
700
700
700
700
700
700
520
520
520
520
520
520
520
520
520
520
520
520
520
520
520
520.0000053
699.9999947
700
700
700
700
700
700
700
700
700
700
700
700
700
700
700
700
700
700
700
700
700
700
700
520
520
520
520
520
520
520
520
520
520
520
520
520
520
520
520.0000044
699.9999956
700
700
700
700
700
700
700
700
700
700
700
700
700
700
700
700
700
700
700
700
700
700
700
520
520
520
520
520
520
520
520
520
520
520
520
520
520
520
520.000008
699.999992
700
700
700
700
700
700
700
700
700
700
700
700
700
700
700
700
700
700
700
700
700
700
700
520
520
520
520
520
520
520
520
520
520
520
520
520
520
520
520.0000053
699.9999947
700
700
700
700
700
700
700
700
700
700
700
700
700
700
700
700
700
700
700
700
700
700
700
520
520
520
520
520
520
520
520
520
520
520
520
520
520
520
520.0000017
699.9999983
700
700
700
700
700
700
700
700
700
700
700
700
700
700
700
700
700
700
700
700
700
700
700
520
520
520
520
520
520
520
520
520
520
520
520
520
520
520
520.0000017
699.9999983
700
700
700
700
700
700
700
700
700
700
700
700
700
700
700
700
700
700
700
700
700
700
700
520
520
520
520
520
520
520
520
520
520
520
520
520
520
520
520.0000012
699.9999988
700
700
700
700
700
700
700
700
700
700
700
700
700
700
700
700
700
700
700
700
700
700
700
520
520
520
520
520
520
520
520
520
520
520
520
520
520
520
520.0000017
699.9999983
700
700
700
700
700
700
700
700
700
700
700
700
700
700
700
700
700
700
700
700
700
700
700
520
520
520
520
520
520
520
520
520
520
520
520
520
520
520
520.0000017
699.9999983
700
700
700
700
700
700
700
700
700
700
700
700
700
700
700
700
700
700
700
700
700
700
700
520
520
520
520
520
520
520
520
520
520
520
520
520
520
520
520.0000017
699.9999983
700
700
700
700
700
700
700
700
700
700
700
700
700
700
700
700
700
700
700
700
700
700
700
520
520
520
520
520
520
520
520
520
520
520
520
520
520
520
520.0000016
699.9999984
700
700
700
700
700
700
700
700
700
700
700
700
700
700
700
700
700
700
700
700
700
700
700
520
520
520
520
520
520
520
520
520
520
520
520
520
520
520
520.0000018
699.9999982
700
700
700
700
700
700
700
700
700
700
700
700
700
700
700
700
700
700
700
700
700
700
700
520
520
520
520
520
520
520
520
520
520
520
520
520
520
520
520.0000016
699.9999984
700
700
700
700
700
700
700
700
700
700
700
700
700
700
700
700
700
700
700
700
700
700
700
520
520
520
520
520
520
520
520
520
520
520
520
520
520
520
520.0000017
699.9999983
700
700
700
700
700
700
700
700
700
700
700
700
700
700
700
700
700
700
700
700
700
700
700
520
520
520
520
520
520
520
520
520
520
520
520
520
520
520
520.0000016
699.9999984
700
700
700
700
700
700
700
700
700
700
700
700
700
700
700
700
700
700
700
700
700
700
700
520
520
520
520
520
520
520
520
520
520
520
520
520
520
520
520.0000018
699.9999982
700
700
700
700
700
700
700
700
700
700
700
700
700
700
700
700
700
700
700
700
700
700
700
520
520
520
520
520
520
520
520
520
520
520
520
520
520
520
520.0000016
699.9999984
700
700
700
700
700
700
700
700
700
700
700
700
700
700
700
700
700
700
700
700
700
700
700
520
520
520
520
520
520
520
520
520
520
520
520
520
520
520
520.0000016
699.9999984
700
700
700
700
700
700
700
700
700
700
700
700
700
700
700
700
700
700
700
700
700
700
700
520
520
520
520
520
520
520
520
520
520
520
520
520
520
520
520.0000017
699.9999983
700
700
700
700
700
700
700
700
700
700
700
700
700
700
700
700
700
700
700
700
700
700
700
520
520
520
520
520
520
520
520
520
520
520
520
520
520
520
520.0000017
699.9999983
700
700
700
700
700
700
700
700
700
700
700
700
700
700
700
700
700
700
700
700
700
700
700
520
520
520
520
520
520
520
520
520
520
520
520
520
520
520
520.0000017
699.9999983
700
700
700
700
700
700
700
700
700
700
700
700
700
700
700
700
700
700
700
700
700
700
700
520
520
520
520
520
520
520
520
520
520
520
520
520
520
520
520.0000017
699.9999983
700
700
700
700
700
700
700
700
700
700
700
700
700
700
700
700
700
700
700
700
700
700
700
520
520
520
520
520
520
520
520
520
520
520
520
520
520
520
520.0000017
699.9999983
700
700
700
700
700
700
700
700
700
700
700
700
700
700
700
700
700
700
700
700
700
700
700
520
520
520
520
520
520
520
520
520
520
520
520
520
520
520
520.0000017
699.9999983
700
700
700
700
700
700
700
700
700
700
700
700
700
700
700
700
700
700
700
700
700
700
700
520
520
520
520
520
520
520
520
520
520
520
520
520
520
520
520.0000018
699.9999982
700
700
700
700
700
700
700
700
700
700
700
700
700
700
700
700
700
700
700
700
700
700
700
520
520
520
520
520
520
520
520
520
520
520
520
520
520
520
520.0000018
699.9999982
700
700
700
700
700
700
700
700
700
700
700
700
700
700
700
700
700
700
700
700
700
700
700
520
520
520
520
520
520
520
520
520
520
520
520
520
520
520
520.0000018
699.9999982
700
700
700
700
700
700
700
700
700
700
700
700
700
700
700
700
700
700
700
700
700
700
700
520
520
520
520
520
520
520
520
520
520
520
520
520
520
520
520.0000017
699.9999983
700
700
700
700
700
700
700
700
700
700
700
700
700
700
700
700
700
700
700
700
700
700
700
520
520
520
520
520
520
520
520
520
520
520
520
520
520
520
520.0000018
699.9999982
700
700
700
700
700
700
700
700
700
700
700
700
700
700
700
700
700
700
700
700
700
700
700
520
520
520
520
520
520
520
520
520
520
520
520
520
520
520
520.0000018
699.9999982
700
700
700
700
700
700
700
700
700
700
700
700
700
700
700
700
700
700
700
700
700
700
700
520
520
520
520
520
520
520
520
520
520
520
520
520
520
520
520.0000018
699.9999982
700
700
700
700
700
700
700
700
700
700
700
700
700
700
700
700
700
700
700
700
700
700
700
520
520
520
520
520
520
520
520
520
520
520
520
520
520
520
520.0000017
699.9999983
700
700
700
700
700
700
700
700
700
700
700
700
700
700
700
700
700
700
700
700
700
700
700
520
520
520
520
520
520
520
520
520
520
520
520
520
520
520
520.0000018
699.9999982
700
700
700
700
700
700
700
700
700
700
700
700
700
700
700
700
700
700
700
700
700
700
700
520
520
520
520
520
520
520
520
520
520
520
520
520
520
520
520.0000017
699.9999983
700
700
700
700
700
700
700
700
700
700
700
700
700
700
700
700
700
700
700
700
700
700
700
520
520
520
520
520
520
520
520
520
520
520
520
520
520
520
520.0000028
699.9999972
700
700
700
700
700
700
700
700
700
700
700
700
700
700
700
700
700
700
700
700
700
700
700
520
520
520
520
520
520
520
520
520
520
520
520
520
520
520
520.0000033
699.9999968
700
700
700
700
700
700
700
700
700
700
700
700
700
700
700
700
700
700
700
700
700
700
700
520
520
520
520
520
520
520
520
520
520
520
520
520
520
520
520.0000066
699.9999933
700
700
700
700
700
700
700
700
700
700
700
700
700
700
700
700
700
700
700
700
700
700
700
520
520
520
520
520
520
520
520
520
520
520
520
520
520
520
520.0000161
699.9999839
700
700
700
700
700
700
700
700
700
700
700
700
700
700
700
700
700
700
700
700
700
700
700
520
520
520
520
520
520
520
520
520
520
520
520
520
520
520
520.0840144
699.999975
700
700
700
700
700
700
700
700
700
700
700
700
700
700
700
700
700
700
700
700
700
700
700
520
520
520
520
520
520
520
520
520
520
520
520
520
520
520
529.3063571
699.9999998
700
700
700
700
700
700
700
700
700
700
700
700
700
700
700
700
700
700
700
700
700
700
700
520
520
520
520
520
520
520
520
520
520
520
520
520
520
520
528.3030855
699.8999686
700
700
700
700
700
700
700
700
700
700
700
700
700
700
700
700
700
700
700
700
700
700
700
520
520
520
520
520
520
520
520
520
520
520
520
520
520
520
520
684.4158826
700
700
700
700
700
700
700
700
700
700
700
700
700
700
700
700
700
700
700
700
700
700
700
520
520
520
520
520
520
520
520
520
520
520
520
520
520
520
520
688.8102479
700
700
700
700
700
700
700
700
700
700
700
700
700
700
700
700
700
700
700
700
700
700
700
520
520
520
520
520
520
520
520
520
520
520
520
520
520
520
529.1876469
699.9928144
700
700
700
700
700
700
700
700
700
700
700
700
700
700
700
700
700
700
700
700
700
700
700
520
520
520
520
520
520
520
520
)
;

boundaryField
{
    lowerWall
    {
        type            calculated;
        value           uniform 0;
    }
    atmosphere
    {
        type            calculated;
        value           uniform 0;
    }
    rightWall
    {
        type            empty;
    }
    leftWall
    {
        type            empty;
    }
    frontAndBack
    {
        type            calculated;
        value           uniform 0;
    }
}


// ************************************************************************* //
