/*--------------------------------*- C++ -*----------------------------------*\
| =========                 |                                                 |
| \\      /  F ield         | OpenFOAM: The Open Source CFD Toolbox           |
|  \\    /   O peration     | Version:  2506                                  |
|   \\  /    A nd           | Website:  www.openfoam.com                      |
|    \\/     M anipulation  |                                                 |
\*---------------------------------------------------------------------------*/
FoamFile
{
    version     2.0;
    format      ascii;
    arch        "LSB;label=32;scalar=64";
    class       volScalarField;
    location    "0.001";
    object      p;
}
// * * * * * * * * * * * * * * * * * * * * * * * * * * * * * * * * * * * * * //

dimensions      [1 -1 -2 0 0 0 0];

internalField   nonuniform List<scalar> 
3200
(
0.1689463088
0.583642687
0.9731551914
1.330796641
1.586736824
1.908197965
1.898608688
2.096248275
-2.053469986
1667.249859
3226.451835
4588.891734
5702.624195
6549.177931
7135.405815
7483.897028
7624.913322
7590.738028
7412.242199
7117.10507
6729.122629
6268.163462
5750.468377
5189.103144
4594.452322
3974.69401
3336.228382
2684.051744
2022.077456
1353.409623
680.5777102
5.74057652
-0.07008952688
-0.07224615833
-0.07440276921
-0.07655939425
-0.07871601313
-0.08087263077
-0.08302925338
-0.08518587071
0.1744938144
0.6052134041
1.009503713
1.383709043
1.645068998
1.987006366
1.96379998
2.192030517
-1.983212161
1777.347697
3423.187899
4837.537397
5969.709439
6809.380487
7372.990928
7691.194425
7799.90401
7734.837493
7528.645942
7209.700031
6801.840224
6324.635959
5793.87629
5222.133889
4619.318172
3993.177711
3349.737975
2693.674265
2028.626151
1357.46253
682.507756
5.74057652
-0.07008952695
-0.07224615823
-0.07440276926
-0.07655939417
-0.07871601321
-0.0808726308
-0.08302925341
-0.08518587076
0.1886801508
0.652814878
1.087993081
1.499196537
1.769067809
2.159984357
2.097464096
2.400940078
-1.831719792
2020.868926
3851.30234
5368.189073
6529.071316
7345.370217
7855.664155
8107.626296
8148.276037
8019.638388
7757.359082
7390.750171
6943.438255
6434.203808
5877.820518
5285.814616
4667.117343
4028.60936
3375.567929
2712.032096
2041.101276
1365.181349
686.1910865
5.74057652
-0.07008952697
-0.07224615817
-0.07440276929
-0.07655939409
-0.07871601328
-0.08087263082
-0.08302925344
-0.08518587077
0.2065955331
0.7179921635
1.196415946
1.655838289
1.944044045
2.390058445
2.272164081
2.716110905
-1.623372347
2456.592895
4592.870889
6254.701186
7432.826535
8187.131947
8596.39617
8735.061912
8665.595312
8437.714723
8090.016681
7652.106434
7146.556912
6590.520321
5996.996694
5375.814383
4734.382089
4078.26445
3411.624087
2737.564011
2058.396217
1375.85602
691.2772666
5.74057652
-0.07008952707
-0.07224615813
-0.07440276934
-0.07655939403
-0.07871601333
-0.08087263083
-0.08302925345
-0.08518587078
0.2401735486
0.8196105112
1.364867379
1.915040377
2.202686332
2.778035348
2.479087131
3.236352938
-1.347076847
3214.187501
5808.798327
7624.778439
8760.217095
9373.708206
9607.460481
9570.328277
9340.995509
8975.24927
8512.508357
7980.712404
7399.768134
6783.930894
6143.447835
5485.698593
4815.993637
4138.138384
3454.837029
2767.986798
2078.896998
1388.456267
697.2643917
5.74057652
-0.07008952715
-0.07224615809
-0.07440276937
-0.076559394
-0.07871601336
-0.08087263084
-0.08302925345
-0.08518587078
0.2804346899
0.9302642015
1.52632
2.109807588
2.43131726
3.051733094
2.573782073
3.900474467
-32.58458104
4592.61947
7803.271884
9675.260011
10609.37374
10939.79936
10889.14625
10597.4976
10152.47965
9609.421514
9003.678312
8358.078874
7687.480554
7001.597803
6306.785265
5607.176774
4905.420454
4203.157571
3501.338344
2800.434108
2100.58338
1401.695482
703.5269171
5.74057652
-0.07008952719
-0.07224615806
-0.07440276939
-0.07655939398
-0.07871601337
-0.08087263084
-0.08302925345
-0.08518587078
0.3404298042
1.084740986
1.809212381
2.689576933
2.968054116
3.964244341
2.398337628
4.951803835
-179.2197203
7385.239122
11136.33181
12663.48192
13062.04191
12886.74956
12411.56766
11777.74305
11061.67928
10305.9256
9534.33025
8760.058783
7990.088742
7227.808906
6474.543013
5730.445195
4995.022521
4267.435377
3546.666669
2831.61481
2121.143086
1414.104272
709.3513481
5.74057652
-0.0700895272
-0.07224615804
-0.0744027694
-0.07655939397
-0.07871601336
-0.08087263084
-0.08302925345
-0.08518587079
0.398466261
1.174752252
1.844166096
2.555327707
2.229992201
2.614466351
1.252584087
8.638259021
1348.38833
13991.28069
16693.27154
16780.1644
16088.39295
15133.37842
14092.37866
13039.9429
12010.25293
11017.92558
10067.28979
9157.356402
8284.622222
7444.624734
6632.761509
5844.685319
5076.461865
4324.600646
3586.02322
2858.004817
2138.108067
1424.117584
713.9786638
5.74057652
-0.0700895272
-0.07224615802
-0.0744027694
-0.07655939397
-0.07871601335
-0.08087263084
-0.08302925345
-0.08518587079
0.3845952909
1.185845495
2.038757576
3.823049111
3.478597658
5.520080074
-6.471746126
57.98765163
42963.92479
30538.64267
24865.23652
21675.39115
19377.82359
17465.78889
15784.37718
14279.12025
12921.15821
11687.89732
10559.18617
9517.08056
8546.040185
7632.930137
6766.826817
5938.7245
5141.216496
4368.192325
3614.569615
2876.065839
2149.007587
1430.17167
716.6512954
5.740576521
-0.07008952719
-0.07224615801
-0.07440276939
-0.07655939397
-0.07871601334
-0.08087263084
-0.08302925344
-0.08518587079
-0.001023869786
0.5402518217
0.9023312639
1.309829991
-3.303879145
-9.580450625
-22.72443386
-47.3614275
13931.12499
40330.86077
30553.57542
25678.2287
22281.56616
19567.38075
17299.97373
15370.7285
13707.06301
12252.99073
10964.12445
9805.372744
8749.155644
7773.858712
6862.530794
6001.826861
5181.170278
4392.097793
3627.750447
2882.477878
2151.528709
1430.804814
716.6616796
5.740576521
-0.07008952717
-0.07224615801
-0.07440276938
-0.07655939397
-0.07871601333
-0.08087263084
-0.08302925343
-0.08518587078
-1.000893614
-2.349822482
-3.811796756
-4.167733249
-19.76178744
-32.49103866
-34.41073409
-37.45317432
4026.072066
29178.14012
31340.64048
28202.28017
24502.68269
21222.00393
18477.16571
16196.48388
14283.07606
12652.55306
11238.60154
9990.770381
8870.985485
7850.454712
6907.256958
6024.54579
5189.22911
4390.999074
3621.614961
2874.367413
2143.671995
1424.754294
713.3987831
5.740576521
-0.07008952716
-0.072246158
-0.07440276938
-0.07655939396
-0.07871601332
-0.08087263083
-0.08302925342
-0.08518587078
-1.777140325
-5.620072671
-8.172347714
-10.5214491
-26.93594015
-54.97952515
-46.87927642
-22.63532371
8593.686989
45080.51355
37430.42364
31287.46623
26304.74391
22340.59873
19189.9731
16654.70649
14575.9149
12835.22599
11346.61895
10047.76916
8893.202893
7849.361187
6891.149784
5999.541148
5159.897128
4360.781527
3593.106832
2849.510371
2123.888713
1411.041291
706.3887019
5.740576521
-0.07008952715
-0.072246158
-0.07440276937
-0.07655939396
-0.07871601331
-0.08087263083
-0.08302925341
-0.08518587077
-1.39854138
-5.546383177
-6.877148507
-10.51037827
-21.30070967
-46.41770728
-52.01009377
34.88461582
50234.16568
54809.85608
42014.47688
33212.31144
27088.12008
22645.49009
19287.19724
16656.20097
14530.36754
12765.50592
11264.54733
9960.139495
8804.344938
7762.288345
6808.100618
5922.250183
5089.739525
4298.856527
3540.290008
2806.488845
2091.186124
1389.035793
695.3256272
5.740576521
-0.07008952714
-0.07224615799
-0.07440276936
-0.07655939396
-0.0787160133
-0.08087263082
-0.08302925341
-0.08518587077
-0.8292756902
-2.597225136
-2.980069948
-0.9500502086
-0.3368908016
0.8446460703
3778.19885
48207.71186
68245.10976
61884.451
42605.99559
32459.0865
26189.80648
21865.86255
18656.90777
16152.28479
14123.57
12431.57815
10985.60055
9723.559229
8601.405877
7587.005377
6656.382697
5791.305256
4977.664084
4204.354863
3462.482965
2744.783932
2045.189807
1358.495046
680.0902112
5.740576521
-0.07008952713
-0.07224615799
-0.07440276935
-0.07655939395
-0.0787160133
-0.08087263081
-0.0830292534
-0.08518587076
-0.3018851342
-1.17705031
-1.069593073
-0.3481537221
-5.00716185
7.08584031
31.65407999
20330.38554
54411.20405
43026.34115
34065.79614
27828.17858
23346.02502
19971.06959
17322.07634
15172.21766
13379.7765
11851.338
10522.4003
9346.761124
8290.37847
7327.611158
6438.795873
5608.617347
4824.973413
4078.16191
3360.283653
2664.793774
1986.15641
1319.571776
660.7536091
5.740576521
-0.07008952713
-0.07224615798
-0.07440276934
-0.07655939394
-0.07871601329
-0.08087263081
-0.08302925339
-0.08518587075
-0.1855139684
-0.7309209939
-0.8069289426
-0.9394403361
-2.564753906
-4.694615886
-13.22517751
164.6058089
8564.256654
21125.24294
22802.61017
21441.71752
19394.90859
17350.14195
15487.90431
13834.49434
12371.71262
11071.30529
9905.591233
8850.383866
7885.407804
6993.939265
6162.256311
5379.095402
4635.173714
3922.787748
3235.481831
2567.775208
1914.936044
1272.791817
637.567059
5.74057652
-0.07008952712
-0.07224615797
-0.07440276933
-0.07655939393
-0.07871601328
-0.0808726308
-0.08302925338
-0.08518587074
-0.02892385779
-0.1911533518
-0.01063982653
0.1676099315
0.8183200305
3.618585737
6.920070381
18.58474893
-1127.711787
10106.7195
14577.73894
15741.07515
15441.61426
14546.51569
13444.7013
12305.90789
11201.01177
10156.29357
9177.971744
8263.459714
7406.609186
6600.163805
5836.886206
5110.041819
4413.568129
3742.091363
3090.871673
2455.717574
1832.889834
1219.004425
610.9385274
5.74057652
-0.07008952711
-0.07224615796
-0.07440276932
-0.07655939393
-0.07871601327
-0.08087263079
-0.08302925337
-0.08518587073
0.05683298959
0.1188253562
0.3871090886
0.7408706982
1.392142791
2.502411714
4.031908145
8.63671244
-188.1023641
5846.468815
9660.539008
11503.13055
12083.82373
11949.4373
11438.27637
10743.19307
9969.875348
9174.605394
8386.245018
7618.56542
6877.09241
6162.910109
5474.781668
4810.331924
4166.701699
3540.901364
2929.991837
2331.166119
1741.773599
1159.311716
581.3993931
5.74057652
-0.0700895271
-0.07224615795
-0.07440276931
-0.07655939392
-0.07871601326
-0.08087263078
-0.08302925336
-0.08518587072
0.08620185558
0.2599447416
0.5372485554
0.9203675604
1.556321702
2.529402444
3.677463891
4.920247463
0.7661116618
3804.212038
6714.773886
8526.985313
9440.979585
9728.966651
9615.575468
9258.48546
8760.438215
8185.733
7573.546322
6947.162881
6319.979319
5699.299522
5088.704337
4489.523569
3901.747611
3324.589596
2756.828996
2197.018075
1643.60214
1094.985714
549.5651012
5.74057652
-0.07008952709
-0.07224615794
-0.0744027693
-0.0765593939
-0.07871601325
-0.08087263077
-0.08302925335
-0.08518587071
0.1135745989
0.3658305422
0.6864976122
1.093571075
1.601068818
2.246579364
2.941160816
3.343346318
-0.7014869083
2654.099532
4867.299546
6448.958272
7424.009893
7909.709146
8036.37794
7914.511656
7627.410705
7234.072923
6774.759625
6276.265947
5756.064316
5225.308684
4690.92559
4157.038145
3625.924013
3098.655077
2575.522185
2056.315683
1540.509635
1027.382174
516.0940421
5.74057652
-0.07008952709
-0.07224615793
-0.07440276929
-0.07655939389
-0.07871601324
-0.08087263076
-0.08302925334
-0.0851858707
0.1145452837
0.3588077858
0.634101343
0.9659227696
1.368410182
1.801134678
2.222732679
2.436333765
-1.60325552
1945.397499
3651.303129
4977.439483
5896.260888
6449.319192
6705.523119
6735.552959
6600.37647
6348.125052
6014.875321
5626.789831
5202.412751
4754.657161
4292.371413
3821.514005
3346.01004
2868.364944
2390.099674
1912.05752
1434.620025
957.8595552
481.6485936
5.74057652
-0.07008952708
-0.07224615792
-0.07440276928
-0.07655939388
-0.07871601322
-0.08087263074
-0.08302925333
-0.08518587069
0.1165581696
0.3621453697
0.6219494381
0.9014516224
1.207615262
1.509258554
1.793425681
1.89129071
-2.119878855
1477.727162
2815.012464
3913.137586
4734.145052
5285.623265
5600.653312
5721.585227
5690.178897
5542.918569
5309.556012
5013.325859
4671.856954
4298.25538
3902.116633
3490.378198
3067.998701
2638.481414
2204.269855
1767.043482
1327.937901
887.7096456
446.8614359
5.74057652
-0.07008952707
-0.0722461579
-0.07440276927
-0.07655939387
-0.07871601321
-0.08087263073
-0.08302925332
-0.08518587068
0.104181044
0.3179234479
0.5436159129
0.7745751149
1.008116586
1.219688054
1.406593527
1.479719707
-2.531304833
1152.577814
2217.818721
3125.856737
3841.430711
4358.218023
4689.696301
4859.745204
4895.60305
4823.564389
4666.841229
4444.829253
4173.159268
3864.118504
3527.19725
3169.632855
2796.893726
2413.084858
2021.275949
1623.761631
1222.26604
818.1039044
412.3091469
5.74057652
-0.07008952706
-0.07224615789
-0.07440276925
-0.07655939386
-0.0787160132
-0.08087263072
-0.0830292533
-0.08518587067
0.09312434727
0.2812846582
0.4713497467
0.6598068012
0.8394842826
0.9938713818
1.120790886
1.171256834
-2.846254081
917.2692909
1777.765693
2530.94514
3147.377783
3615.967698
3939.987762
4131.891332
4208.698176
4188.652389
4089.160374
3925.727791
3711.56649
3457.598554
3172.665259
2863.8198
2536.634554
2195.487632
1843.814054
1484.318369
1119.15148
750.0570667
378.4939234
5.74057652
-0.07008952704
-0.07224615788
-0.07440276924
-0.07655939384
-0.07871601319
-0.08087263071
-0.08302925329
-0.08518587065
0.08041257978
0.2406707052
0.3987154659
0.5510543315
0.6906005164
0.8056958296
0.8945461659
0.9292307758
-3.090124784
741.5456706
1444.968808
2072.687667
2601.045323
3018.137167
3322.220077
3518.935704
3618.427816
3632.952469
3575.173917
3457.101272
3289.523791
3081.78976
2841.798854
2576.112778
2290.121042
1988.223259
1674.006605
1350.408142
1019.858518
684.4074231
345.8332661
5.740576519
-0.07008952703
-0.07224615786
-0.07440276923
-0.07655939383
-0.07871601317
-0.08087263069
-0.08302925328
-0.08518587064
0.06820880011
0.2026511687
0.3330673382
0.4559174051
0.5650720438
0.6522198544
0.715745367
0.7396133789
-3.275573986
607.0018096
1187.816924
1713.701234
2165.860035
2533.170339
2811.650061
3003.012215
3112.914806
3149.330341
3121.244694
3037.735566
2907.391101
2737.993691
2536.390829
2308.486875
2059.305902
1793.091196
1513.419319
1223.315659
925.364624
621.8116497
314.6567171
5.740576519
-0.07008952702
-0.07224615785
-0.07440276921
-0.07655939382
-0.07871601316
-0.08087263068
-0.08302925326
-0.08518587063
0.05698927661
0.1684147267
0.2752485595
0.3741511688
0.4599517597
0.5268183493
0.5733681883
0.5898738898
-3.424083646
501.8872641
985.5383591
1428.353159
1815.408864
2136.894355
2388.034646
2568.364584
2680.687297
2729.993304
2722.512059
2664.971623
2564.075539
2426.169621
2257.057466
2061.923131
1845.325545
1611.237322
1363.1085
1103.942184
836.3740499
562.751195
285.2082892
5.740576519
-0.07008952701
-0.07224615783
-0.0744027692
-0.0765593938
-0.07871601315
-0.08087263067
-0.08302925325
-0.08518587061
0.04711064861
0.138699766
0.2257668781
0.3052873985
0.3730736299
0.4248758207
0.4595459362
0.4709796168
-3.540279806
418.4011864
824.0407219
1198.680518
1530.418303
1810.829837
2035.073745
2201.548633
2311.284039
2367.237363
2373.622352
2335.34088
2257.545344
2145.329598
2003.530676
1836.617863
1648.645977
1443.25301
1223.686549
992.8475605
753.3436778
507.5469482
257.6530605
5.740576519
-0.070089527
-0.07224615782
-0.07440276918
-0.07655939379
-0.07871601313
-0.08087263065
-0.08302925324
-0.0851858706
0.03863806446
0.1134297044
0.18407707
0.2479494157
0.3016633268
0.3420660788
0.3682066542
0.3761438098
-3.632931683
351.1867596
693.4898669
1011.830065
1296.649539
1540.80559
1739.733574
1891.305257
1995.480055
2053.854129
2069.194076
2045.013449
1985.22275
1893.86225
1774.91338
1632.177339
1469.207107
1289.279486
1095.395601
890.3006651
676.5160896
456.3790821
232.0864487
5.740576519
-0.07008952698
-0.0722461578
-0.07440276917
-0.07655939377
-0.07871601312
-0.08087263064
-0.08302925322
-0.08518587059
0.03149060361
0.09225358436
0.1493668587
0.200606729
0.2432271792
0.274865897
0.2947308262
0.3002193741
-3.707190308
296.4604034
586.851576
858.4245879
1103.445159
1315.888761
1491.609343
1628.300949
1725.304125
1783.320429
1804.093049
1790.097446
1744.269555
1669.784767
1569.890362
1447.787443
1306.555077
1149.108264
978.1817185
796.3324735
605.9557
409.3094059
208.5448693
5.740576519
-0.07008952697
-0.07224615779
-0.07440276916
-0.07655939376
-0.0787160131
-0.08087263062
-0.08302925321
-0.08518587057
0.02553443949
0.07468140257
0.12069772
0.1617288832
0.1955514754
0.2203738269
0.2355257031
0.2392511502
-3.766828228
251.4837803
498.9838422
731.500048
942.7243588
1127.581298
1282.382014
1404.83673
1493.952927
1549.857203
1573.578929
1566.827445
1531.785274
1470.930607
1386.894714
1282.354504
1159.957148
1022.271989
871.764536
710.7875357
541.584792
366.3041383
187.0167435
5.740576519
-0.07008952696
-0.07224615777
-0.07440276914
-0.07655939375
-0.07871601309
-0.08087263061
-0.08302925319
-0.08518587056
0.0206116631
0.06019688279
0.09714712233
0.1299324362
0.1567437082
0.176205495
0.1877595107
0.1901844444
-3.813236881
214.232856
426.0552017
625.8002941
808.2833911
969.2236496
1105.377164
1214.572426
1295.662265
1348.414885
1373.368838
1371.674298
1344.938029
1295.083732
1224.234197
1134.617583
1028.497245
908.1228074
775.6993167
633.3711236
483.2172767
327.2556059
167.4530963
5.74057652
-0.07008952694
-0.07224615776
-0.07440276913
-0.07655939373
-0.07871601307
-0.0808726306
-0.08302925318
-0.08518587054
0.01656381297
0.04831879105
0.07788344579
0.1039976634
0.1251986658
0.1404103561
0.1491716952
0.1506140827
-3.853716244
183.1826924
365.1619805
537.299948
695.3037278
835.5537423
955.2157383
1052.284788
1125.568249
1174.621169
1199.650185
1201.401496
1181.045911
1140.070607
1080.183717
1003.234879
911.1525636
805.8974274
689.4299954
563.690532
430.5888494
292.0019051
149.7772444
5.74057652
-0.07008952693
-0.07224615774
-0.07440276911
-0.07655939372
-0.07871601306
-0.08087263058
-0.08302925317
-0.08518587053
0.01325010599
0.03861235139
0.0621683326
0.08288167914
0.09957548737
0.1113966913
0.1179675895
0.1186556684
-3.885134525
157.1684852
314.0712465
462.8758021
600.0023702
722.3802983
827.5411309
913.6637742
979.5749273
1024.712759
1049.064205
1053.08659
1037.623159
1003.820099
953.0504303
886.8479861
806.8529794
714.7693181
612.3329431
501.2899369
383.3828985
260.3440129
133.8932943
5.74057652
-0.07008952691
-0.07224615773
-0.0744027691
-0.0765593937
-0.07871601305
-0.08087263057
-0.08302925315
-0.08518587051
0.0105451598
0.0306984483
0.0493703914
0.06571209693
0.07877443531
0.0878767976
0.09271337273
0.09280972322
-3.910521676
135.2857396
271.0429182
400.0762628
519.380237
626.3397646
718.807157
795.144923
854.235621
895.4634301
918.6741232
924.1207812
912.40219
884.3997766
841.2175359
784.127953
714.5256292
633.8892716
543.7519325
445.6788609
341.2520204
232.0601671
119.6933346
5.74057652
-0.0700895269
-0.07224615771
-0.07440276908
-0.07655939369
-0.07871601303
-0.08087263055
-0.08302925314
-0.0851858705
0.008341564553
0.02425670398
0.0389604453
0.05175967828
0.06189052092
0.06880609839
0.07225988083
0.0718902794
-3.931081867
116.8243964
234.7056366
346.9572499
451.0390571
544.7143819
626.1136187
693.7732163
746.6502082
784.1149849
805.9266028
812.195644
803.33962
780.0353577
743.1719548
693.8069216
633.1271969
562.4159217
483.025213
396.3547084
303.8353375
206.917576
107.0633331
5.74057652
-0.07008952689
-0.0722461577
-0.07440276907
-0.07655939367
-0.07871601302
-0.08087263054
-0.08302925312
-0.08518587049
0.006548555425
0.01901733674
0.03049805689
0.04042621552
0.04818724628
0.05334087776
0.05568893319
0.05495059365
-3.947739389
101.2212603
203.9681359
301.9636057
393.0466072
475.2950818
547.0786458
607.0933376
654.3780723
688.3143059
708.6116645
715.2829536
708.612121
689.1185028
657.5201809
614.6986498
561.666335
499.5379051
429.505808
352.8200592
270.7720161
184.6816665
95.88782803
5.74057652
-0.07008952687
-0.07224615769
-0.07440276905
-0.07655939366
-0.078716013
-0.08087263052
-0.08302925311
-0.08518587047
0.005090793428
0.01475883457
0.02362314766
0.03122519578
0.03706950418
0.04080242873
0.04226353581
0.04123231743
-3.961232962
88.02579244
177.95503
263.8422339
343.8364633
416.2774241
479.7393265
533.0615155
575.365287
606.0576833
624.8240186
631.6114623
626.6062258
610.2068355
582.9956906
545.7107071
499.2183967
444.4892858
382.5761877
314.595506
241.7114896
165.1231666
86.05354457
5.74057652
-0.07008952686
-0.07224615767
-0.07440276904
-0.07655939364
-0.07871601299
-0.08087263051
-0.08302925309
-0.08518587046
0.003906551953
0.011300588
0.01804264857
0.02376098452
0.028055272
0.03064169106
0.03139003121
0.03012671687
-3.972157781
76.87514652
155.9596579
231.5777059
302.1326823
366.1820476
422.4740899
469.9748013
507.884213
535.6425577
552.9273626
559.6430533
555.9048828
542.0190253
518.4605335
485.8506098
444.934338
396.5597014
341.6584137
281.2288215
216.3209201
148.0233475
77.45209537
5.74057652
-0.07008952684
-0.07224615766
-0.07440276903
-0.07655939363
-0.07871601297
-0.0808726305
-0.08302925308
-0.08518587044
0.002945447705
0.00849540117
0.01351746842
0.01771120703
0.02075273299
0.022414232
0.02258962283
0.02114262334
-3.980993871
67.47565159
137.409034
204.344007
266.8927045
323.7934547
373.9418539
416.4143475
450.4836703
475.6262626
491.5223467
498.0497341
495.2726546
483.4269713
462.9030853
434.2276894
398.0453276
355.100489
306.2207407
252.3011935
194.2904153
133.1777541
69.98191961
5.74057652
-0.07008952683
-0.07224615764
-0.07440276901
-0.07655939362
-0.07871601296
-0.08087263048
-0.08302925307
-0.08518587043
0.00216627211
0.006222666103
0.009852288865
0.01281276011
0.01484244151
0.01575827388
0.01547337517
0.01388131619
-3.988133416
59.5891212
121.8375627
181.46805
237.2637353
288.1126351
333.0341673
371.1999154
401.9480124
424.7911203
439.4184159
445.6923065
443.6407973
433.4465206
415.4334305
390.0520846
357.8643036
319.5278409
275.7815253
227.4311801
175.3364731
120.3987259
63.54961068
5.74057652
-0.07008952682
-0.07224615763
-0.074402769
-0.0765593936
-0.07871601295
-0.08087263047
-0.08302925305
-0.08518587042
0.001535419582
0.004383395604
0.006887015188
0.008850703683
0.01006372953
0.01037832578
0.009723892707
0.008017379349
-3.993897296
53.02242072
108.8671196
162.4018793
212.5492307
258.3202514
298.8375004
333.3534219
361.2636601
382.1151852
395.6094622
401.6011521
400.093007
391.2277113
375.2774459
352.631909
323.7854471
289.3238386
249.9111479
206.2769449
159.2040645
109.5169791
58.07076503
5.74057652
-0.0700895268
-0.07224615761
-0.07440276898
-0.07655939359
-0.07871601293
-0.08087263045
-0.08302925304
-0.0851858704
0.001025302049
0.002896427359
0.004490197948
0.005648789145
0.00620299559
0.006032940007
0.005081606778
0.003284763566
-3.998547669
47.61949882
98.19188366
146.7014071
192.1830662
233.7479878
270.6035416
302.0698052
327.5918856
346.7479483
359.2530809
364.9593182
363.8523108
356.0452056
341.7703451
321.3693777
295.2823199
264.0360382
228.2325228
188.537234
145.6677018
100.3824789
53.47046689
5.74057652
-0.07008952679
-0.0722461576
-0.07440276897
-0.07655939357
-0.07871601292
-0.08087263044
-0.08302925303
-0.08518587039
0.0006131468905
0.001695054988
0.002553974453
0.003062658327
0.003085072468
0.002524154296
0.001334281082
-0.0005342185199
-4.002299489
43.25547926
89.56682006
134.0101563
175.709652
213.856306
247.7258926
276.6938775
300.2468613
317.9903865
329.6531632
335.0879393
334.2693727
327.2893469
314.3502156
295.7564617
271.905228
243.2761247
210.4206474
173.951467
134.5317747
92.86479363
49.68350405
5.74057652
-0.07008952678
-0.07224615759
-0.07440276896
-0.07655939356
-0.07871601291
-0.08087263043
-0.08302925301
-0.08518587037
0.0002801802463
0.0007245247057
0.0009897881838
0.0009733787359
0.0005662754608
-0.0003100649867
-0.001692003541
-0.003617712779
-4.00532862
39.83209717
82.7989481
124.0469059
162.7687367
198.217316
229.7219574
256.7021323
278.6781776
295.2788215
306.2455451
311.4339406
310.8123453
304.4581107
292.5519063
275.3704732
253.2782209
226.7180268
196.2015398
162.2992323
125.6303789
86.85307989
46.65439112
5.74057652
-0.07008952676
-0.07224615757
-0.07440276894
-0.07655939355
-0.07871601289
-0.08087263041
-0.083029253
-0.08518587036
1.093745092e-05
-6.030377504e-05
-0.0002752133012
-0.0007164840802
-0.001470799588
-0.002602092542
-0.004139347477
-0.006111409186
-4.007778675
37.27437422
77.74085309
116.5964628
153.0839936
186.5018234
216.2191268
241.6887242
262.4572022
278.1721413
288.5864487
293.5599273
293.0583148
287.1501042
276.0014971
259.8698571
239.0960181
214.0957729
185.3508212
153.3994057
118.8268073
82.25581778
44.33725953
5.74057652
-0.07008952675
-0.07224615756
-0.07440276893
-0.07655939353
-0.07871601288
-0.0808726304
-0.08302925299
-0.08518587035
-0.0002072115198
-0.0006962829125
-0.001300356933
-0.00208611608
-0.003122102773
-0.004460283099
-0.006123607505
-0.008133554686
-4.009766362
35.52819818
74.28602181
111.5030112
146.4547518
178.4698769
206.9446076
231.3550344
251.2667987
266.342022
276.3434797
281.1361459
280.6863288
275.0586912
264.4114882
248.990366
229.1210589
205.2012878
177.6921266
147.1090499
114.0128282
79.00038099
42.69565817
5.74057652
-0.07008952674
-0.07224615755
-0.07440276892
-0.07655939352
-0.07871601287
-0.08087263039
-0.08302925297
-0.08518587034
-0.000384544922
-0.00121342088
-0.002134096969
-0.003200327515
-0.004465755694
-0.005972489931
-0.007738518527
-0.009779948305
-4.011385914
34.55873655
72.36574584
108.6656715
142.7504335
173.9643499
201.7184354
225.5024027
244.8940463
259.5658717
269.2889874
273.9344027
273.471968
267.9672639
257.5767787
242.5417199
223.180794
199.8822526
173.0954619
143.3221997
111.1078361
77.03250024
41.7022944
5.74057652
-0.07008952673
-0.07224615754
-0.0744027689
-0.07655939351
-0.07871601285
-0.08087263038
-0.08302925296
-0.08518587032
-0.0005294560521
-0.001636151983
-0.002815758495
-0.004111295399
-0.005564551512
-0.007209631294
-0.009059947166
-0.01112764429
-4.012713141
34.34955769
71.94742594
108.0360455
141.9074319
172.9072666
200.4493794
224.0277497
243.2257175
257.722295
267.2956341
271.8238385
271.2834057
265.7456458
255.3714516
240.4047922
221.1652765
198.0400923
171.475573
141.9685913
110.0579203
76.31565439
41.33873311
5.74057652
-0.07008952671
-0.07224615752
-0.07440276889
-0.0765593935
-0.07871601284
-0.08087263036
-0.08302925295
-0.08518587031
-0.0006486665023
-0.001984017073
-0.00337689984
-0.004861312239
-0.006469191172
-0.008228582786
-0.01014877335
-0.01223869341
-4.013808744
34.9024773
73.034219
109.6176512
143.928309
175.2987355
203.1335944
226.9219435
246.2463751
260.7889524
270.3340649
274.7684698
274.0788886
268.3475812
257.7463388
242.529312
223.0250549
199.6281032
172.7903422
143.012354
110.8348704
76.83040086
41.59506016
5.74057652
-0.0700895267
-0.07224615751
-0.07440276888
-0.07655939349
-0.07871601283
-0.08087263035
-0.08302925294
-0.0851858703
-0.0007475506752
-0.002272720202
-0.003842646464
-0.005483995138
-0.007220304167
-0.009074997045
-0.01105352071
-0.01316233025
-4.014719924
36.23807823
75.66603706
113.4672724
148.8833341
181.2185025
209.8560163
234.2708909
254.0390485
268.8427582
278.4726113
282.8264233
281.9055613
275.8092367
264.7272995
248.9320256
228.7693207
204.6496831
177.0391845
146.450644
113.4351026
78.57363736
42.46950642
5.74057652
-0.07008952669
-0.0722461575
-0.07440276887
-0.07655939347
-0.07871601282
-0.08087263034
-0.08302925293
-0.08518587029
-0.0008304651633
-0.002514841387
-0.004233345125
-0.006006448032
-0.007850335778
-0.009785185639
-0.01181288326
-0.01393778645
-4.01545325
38.39704386
79.92202577
119.6983765
156.9145374
190.8302907
220.7946445
246.2594556
266.7885481
282.0624306
291.8789982
296.1507985
294.8995493
288.2486137
276.4141055
259.6952114
238.4642131
213.1565775
184.2613718
152.3121622
117.8784673
81.55776738
43.96801867
5.74057652
-0.07008952668
-0.07224615749
-0.07440276886
-0.07655939346
-0.07871601281
-0.08087263033
-0.08302925291
-0.08518587028
-0.0009007198825
-0.002720253763
-0.004564887762
-0.006449817615
-0.008385133971
-0.01038815123
-0.01245736355
-0.0145958374
-4.01498976
41.44237111
85.92472596
128.4869055
168.2426213
204.3892684
236.228011
263.1784405
284.7875748
300.7334665
310.8240513
314.9920934
313.2871836
305.8657274
292.9797736
274.965389
252.2311312
225.2470082
194.5341714
160.6554666
124.2068654
85.80972306
46.10375444
5.74057652
-0.07008952667
-0.07224615748
-0.07440276885
-0.07655939345
-0.0787160128
-0.08087263032
-0.0830292529
-0.08518587027
-0.0009615064342
-0.002897287567
-0.004850443644
-0.006831599438
-0.008845081808
-0.0109069444
-0.01301176
-0.01516123239
-4.016666159
45.46184471
93.84623582
140.0799464
183.1772925
222.2531958
256.5463265
285.4350187
308.4458828
325.2556723
335.6874199
339.7021093
337.3872139
328.9433506
314.670122
294.9519959
270.2448371
241.0634911
207.9706323
171.5669435
132.4825787
91.36978066
48.89646848
5.74057652
-0.07008952666
-0.07224615747
-0.07440276884
-0.07655939344
-0.07871601279
-0.08087263031
-0.08302925289
-0.08518587026
-0.00101399799
-0.003051654664
-0.005099879933
-0.007164982313
-0.009246940308
-0.01135991435
-0.01349560318
-0.01565345694
-4.017188538
50.57482915
103.9175532
154.8081254
202.1318609
244.8980675
282.2670111
313.5671618
338.3028598
356.1534263
366.9653206
370.7392074
367.6137866
357.8480411
341.8032436
319.9257244
292.7310646
260.79009
224.7168093
185.1582707
142.7861844
98.29008473
52.37174935
5.74057652
-0.07008952665
-0.07224615746
-0.07440276883
-0.07655939343
-0.07871601278
-0.0808726303
-0.08302925288
-0.08518587024
-0.001061577174
-0.003189572803
-0.005322200069
-0.007462078012
-0.009604674818
-0.01176312363
-0.01392539379
-0.0160885693
-4.017622245
56.93672308
116.4405952
173.102574
225.6432647
272.9394012
314.055603
348.2628123
375.0439909
394.0888712
405.2802723
408.6747085
404.4798574
393.0310565
374.7684766
350.2161125
319.9632609
284.6487807
244.9481516
201.5631572
155.2138991
106.632779
56.56005594
5.74057652
-0.07008952664
-0.07224615745
-0.07440276882
-0.07655939342
-0.07871601277
-0.08087263029
-0.08302925287
-0.08518587023
-0.00110486855
-0.003315227248
-0.005524639913
-0.007732772879
-0.009929357553
-0.01213031009
-0.01431760671
-0.0164788234
-4.018007904
64.74891577
131.8055142
195.5183517
254.3993163
307.1608199
352.7533991
390.3847729
419.5217723
439.8782246
451.3926993
454.2000893
448.6005523
435.028601
414.0243101
386.2078563
352.2579856
312.8945236
268.8647309
220.9331093
169.874169
116.4676258
61.49549567
5.74057652
-0.07008952663
-0.07224615744
-0.07440276881
-0.07655939341
-0.07871601276
-0.08087263028
-0.08302925286
-0.08518587023
-0.001145187359
-0.003431921048
-0.005712934365
-0.007985360326
-0.01022982202
-0.01247081696
-0.0146809258
-0.01684415184
-4.018362973
74.27145248
150.5145605
222.7666112
289.2756584
348.5522027
399.4136406
441.0025364
472.7817025
494.5113139
506.2141059
508.1344053
500.695757
484.4606371
460.0944775
428.3351672
389.9683855
345.8085632
296.6849283
243.4319319
186.8833013
127.8689826
67.21428109
5.74057652
-0.07008952662
-0.07224615743
-0.0744027688
-0.0765593934
-0.07871601275
-0.08087263027
-0.08302925285
-0.08518587022
-0.001184454715
-0.003545499508
-0.005896405901
-0.008231345194
-0.01052076632
-0.01280338658
-0.01503310753
-0.01719425559
-4.018692345
85.84089638
173.2153901
255.7590165
331.386025
398.3605698
455.3486346
501.4325442
536.0939735
559.1742425
570.8212164
571.4310251
561.5908846
542.0272028
513.5612611
477.0733234
433.4750395
383.6893939
328.6371499
269.2286548
206.3599211
140.9120018
73.75279982
5.74057652
-0.07008952661
-0.07224615742
-0.07440276879
-0.07655939339
-0.07871601274
-0.08087263026
-0.08302925284
-0.08518587021
-0.001222630042
-0.003657828963
-0.006077044431
-0.008475633984
-0.01081144501
-0.01313795617
-0.01538822931
-0.01754541943
-4.019006832
99.89580429
200.7481503
295.6696842
382.1510306
458.1580878
522.1909149
573.2885802
610.9913192
635.2746906
646.4699635
645.1822419
632.2143049
608.5008039
575.0547495
532.926374
483.1733495
426.8407681
364.9491179
298.4885628
228.41804
155.6679245
81.14523817
5.74057652
-0.0700895266
-0.07224615741
-0.07440276878
-0.07655939338
-0.07871601273
-0.08087263025
-0.08302925284
-0.0851858702
-0.001262049329
-0.003775780353
-0.006268777716
-0.008735176362
-0.01111907922
-0.01349375976
-0.01576587662
-0.01791799278
-4.019318594
117.0137057
234.2131025
344.0226577
443.3931191
529.9332598
601.9723644
658.544077
699.3130269
724.4686172
734.6073876
730.6195646
713.5892925
684.7129723
645.2364668
596.4097536
539.4565497
475.5560812
405.8342798
331.3620331
253.1585557
172.1983657
89.42071197
5.74057652
-0.07008952659
-0.0722461574
-0.07440276877
-0.07655939338
-0.07871601272
-0.08087263024
-0.08302925283
-0.08518587019
-0.001304420478
-0.00390239641
-0.006474317863
-0.009017858124
-0.01145660375
-0.01388933853
-0.01618828997
-0.01833462021
-4.019636902
137.9659112
275.0695729
402.817291
517.4689086
616.2136072
697.226048
759.6078132
803.2541214
828.6858494
836.8782491
829.10642
806.8175342
771.5325313
724.7754549
668.0263951
602.693348
530.0984852
451.4749353
367.9709468
280.6590557
190.5485317
98.59988247
5.74057652
-0.07008952658
-0.07224615739
-0.07440276876
-0.07655939337
-0.07871601271
-0.08087263023
-0.08302925282
-0.08518587018
-0.001353497774
-0.004044910127
-0.006707325316
-0.009341550696
-0.01184463272
-0.01434993117
-0.01668401577
-0.01882444778
-4.019966332
163.800817
325.2839437
474.7110137
607.4555524
720.2310283
811.1160384
879.4133757
925.4168031
950.1499472
955.1212888
942.1185523
913.0502441
869.8325039
814.3145924
748.2348394
673.1992546
590.6761849
502.0018039
408.3925657
310.9619073
210.7393827
108.6910725
5.74057652
-0.07008952657
-0.07224615738
-0.07440276876
-0.07655939336
-0.07871601271
-0.08087263023
-0.08302925281
-0.08518587017
-0.001407931558
-0.004205079818
-0.00697231488
-0.00971672398
-0.01230188756
-0.01490177313
-0.01728800844
-0.0194204338
-4.020297179
195.9743225
387.5565916
563.2906538
717.4157151
846.1443634
947.6000692
1021.520053
1068.857695
1091.384375
1091.347399
1071.20555
1033.441818
980.4420573
914.4247772
837.4079179
751.2008473
657.4126127
557.4699942
452.6409684
344.0607689
232.7588642
119.6859516
5.74057652
-0.07008952656
-0.07224615738
-0.07440276875
-0.07655939335
-0.0787160127
-0.08087263022
-0.08302925281
-0.08518587017
-0.001472982651
-0.00438201063
-0.007262622386
-0.01014533258
-0.0128475176
-0.01557462248
-0.01804874976
-0.02016044136
-4.020596027
236.561244
465.6799117
673.4830479
852.7772279
999.336675
1111.62687
1190.217049
1237.118334
1255.191915
1247.688357
1217.924737
1169.079874
1104.079545
1025.544721
935.7809333
836.7926569
730.3116005
617.8317067
500.6464382
379.8858814
256.5524682
131.5549284
5.74057652
-0.07008952656
-0.07224615737
-0.07440276874
-0.07655939335
-0.07871601269
-0.08087263021
-0.0830292528
-0.08518587016
-0.001595136842
-0.004846896971
-0.008030568634
-0.01110119704
-0.01381718493
-0.01657778611
-0.01913145241
-0.02111083878
-4.02082695
288.6124918
565.1214508
812.1884842
1020.878853
1186.804817
1309.361367
1390.611642
1434.21626
1444.586924
1426.300284
1383.736437
1320.884817
1241.262895
1147.904721
1043.389026
929.8870929
809.2183098
682.9065159
552.2335855
418.2887732
282.013566
144.2424758
5.74057652
-0.07008952655
-0.07224615736
-0.07440276874
-0.07655939334
-0.07871601269
-0.08087263021
-0.08302925279
-0.08518587016
-0.001346195149
-0.003988887462
-0.006691436441
-0.009574195481
-0.01243495532
-0.01554442238
-0.01860755411
-0.02142316592
-4.019347059
356.7895531
694.0078005
989.2749717
1231.750667
1417.649469
1548.410413
1628.661273
1664.558461
1662.650379
1629.201193
1569.848083
1489.472397
1392.194758
1281.434193
1159.994749
1030.158961
893.777569
752.3507464
607.099464
459.0273331
308.9741482
157.6627049
5.74057652
-0.07008952655
-0.07224615736
-0.07440276873
-0.07655939333
-0.07871601268
-0.0808726302
-0.08302925279
-0.08518587015
-0.002211577659
-0.006712978509
-0.01106609627
-0.01530092203
-0.01885145059
-0.02199399926
-0.02624079651
-0.02618538019
-4.023414614
448.5582976
864.8482858
1219.157594
1499.205523
1703.639554
1837.978368
1911.07458
1932.716937
1912.26681
1858.018585
1776.995301
1674.975104
1556.622638
1425.65529
1285.008946
1136.987693
983.3923987
825.628237
664.7934625
501.7525412
337.1968048
171.6955947
5.74057652
-0.07008952654
-0.07224615735
-0.07440276873
-0.07655939333
-0.07871601268
-0.0808726302
-0.08302925278
-0.08518587014
-0.0008699859073
-0.002632043454
-0.004599598423
-0.006936219281
-0.009483108256
-0.01257770532
-0.01615291776
-0.02073478761
-4.007609766
576.6207105
1097.672687
1523.306497
1842.280709
2059.732847
2188.798234
2244.952285
2242.979512
2195.693878
2113.624299
2005.153168
1876.824015
1733.679247
1579.568854
1417.410862
1249.40234
1077.186783
901.9856087
724.7012612
545.9984496
366.3689444
186.1843607
5.74057652
-0.07008952654
-0.07224615734
-0.07440276872
-0.07655939332
-0.07871601268
-0.08087263019
-0.08302925278
-0.08518587014
-0.003047289417
-0.009110039699
-0.01495906119
-0.0213354806
-0.02689602891
-0.02911223534
-0.04021346336
-0.03580828928
-3.907072482
764.2602787
1425.918585
1934.120089
2286.884574
2504.221179
2612.539174
2636.967801
2598.567098
2513.91804
2395.645482
2253.183476
2093.50317
1921.716016
1741.544149
1555.676735
1366.036456
1173.977964
980.4358434
786.0355205
591.1771961
396.1003439
200.934476
5.74057652
-0.07008952654
-0.07224615733
-0.07440276872
-0.07655939331
-0.07871601268
-0.08087263019
-0.08302925278
-0.08518587013
-0.0001792250104
-0.0008854458637
-0.001928607139
-0.003658978248
-0.005717888936
-0.008082829754
-0.01322199588
-0.01850181132
-2.702102348
1058.410184
1907.624737
2500.375932
2866.923042
3057.736578
3120.17957
3091.82403
3000.415621
2865.779343
2701.870586
2518.447099
2322.304416
2118.152643
1909.229709
1697.729446
1485.10172
1272.264394
1059.754344
847.8360809
636.580843
425.9250904
215.7148417
5.74057652
-0.07008952653
-0.07224615733
-0.07440276871
-0.0765593933
-0.07871601267
-0.08087263018
-0.08302925278
-0.08518587013
-0.003937268938
-0.01185160204
-0.01935727783
-0.02657274096
-0.03805548522
-0.03339615708
-0.0565045389
-0.04317523526
8.367444318
1564.457682
2645.79764
3292.841175
3622.702035
3739.631135
3718.628818
3609.744836
3445.504962
3246.927172
3027.625346
2796.445438
2559.130522
2319.376104
2079.507827
1840.924075
1604.38995
1370.235555
1138.491446
908.9821792
681.3915741
455.3087922
230.2615009
5.74057652
-0.07008952653
-0.07224615732
-0.07440276871
-0.07655939329
-0.07871601267
-0.08087263017
-0.08302925277
-0.08518587012
0.000965687684
0.001360900605
0.001673278552
-0.0001317781301
-0.003640035656
-0.001520869057
-0.02445161007
-0.01844943348
171.3630719
2545.245442
3818.270596
4402.494327
4591.420033
4559.466052
4404.970316
4183.03353
3924.945481
3648.81343
3365.273501
3080.594724
2798.412349
2520.729545
2248.517087
1982.083937
1721.312191
1465.808761
1215.004372
968.2184013
724.7012161
483.6615694
244.2841181
5.740576521
-0.07008952652
-0.07224615732
-0.0744027687
-0.07655939328
-0.07871601267
-0.08087263016
-0.08302925277
-0.08518587011
-0.004213069585
-0.01500625208
-0.02328109952
-0.03453920505
-0.04278191262
-0.03303776314
-0.06803991937
0.04033660406
1639.057127
4626.888226
5679.548811
5907.450498
5781.024848
5501.851783
5158.76376
4792.485841
4422.443599
4058.122278
3704.076145
3362.263895
3033.211183
2716.629133
2411.763062
2117.597598
1832.980168
1556.695531
1287.509775
1024.194804
765.5401873
510.356802
257.4751874
5.740576521
-0.07008952651
-0.07224615733
-0.07440276869
-0.07655939327
-0.07871601267
-0.08087263015
-0.08302925276
-0.0851858701
0.002387643679
0.003808488641
0.008064881272
0.00654167729
-0.002710145567
0.01471754871
-0.05215602664
-0.01386890779
7660.998158
8643.531215
8365.590134
7766.738851
7123.38413
6508.161334
5935.758013
5405.715022
4914.234655
4457.17093
4030.660823
3631.190094
3255.556218
2900.829518
2564.324736
2243.578693
1936.329649
1640.496239
1354.155468
1075.51996
802.9148962
534.7549785
269.5216412
5.740576521
-0.0700895265
-0.07224615736
-0.07440276868
-0.07655939328
-0.07871601266
-0.08087263014
-0.08302925276
-0.08518587008
-0.001365856489
-0.01858534454
-0.01827820681
-0.05072529381
-0.03177624044
-0.08858817767
-0.05433545098
32.06967478
17774.96908
13920.65512
11372.54468
9670.53531
8437.618494
7471.660063
6670.402704
5980.394139
5371.623068
4825.681147
4330.222251
3876.296216
3457.011152
3066.824972
2701.144181
2356.078453
2028.277969
1714.817284
1413.107099
1120.823877
835.8514989
556.2313322
280.1182267
5.740576521
-0.07008952647
-0.0722461574
-0.07440276866
-0.07655939331
-0.07871601265
-0.08087263013
-0.08302925275
-0.08518587007
0.005279339329
0.005078847408
0.01494913503
0.01132879484
0.0006142398037
0.02419875896
-0.1928251064
31.52718741
17812.53118
17891.57923
13533.40114
11105.24404
9484.901505
8270.466572
7293.809415
6473.848371
5766.196434
5143.723664
4588.267101
4086.778293
3629.384418
3208.332161
2817.365207
2451.32876
2105.90108
1777.400899
1462.643045
1158.826213
863.4429693
574.2054044
288.9817671
5.740576521
-0.07008952639
-0.07224615744
-0.07440276863
-0.07655939335
-0.07871601262
-0.08087263012
-0.08302925274
-0.08518587006
0.004692252913
-0.01463497649
0.0002874283793
-0.04147377727
-0.001158555783
-0.1359756196
-0.08161519782
-0.7943247642
14782.6993
16262.92644
13764.24798
11732.14307
10126.28364
8831.504164
7760.530836
6855.006081
6075.604742
5394.765341
4792.360538
4253.182431
3765.433351
3319.771239
2908.67243
2525.986148
2166.611326
1826.255294
1501.249274
1188.404239
884.8958487
588.1703311
295.8652674
5.740576521
-0.07008952627
-0.07224615749
-0.07440276858
-0.0765593934
-0.07871601256
-0.08087263011
-0.08302925272
-0.08518587005
0.007834983036
0.00359203767
0.0238365612
0.01576251859
0.03832693566
-0.008301434081
0.0143691938
-0.1377491307
13902.91998
14906.35395
13528.49812
11932.80153
10456.59247
9168.744503
8061.8146
7110.053027
6286.465254
5567.387808
4933.243632
4368.174539
3859.412601
3396.664194
2971.583819
2577.347906
2208.317397
1859.772762
1527.705797
1208.654876
899.5729215
597.7195682
300.5707879
5.740576521
-0.07008952621
-0.07224615754
-0.07440276853
-0.07655939348
-0.07871601249
-0.08087263009
-0.0830292527
-0.08518587004
0.006313281244
0.009256782165
0.02308641852
0.05386688634
0.05655775643
0.215973201
-0.1907807591
4.728820046
16549.29385
14989.28331
13510.58667
12013.97728
10598.54698
9325.07563
8207.940882
7236.938777
6392.829544
5655.092353
5005.06795
4426.876435
3907.39553
3435.90622
3003.667355
2603.520007
2229.552126
1876.825564
1541.157482
1218.945738
907.0284087
602.5689604
302.9601086
5.740576521
-0.07008952619
-0.07224615764
-0.07440276849
-0.07655939357
-0.07871601242
-0.08087263008
-0.08302925269
-0.08518587002
)
;

boundaryField
{
    lowerWall
    {
        type            calculated;
        value           nonuniform List<scalar> 
80
(
-0.08626418054
-0.08626418059
-0.0862641806
-0.08626418061
-0.08626418061
-0.08626418061
-0.08626418062
-0.08626418062
-0.08626418062
-0.08626418061
-0.08626418061
-0.0862641806
-0.0862641806
-0.08626418059
-0.08626418058
-0.08626418057
-0.08626418056
-0.08626418055
-0.08626418054
-0.08626418053
-0.08626418052
-0.08626418051
-0.0862641805
-0.08626418048
-0.08626418047
-0.08626418046
-0.08626418044
-0.08626418043
-0.08626418041
-0.0862641804
-0.08626418039
-0.08626418037
-0.08626418036
-0.08626418034
-0.08626418033
-0.08626418032
-0.0862641803
-0.08626418029
-0.08626418027
-0.08626418026
-0.08626418024
-0.08626418023
-0.08626418022
-0.0862641802
-0.08626418019
-0.08626418018
-0.08626418017
-0.08626418015
-0.08626418014
-0.08626418013
-0.08626418012
-0.08626418011
-0.0862641801
-0.08626418008
-0.08626418007
-0.08626418006
-0.08626418005
-0.08626418005
-0.08626418004
-0.08626418003
-0.08626418002
-0.08626418001
-0.08626418
-0.08626418
-0.08626417999
-0.08626417998
-0.08626417998
-0.08626417997
-0.08626417997
-0.08626417996
-0.08626417996
-0.08626417995
-0.08626417994
-0.08626417993
-0.08626417991
-0.0862641799
-0.08626417989
-0.08626417988
-0.08626417987
-0.08626417985
)
;
    }
    atmosphere
    {
        type            calculated;
        value           nonuniform List<scalar> 
80
(
-0.04603569399
-0.04912874679
-0.05245617157
-0.06033811861
-0.05888782374
-0.06159487485
-0.03461169358
-0.008314326709
0
0
0
0
-0.03474030364
-0.180935996
-0.07320897312
-0.02214233556
-0.0113677353
-0.0007903510722
-0.0002286091672
0
0
0
0
0
0
0
0
0
0
0
0
0
0
0
0
0
0
0
0
0
0
0
0
0
0
0
0
0
0
0
0
0
0
0
0
0
0
0
0
0
0
0
0
0
0
0
0
0
0
-7.548878008e-08
0
-9.792089369e-07
0
-5.885851206e-06
0
-2.193153738e-05
0
-2.1868893e-05
0
0
)
;
    }
    rightWall
    {
        type            empty;
    }
    leftWall
    {
        type            empty;
    }
    frontAndBack
    {
        type            calculated;
        value           nonuniform List<scalar> 
80
(
0.1689463088
0.583642687
0.9731551914
1.330796641
1.586736824
1.908197965
1.898608688
2.096248275
-2.053469986
1667.249859
3226.451835
4588.891734
5702.624195
6549.177931
7135.405815
7483.897028
7624.913322
7590.738028
7412.242199
7117.10507
6729.122629
6268.163462
5750.468377
5189.103144
4594.452322
3974.69401
3336.228382
2684.051744
2022.077456
1353.409623
680.5777102
5.74057652
-0.07008952688
-0.07224615833
-0.07440276921
-0.07655939425
-0.07871601313
-0.08087263077
-0.08302925338
-0.08518587071
0.006313281244
0.009256782165
0.02308641852
0.05386688634
0.05655775643
0.215973201
-0.1907807591
4.728820046
16549.29385
14989.28331
13510.58667
12013.97728
10598.54698
9325.07563
8207.940882
7236.938777
6392.829544
5655.092353
5005.06795
4426.876435
3907.39553
3435.90622
3003.667355
2603.520007
2229.552126
1876.825564
1541.157482
1218.945738
907.0284087
602.5689604
302.9601086
5.740576521
-0.07008952619
-0.07224615764
-0.07440276849
-0.07655939357
-0.07871601242
-0.08087263008
-0.08302925269
-0.08518587002
)
;
    }
}


// ************************************************************************* //
