/*--------------------------------*- C++ -*----------------------------------*\
| =========                 |                                                 |
| \\      /  F ield         | OpenFOAM: The Open Source CFD Toolbox           |
|  \\    /   O peration     | Version:  2506                                  |
|   \\  /    A nd           | Website:  www.openfoam.com                      |
|    \\/     M anipulation  |                                                 |
\*---------------------------------------------------------------------------*/
FoamFile
{
    version     2.0;
    format      ascii;
    arch        "LSB;label=32;scalar=64";
    class       volScalarField;
    location    "0.001";
    object      p_rgh;
}
// * * * * * * * * * * * * * * * * * * * * * * * * * * * * * * * * * * * * * //

dimensions      [1 -1 -2 0 0 0 0];

internalField   nonuniform List<scalar> 
3200
(
0.1700225605
0.5868715782
0.9785371967
1.338332729
1.596428617
1.920047784
1.912619358
2.112423086
81.33152832
1760.444859
3329.456835
4701.706734
5825.249195
6681.612931
7277.650815
7635.952028
7786.778322
7762.413028
7593.727199
7308.40007
6930.227629
6479.078462
5971.193377
5419.638144
4834.797322
4224.84901
3596.193382
2953.826744
2301.662456
1642.804623
979.7827102
314.7555765
6.573203606e-07
6.029688499e-07
6.110037009e-07
6.049866666e-07
6.052452078e-07
6.068689324e-07
6.036414926e-07
6.058363492e-07
0.1755697638
0.6084413839
1.014884206
1.391243099
1.654758467
1.998853991
1.977809203
2.208206009
81.40178607
1870.542697
3526.192899
4950.352397
6092.334439
6941.815487
7515.235928
7843.249425
7961.76901
7906.512493
7710.130942
7400.995031
7002.945224
6535.550959
6014.60129
5452.668889
4859.663172
4243.332711
3609.702975
2963.449265
2308.211151
1646.85753
981.712756
314.7555765
6.575174699e-07
6.030683724e-07
6.109530599e-07
6.0506549e-07
6.05166333e-07
6.068325542e-07
6.036116272e-07
6.057897505e-07
0.1897554556
0.6560409044
1.093370304
1.506726153
1.778752142
2.171827075
2.111470047
2.417120809
81.55327111
2114.063926
3954.30734
5481.004073
6651.696316
7477.805217
7997.909155
8259.681296
8310.141037
8191.313388
7938.844082
7582.045171
7144.543255
6645.118808
6098.545518
5516.349616
4907.462343
4278.76436
3635.532929
2981.807096
2320.686276
1654.576349
985.3960865
314.7555765
6.575298745e-07
6.031309082e-07
6.109144888e-07
6.051410828e-07
6.050914081e-07
6.068134896e-07
6.035880655e-07
6.057728538e-07
0.2076697678
0.7212149141
1.2017876
1.663360207
1.953719302
2.401892301
2.286164011
2.732313561
81.76159453
2549.787895
4695.875889
6367.516186
7555.451535
8319.566947
8738.64117
8887.116912
8827.460312
8609.389723
8271.501681
7843.401434
7347.661912
6801.435321
6217.721694
5606.349383
4974.727089
4328.41945
3671.589087
3007.339011
2337.981217
1665.25102
990.4822666
314.7555765
6.57529077e-07
6.031729096e-07
6.108733675e-07
6.051986663e-07
6.050414307e-07
6.068059052e-07
6.035769244e-07
6.05770227e-07
0.2412461572
0.8228282036
1.370230233
1.922549835
2.212346506
2.789853985
2.493076345
3.252595257
82.03783223
3307.382501
5911.803327
7737.593439
8882.842095
9506.143206
9749.705481
9722.383277
9502.860509
9146.92427
8693.993357
8172.007404
7600.873134
6994.845894
6364.172835
5716.233593
5056.338637
4388.293384
3714.802029
3037.761798
2358.481998
1677.851267
996.4693917
314.7555765
6.574816449e-07
6.032086001e-07
6.108405961e-07
6.052335734e-07
6.050148012e-07
6.068016647e-07
6.03572676e-07
6.057665645e-07
0.2815049526
0.9334744055
1.531669345
2.11729732
2.440952739
3.063525649
2.587751809
3.916719275
50.80034196
4685.81447
7906.276884
9788.075011
10731.99874
11072.23436
11031.39125
10749.5526
10314.34465
9781.096514
9185.163312
8549.373874
7888.585554
7212.512803
6527.510265
5837.711774
5145.765454
4453.312571
3761.303344
3070.209108
2380.16838
1691.090482
1002.731917
314.7555765
6.57451296e-07
6.032394837e-07
6.108203248e-07
6.052521691e-07
6.050066856e-07
6.06797066e-07
6.035721908e-07
6.057616719e-07
0.3414968487
1.087940565
1.814541551
2.697035639
2.977649279
3.975991668
2.412269026
4.968066831
-95.83486157
7478.434122
11239.33681
12776.29692
13184.66691
13019.18456
12553.81266
11929.79805
11223.54428
10477.6006
9715.81525
8951.353783
8191.193742
7438.723906
6695.268013
5960.980195
5235.367521
4517.590377
3806.631669
3101.38981
2400.728086
1703.499272
1008.556348
314.7555765
6.574407794e-07
6.032624699e-07
6.108121203e-07
6.052605366e-07
6.050099335e-07
6.067939972e-07
6.035750331e-07
6.057582812e-07
0.3995291633
1.177937547
1.849466352
2.562738264
2.239521327
2.62613388
1.266435008
9.603370873
1431.773277
14084.47569
16796.27654
16892.9794
16211.01795
15265.81342
14234.62366
13191.9979
12172.11793
11189.60058
10248.77479
9348.651402
8485.727222
7655.539734
6853.486509
6075.220319
5316.806865
4574.755646
3845.98822
3127.779817
2417.693067
1713.512584
1013.183664
314.7555765
6.574337246e-07
6.03277442e-07
6.108125207e-07
6.052635022e-07
6.050188868e-07
6.067933862e-07
6.035804571e-07
6.057571791e-07
0.3856533466
1.189013329
2.044019751
3.830388995
3.48801946
5.531610567
-6.458075427
63.4556092
43047.30979
30631.83767
24968.24152
21788.20615
19500.44859
17598.22389
15926.62218
14431.17525
13083.02321
11859.57232
10740.67117
9708.37556
8747.145185
7843.845137
6987.551817
6169.2595
5381.561496
4618.347325
3874.534615
3145.840839
2428.592587
1719.56667
1015.856295
314.7555765
6.574164747e-07
6.032870528e-07
6.108176754e-07
6.052645425e-07
6.050297931e-07
6.067950001e-07
6.035873466e-07
6.057583051e-07
2.917360347e-05
0.5434006068
0.9075486128
1.317078044
-3.294615479
-9.569136758
-22.71127098
-47.34761169
13965.98229
40424.05577
30656.58042
25791.0437
22404.19116
19699.81575
17442.21873
15522.7835
13868.92801
12424.66573
11145.60945
9996.667744
8950.260644
7984.773712
7083.255794
6232.361861
5421.515278
4642.252793
3887.715447
3152.252878
2431.113709
1720.199814
1015.86668
314.7555765
6.573807178e-07
6.03293445e-07
6.10825021e-07
6.052656883e-07
6.050406875e-07
6.067983766e-07
6.035949106e-07
6.057613689e-07
-0.9998446581
-2.346690104
-3.806619739
-4.160569422
-19.75268562
-32.47995351
-34.39784942
-37.43922142
4046.442161
29271.33512
31443.64548
28315.09517
24625.30769
21354.43893
18619.41071
16348.53888
14444.94106
12824.22806
11420.08654
10182.06538
9072.090485
8061.369712
7127.981958
6255.08079
5429.57411
4641.154074
3881.579961
3144.142413
2423.256995
1714.149294
1012.603783
314.7555765
6.573207903e-07
6.032983e-07
6.108332165e-07
6.052678584e-07
6.050508997e-07
6.068031477e-07
6.036027401e-07
6.057660041e-07
-1.77609211
-5.616945082
-8.167191414
-10.51434555
-26.92696962
-54.96872156
-46.8667302
-22.6219546
8619.701672
45173.70854
37533.42864
31400.28123
26427.36891
22473.03373
19332.2181
16806.76149
14737.7799
13006.90099
11528.10395
10239.06416
9094.307893
8060.276187
7111.874784
6230.076148
5400.242128
4610.936527
3853.071832
3119.285371
2403.473713
1700.436291
1005.593702
314.7555765
6.57232867e-07
6.033028655e-07
6.108416834e-07
6.052713314e-07
6.050604524e-07
6.068090187e-07
6.036107297e-07
6.057718621e-07
-1.397490251
-5.543245344
-6.871977753
-10.50327075
-21.29179162
-46.40709474
-51.99777074
36.21513167
50304.58385
54903.05107
42117.48188
33325.12644
27210.74508
22777.92509
19429.44224
16808.25597
14692.23254
12937.18092
11446.03233
10151.43449
9005.449938
7973.203345
7028.825618
6152.785183
5330.084525
4549.011527
3800.255008
3076.263845
2370.771124
1678.430793
994.5306272
314.7555765
6.571175845e-07
6.033079257e-07
6.108502519e-07
6.0527612e-07
6.050696028e-07
6.068157833e-07
6.036189061e-07
6.057786819e-07
-0.8282198941
-2.594067781
-2.974846689
-0.9428429075
-0.327895816
0.8551649426
3793.703168
48270.86978
68328.12747
61977.646
42709.00059
32571.9015
26312.43148
21998.29755
18799.15277
16304.33979
14285.435
12603.25315
11167.08555
9914.854229
8802.510877
7797.920377
6877.107697
6021.840256
5218.009084
4454.509863
3722.447965
3014.558932
2324.774807
1647.890046
979.2952112
314.7555765
6.569745215e-07
6.033139056e-07
6.108589411e-07
6.052821613e-07
6.050786149e-07
6.068233101e-07
6.036273435e-07
6.057862891e-07
-0.3008243439
-1.173874406
-1.064325259
-0.3408468777
-4.997931998
7.096739009
33.12332924
20379.06064
54494.58904
43119.53615
34168.80114
27940.99358
23468.65002
20103.50459
17464.32134
15324.27266
13541.6415
12023.013
10703.8853
9538.056124
8491.48347
7538.526158
6659.520873
5839.152347
5065.318413
4328.31691
3620.248653
2934.568774
2265.74141
1608.966776
959.9586091
314.7555765
6.568056822e-07
6.033209957e-07
6.108678447e-07
6.052893737e-07
6.050876966e-07
6.068315206e-07
6.036361184e-07
6.057945758e-07
-0.1844487527
-0.7277294207
-0.8016254429
-0.9320573293
-2.555357206
-4.68332995
-13.21225626
170.0946323
8647.641598
21218.43794
22905.61517
21554.53252
19517.53359
17482.57695
15630.14931
13986.54934
12533.57762
11242.98029
10087.07623
9041.678866
8086.512804
7204.854265
6382.981311
5609.630402
4875.518714
4172.942748
3495.446831
2837.550208
2194.521044
1562.186817
936.772059
314.7555765
6.56614707e-07
6.033292172e-07
6.108770789e-07
6.052976516e-07
6.050970095e-07
6.068403671e-07
6.036452933e-07
6.058034774e-07
-0.02785503841
-0.1879492569
-0.005308428978
0.17505278
0.8278479299
3.630164158
6.933684854
18.60069188
-1044.326824
10199.9145
14680.74394
15853.89015
15564.23926
14678.95069
13586.9463
12457.96289
11362.87677
10327.96857
9359.456744
8454.754714
7607.714186
6811.078805
6057.611206
5340.576819
4653.913129
3992.246363
3350.836673
2725.492574
2112.474834
1508.399425
910.1435274
314.7555765
6.564057493e-07
6.033385006e-07
6.108867507e-07
6.053068631e-07
6.051066807e-07
6.068498162e-07
6.036549138e-07
6.058129532e-07
0.05790459685
0.1220389264
0.3924606832
0.7483537455
1.4017498
2.514140927
4.045780669
8.652846968
-104.717379
5939.663815
9763.544008
11615.94555
12206.44873
12081.8723
11580.52137
10895.24807
10131.74035
9346.280394
8567.730018
7809.86042
7078.19741
6373.825109
5695.506668
5040.866924
4407.046699
3791.056364
3189.956837
2600.941119
2021.358599
1448.706716
880.6043931
314.7555765
6.561836124e-07
6.033487342e-07
6.108969337e-07
6.05316874e-07
6.051168002e-07
6.068598399e-07
6.036650076e-07
6.058229738e-07
0.0872755338
0.2631651912
0.5426140984
0.9278760036
1.565972172
2.541199508
3.691424744
4.936416711
84.15109807
3897.407038
6817.778886
8639.800313
9563.604585
9861.401651
9757.820468
9410.54046
8922.303215
8357.408
7755.031322
7138.457881
6521.084319
5910.214522
5309.429337
4720.058569
4142.092611
3574.744596
3016.793996
2466.793075
1923.18714
1384.380714
848.7701012
314.7555765
6.559521706e-07
6.033597822e-07
6.109076598e-07
6.053275661e-07
6.051274173e-07
6.068704097e-07
6.036755854e-07
6.058335134e-07
0.1146497645
0.369055809
0.6918724139
1.101095015
1.610742824
2.258407651
2.955153367
3.359580778
82.68350731
2747.294532
4970.304546
6561.773272
7546.634893
8042.144146
8178.62294
8066.566656
7789.275705
7405.747923
6956.244625
6467.560947
5957.169316
5436.223684
4911.65059
4387.573145
3866.269013
3348.810077
2835.487185
2326.090683
1820.094635
1316.777174
815.2990421
314.7555765
6.557168018e-07
6.033715261e-07
6.109189292e-07
6.053388467e-07
6.051385452e-07
6.068814951e-07
6.036866428e-07
6.058445457e-07
0.1156214901
0.3620363445
0.6394821705
0.9734560907
1.37809714
1.812978171
2.236738026
2.452539541
81.78173909
2038.592499
3754.308129
5090.254483
6018.885888
6581.754192
6847.768119
6887.607959
6762.24147
6519.800052
6196.360321
5818.084831
5403.517751
4965.572161
4513.096413
4052.049005
3586.35504
3118.519944
2650.064674
2181.83252
1714.205025
1247.254555
780.8535936
314.7555765
6.554818011e-07
6.033838712e-07
6.10930721e-07
6.053506436e-07
6.051501691e-07
6.068930624e-07
6.036981624e-07
6.058560421e-07
0.1176350898
0.3653761394
0.6273341476
0.9089906338
1.217309507
1.521109864
1.807436899
1.907475152
81.26511593
1570.922162
2918.017464
4025.952586
4856.770052
5418.058265
5742.898312
5873.640227
5852.043897
5714.593569
5491.041012
5204.620859
4872.961954
4509.17038
4122.841633
3720.913198
3308.343701
2888.636414
2464.234855
2036.818482
1607.522901
1177.104646
746.0664359
314.7555765
6.552500541e-07
6.033967348e-07
6.109429986e-07
6.053629016e-07
6.051622567e-07
6.069050753e-07
6.037101173e-07
6.058679711e-07
0.1052584461
0.3211556849
0.5490031135
0.7821176069
1.017815038
1.231543589
1.420607703
1.495900542
80.85368965
1245.772814
2320.823721
3238.671737
3964.055711
4490.653023
4831.941301
5011.800204
5057.46805
4995.239389
4848.326229
4636.124253
4374.264268
4075.033504
3747.92225
3400.167855
3037.238726
2663.239858
2281.240949
1893.536631
1501.85104
1107.498904
711.5141469
314.7555765
6.550257014e-07
6.034100394e-07
6.109557148e-07
6.053755743e-07
6.051747664e-07
6.069174956e-07
6.037224745e-07
6.058802987e-07
0.09420207044
0.2845178598
0.4767385426
0.6673514427
0.84918522
1.005729301
1.13480667
1.187435204
80.53874207
1010.464291
1880.770693
2643.76014
3270.002783
3748.402698
4082.232762
4283.946332
4370.563176
4360.327389
4270.645374
4117.022791
3912.67149
3668.513554
3393.390259
3094.3548
2776.979554
2445.642632
2103.779054
1754.093369
1398.73648
1039.452067
677.6989234
314.7555765
6.548104721e-07
6.034237308e-07
6.109688205e-07
6.053886201e-07
6.051876529e-07
6.069302844e-07
6.037351972e-07
6.05892989e-07
0.08149051434
0.2439045354
0.4041052813
0.5586003098
0.700302951
0.8175551383
0.908562859
0.9454081379
80.2948723
834.7406706
1547.973808
2185.502667
2723.670323
3150.572167
3464.465077
3670.990704
3780.292816
3804.627469
3756.658917
3648.396272
3490.628791
3292.70476
3062.523854
2806.647778
2530.466042
2238.378259
1933.971605
1620.183142
1299.443518
973.8024231
645.0382661
314.7555765
6.546072762e-07
6.03437753e-07
6.10982265e-07
6.054019984e-07
6.052008703e-07
6.069434019e-07
6.037482468e-07
6.059060049e-07
0.0692868723
0.205885405
0.3384578026
0.4634642176
0.5747753915
0.6640799902
0.7297625865
0.755790391
80.10942335
700.1968096
1290.821924
1826.516234
2288.485035
2665.605339
2953.895061
3155.067215
3274.779806
3321.005341
3302.729694
3229.030566
3108.496101
2948.908691
2757.115829
2539.021875
2299.650902
2043.246196
1773.384319
1493.090659
1204.949624
911.2066497
613.8617171
314.7555765
6.544171149e-07
6.034520512e-07
6.109959985e-07
6.054156678e-07
6.052143741e-07
6.069568086e-07
6.037615845e-07
6.059193092e-07
0.05806743746
0.171649223
0.2806394349
0.3816985019
0.4696556681
0.5386789868
0.5873857319
0.6060502372
79.96091437
595.0822641
1088.543359
1541.168159
1938.033864
2269.329355
2530.279646
2720.419584
2842.552297
2901.668304
2903.997059
2856.266623
2765.180539
2637.084621
2477.782466
2292.458131
2085.670545
1861.392322
1623.0735
1373.717184
1115.95905
852.146195
584.4132892
314.7555765
6.542410319e-07
6.034665807e-07
6.110099759e-07
6.054295871e-07
6.052281224e-07
6.069704655e-07
6.037751723e-07
6.059328647e-07
0.04818886597
0.1419344273
0.2311580121
0.3128350555
0.3827778829
0.436736763
0.4735636735
0.4871561062
79.84471814
511.5961864
927.0457219
1311.495518
1653.043303
1943.264837
2177.318745
2353.603633
2473.149039
2538.912363
2555.107352
2526.63588
2458.650344
2356.244598
2224.255676
2067.152863
1888.990977
1693.40801
1483.651549
1262.62256
1032.928678
796.9419482
556.8580605
314.7555765
6.540794926e-07
6.034812854e-07
6.110241517e-07
6.054437138e-07
6.052420759e-07
6.069843344e-07
6.03788973e-07
6.059466349e-07
0.03971631745
0.1166644694
0.1894683654
0.2554972733
0.3113677913
0.3539272065
0.3822245078
0.3923214109
79.75206494
444.3817596
796.4948669
1124.645065
1419.274539
1673.24059
1881.978574
2043.360257
2157.345055
2225.529129
2250.679076
2236.308449
2186.32775
2104.77725
1995.63838
1862.712339
1709.552107
1539.434486
1355.360601
1160.075665
956.1010896
745.7740821
531.2914487
314.7555765
6.53932336e-07
6.034961222e-07
6.110384873e-07
6.054580077e-07
6.052561985e-07
6.069983789e-07
6.03802951e-07
6.059605844e-07
0.03256887885
0.09548841391
0.1547582541
0.20815471
0.2529317729
0.2867271369
0.3087487496
0.3163983259
79.67780477
389.6554034
689.856576
971.2395879
1226.070159
1448.323761
1633.854343
1780.355949
1887.169125
1954.995429
1985.578049
1981.392446
1945.374555
1880.699767
1790.615362
1678.322443
1546.900077
1399.263264
1238.146718
1066.107474
885.5407
698.7044059
507.7498693
314.7555765
6.538000142e-07
6.035110505e-07
6.110529466e-07
6.054724297e-07
6.052704562e-07
6.070125639e-07
6.038170724e-07
6.059746788e-07
0.02661272847
0.07791627191
0.1260891768
0.1692769395
0.2052561474
0.2322351341
0.2495436668
0.2554310825
79.61816572
344.6787803
601.9888422
844.315048
1065.349359
1260.016298
1424.627014
1556.89173
1655.817927
1721.532203
1755.063929
1758.122445
1732.890274
1681.845607
1607.619714
1512.889504
1400.302148
1272.426989
1131.729536
980.5625357
821.169792
655.6991383
486.2217435
314.7555765
6.536818166e-07
6.035260333e-07
6.110674971e-07
6.054869439e-07
6.052848171e-07
6.07026856e-07
6.038313045e-07
6.059888854e-07
0.02168996049
0.06343177643
0.1025386166
0.1374805382
0.1664484274
0.1880668421
0.2017774943
0.2063629531
79.57175867
307.427856
529.0602017
738.6152941
930.9083911
1101.65865
1247.622164
1366.627426
1457.527265
1520.089885
1554.853838
1562.969298
1546.043029
1505.998732
1444.959197
1365.152583
1268.842245
1158.277807
1035.664317
903.1461236
762.8022767
616.6506059
466.6580963
314.7555765
6.535770609e-07
6.035410412e-07
6.110821089e-07
6.055015163e-07
6.0529925e-07
6.070412231e-07
6.038456158e-07
6.060031722e-07
0.01764211545
0.05155369938
0.08327496258
0.1115457929
0.1349034136
0.1522717287
0.1631896996
0.1667918245
79.53128022
276.3776924
468.1669805
650.114948
817.9287278
967.9887423
1097.460738
1204.339788
1287.433249
1346.296169
1381.135185
1392.696496
1382.150911
1350.985607
1300.908717
1233.769879
1151.497564
1056.052427
949.3949954
833.465532
710.1738494
581.3969051
448.9822444
314.7555765
6.534844335e-07
6.035560436e-07
6.11096752e-07
6.055161156e-07
6.053137256e-07
6.07055635e-07
6.038599762e-07
6.060175092e-07
0.01432841152
0.04184726851
0.06755986286
0.09042982508
0.1092802523
0.1232580792
0.1319856048
0.1348332342
79.49986213
250.3634852
417.0762465
575.6908021
722.6273702
854.8152983
969.7861309
1065.718774
1141.439927
1196.387759
1230.549205
1244.38159
1238.728159
1214.735099
1173.77543
1117.382986
1047.197979
964.9243181
872.2979431
771.0649369
662.9678985
549.7390129
433.0982943
314.7555765
6.5340348e-07
6.03571003e-07
6.111113953e-07
6.055307115e-07
6.053282149e-07
6.070700625e-07
6.03874357e-07
6.060318673e-07
0.01162346714
0.03393337063
0.05476192964
0.07326025257
0.08847921032
0.09973819432
0.1067313937
0.1089870648
79.47447523
228.4807396
374.0479182
512.8912628
642.005237
758.7747646
861.052157
947.199923
1016.100621
1067.13843
1100.159123
1115.415781
1113.50719
1095.314777
1061.942536
1014.662953
954.8706292
884.0442716
803.7169325
715.4538609
620.8370204
521.4551671
418.8983346
314.7555765
6.533331348e-07
6.035859016e-07
6.111260124e-07
6.055452768e-07
6.053426899e-07
6.07084478e-07
6.038887305e-07
6.060462191e-07
0.009419872954
0.02749162937
0.04435198821
0.05930783958
0.07159530178
0.08066750017
0.08627790503
0.08806742458
79.45391527
210.0193964
337.7106366
459.7722499
573.6640571
677.1493819
768.3586187
845.8282163
908.5152082
955.7899849
987.4116028
1003.490644
1004.44462
990.9503577
963.8969548
924.3419216
873.4721969
812.5709217
742.990213
666.1297084
583.4203375
496.312576
406.2683331
314.7555765
6.532727138e-07
6.03600707e-07
6.111405752e-07
6.055597859e-07
6.053571242e-07
6.070988555e-07
6.039030703e-07
6.060605384e-07
0.007626864444
0.0222522639
0.03588960252
0.04797438011
0.05789203052
0.06520228243
0.06970695921
0.07112739523
79.43725814
194.4162603
306.9731359
414.7786057
515.6716072
607.7300818
689.3236458
759.1483376
816.2430723
859.9893059
890.0966645
906.5779536
909.717121
900.0335028
878.2451809
845.2336498
802.011335
749.6929051
689.470808
622.5950592
550.3570161
474.0766665
395.092828
314.7555765
6.532215161e-07
6.036153953e-07
6.11155058e-07
6.055742152e-07
6.053714925e-07
6.071131706e-07
6.039173518e-07
6.060748005e-07
0.006169102802
0.01799376275
0.02901469484
0.03877336226
0.04677429035
0.05266383507
0.05628156283
0.0574087499
79.42376499
181.2207924
280.96003
376.6572339
466.4614633
548.7124241
621.9843265
685.1165155
737.230287
777.7326833
806.3090186
822.9064623
827.7112258
821.1218355
803.7206906
776.2457071
739.5633967
694.6442858
642.5411877
584.370506
521.2964896
454.5181666
385.2585446
314.7555765
6.531791494e-07
6.036299547e-07
6.111694404e-07
6.055885444e-07
6.053857719e-07
6.071274005e-07
6.039315516e-07
6.060889823e-07
0.004984861529
0.01453551677
0.02343419664
0.03130915206
0.03776005926
0.04250309833
0.04540805881
0.04630459597
79.41283851
170.0701465
258.9646579
344.3927059
424.7576823
498.6170476
564.7190899
622.0298013
669.749213
707.3175577
734.4123626
750.9380533
757.0098828
752.9340253
739.1855335
716.3856098
685.279338
646.7147014
601.6234137
551.0038215
495.9059201
437.4183475
376.6570954
314.7555765
6.531442869e-07
6.036443609e-07
6.111837014e-07
6.056027536e-07
6.053999411e-07
6.071415241e-07
6.039456481e-07
6.061030624e-07
0.004023757395
0.01173033026
0.01890901698
0.02525937518
0.03045752088
0.0342756398
0.03660765075
0.03731940642
79.40400368
160.6706516
240.414034
317.159007
389.5177045
456.2284547
516.1868539
568.4693475
612.3486703
647.3012626
673.0073467
689.3447341
696.3776546
694.3419713
683.6280853
664.7626894
638.3903276
605.255489
566.1857407
522.0761935
473.8754153
422.5727541
369.1869196
314.7555765
6.531170019e-07
6.036586124e-07
6.111978258e-07
6.056168251e-07
6.054139803e-07
6.071555218e-07
6.03959621e-07
6.061170204e-07
0.003244581863
0.009457595377
0.01524383771
0.02036092859
0.02454722973
0.02761968197
0.02949140327
0.03005665077
79.3968658
152.7841212
224.8425627
294.28305
359.8887353
420.5476351
475.2791673
523.2549154
563.8130124
596.4661203
620.9034159
636.9873065
644.7457973
644.3615206
636.1584305
620.5870846
598.2093036
569.6828409
535.7465253
497.2061801
454.9214731
409.7937259
362.7546107
314.7555765
6.530964941e-07
6.036726873e-07
6.112117951e-07
6.056307417e-07
6.05427871e-07
6.071693746e-07
6.039734514e-07
6.061308373e-07
0.00261372937
0.007618324978
0.01227856418
0.01639887235
0.01976851794
0.02223973403
0.02374192091
0.02419272654
79.3911019
146.2174207
211.8721196
275.2168793
335.1742307
390.7552514
441.0825004
485.4084219
523.1286601
553.7901852
577.0944622
592.8961521
601.198007
602.1427113
596.0024459
583.166909
564.1304471
539.4788386
509.8761479
476.0519449
438.7890645
398.9119791
357.275765
314.7555765
6.53081396e-07
6.03686564e-07
6.112255905e-07
6.056444859e-07
6.054415956e-07
6.071830647e-07
6.039871214e-07
6.06144495e-07
0.002103611855
0.006131356786
0.009881747021
0.01319695791
0.0159077841
0.01789434834
0.01909963503
0.01945991325
79.38645176
140.8144988
201.1968837
259.5164071
314.8080662
366.1829878
412.8485416
454.1248052
489.4568856
518.4229483
540.7380809
556.2543182
564.9573108
566.9602056
562.4953451
551.9043777
535.6273199
514.1910382
488.1975228
458.312234
425.2527018
389.7774789
352.6754669
314.7555765
6.530712853e-07
6.037002352e-07
6.112391975e-07
6.056580433e-07
6.054551381e-07
6.071965755e-07
6.040006142e-07
6.061579764e-07
0.001691456705
0.004929984441
0.007945523564
0.01061082713
0.01278986102
0.01438556267
0.01535230936
0.01564111924
79.38269972
136.4504793
192.5718201
246.8251563
298.334652
346.291306
389.9708926
428.7488775
462.1118613
489.6653865
511.1381632
526.3829393
535.3743727
538.2043469
535.0752156
526.2914617
512.250228
493.4311247
470.3856474
443.726467
414.1167747
382.2597936
348.8885041
314.7555765
6.5306584e-07
6.037136902e-07
6.112526017e-07
6.056714001e-07
6.054684838e-07
6.072098918e-07
6.04013914e-07
6.061712657e-07
0.001358490064
0.003959454166
0.006381337308
0.008521547558
0.01027106403
0.0115513434
0.01232602474
0.01255762516
79.37967059
133.0270972
185.8039481
236.8619059
285.3937367
330.652316
371.9669574
408.7571323
440.5431776
466.9538215
487.7305451
502.7289406
511.9173453
515.3731107
513.2769063
505.9054732
493.6232209
476.8730268
456.1665398
432.0742323
405.2153789
376.2480799
345.8593911
314.7555765
6.530651923e-07
6.037269231e-07
6.112657905e-07
6.05684543e-07
6.054816184e-07
6.072229988e-07
6.040270061e-07
6.061843478e-07
0.001089247266
0.003174625679
0.005116335813
0.00683168473
0.008233988971
0.009259315832
0.0098786808
0.01006394139
79.37722052
130.4693742
180.7458531
229.4114628
275.7089936
318.9368234
358.4641268
393.7437242
424.3222022
449.8471413
470.0714487
484.8549273
494.1633148
498.0651042
496.7264971
490.4048571
479.4410181
464.2507729
445.3158212
423.1744057
398.4118073
371.6508178
343.5422595
314.7555765
6.530681945e-07
6.037399178e-07
6.112787491e-07
6.056974587e-07
6.054945276e-07
6.072358827e-07
6.040398764e-07
6.061972086e-07
0.0008710982876
0.002538646518
0.004091192145
0.005462052687
0.006582685742
0.007401125238
0.007894420747
0.008041730619
79.37523291
128.7231982
177.2910218
224.3180112
269.0797518
310.9048769
349.1896076
383.4100344
413.1317987
438.017022
457.8284797
472.4311459
481.7913288
485.9736912
485.1364882
479.525366
469.4660589
455.3562878
437.6571266
416.8840499
393.5978282
368.395381
341.9006582
314.7555765
6.530743514e-07
6.037526611e-07
6.112914634e-07
6.057101354e-07
6.055071974e-07
6.072485299e-07
6.040525111e-07
6.062098345e-07
0.0006937648684
0.002021508502
0.003257452035
0.004347841163
0.005239032728
0.005888918324
0.006279509673
0.006395423488
79.37361326
127.7537366
175.3707458
221.4806715
265.3754335
306.3993499
343.9634354
377.5574027
406.7590463
431.2408717
450.7739874
465.2294027
474.576968
478.8822639
478.3017787
473.0767199
463.525794
450.0372526
433.0604619
413.0971997
390.6928361
366.4275002
340.9072944
314.7555765
6.530837653e-07
6.037651447e-07
6.113039205e-07
6.057225626e-07
6.055196147e-07
6.07260928e-07
6.040648976e-07
6.062222129e-07
0.0005488537065
0.001598777307
0.00257579037
0.003436873109
0.004140236732
0.004651776801
0.004958080924
0.0050476566
79.37228611
127.5445577
174.9524259
220.8510455
264.5324319
305.3422666
342.6943794
376.0827497
405.0907175
429.397295
448.7806341
463.1188385
472.3884057
476.6606458
476.0964516
470.9397922
461.5102765
448.1950923
431.440573
411.7435913
389.6429203
365.7106544
340.5437331
314.7555765
6.53096195e-07
6.037773582e-07
6.113161085e-07
6.057347297e-07
6.055317669e-07
6.072730649e-07
6.040770234e-07
6.062343313e-07
0.0004296431986
0.001250912051
0.002014648771
0.002686855959
0.00323559674
0.003632824986
0.003869254483
0.003936659564
79.37119045
128.0974773
176.039219
222.4326512
266.553309
307.7337355
345.3785944
378.9769435
408.1113751
432.4639524
451.8190649
466.0634698
475.1838886
479.2625812
478.4713388
473.064312
463.3700549
449.7831032
432.7553422
412.787354
390.4198704
366.2254009
340.8000602
314.7555765
6.531118557e-07
6.037893011e-07
6.113280193e-07
6.057466278e-07
6.055436431e-07
6.072849293e-07
6.040888772e-07
6.062461781e-07
0.0003307589229
0.000962208626
0.001548901694
0.002064172502
0.002484483129
0.002786410068
0.002964506476
0.003012950789
79.37027935
129.4330782
178.6710371
226.2822724
271.5083341
313.6535025
352.1010163
386.3258909
415.9040485
440.5177582
459.9576113
474.1214233
483.0105613
486.7242367
485.4522995
479.4670256
469.1143207
454.8046831
437.0041845
416.225644
393.0201026
367.9686374
341.6745064
314.7555765
6.531304917e-07
6.038009582e-07
6.113396424e-07
6.057582466e-07
6.055552335e-07
6.072965111e-07
6.041004484e-07
6.062577428e-07
0.0002478442537
0.0007200869204
0.001158202235
0.001541718621
0.001854450407
0.002076220158
0.002205142143
0.002237583469
79.36954592
131.5920439
182.9270258
232.5133765
279.5395374
323.2652907
363.0396445
398.3144556
428.6535481
453.7374306
473.3639982
487.4457985
496.0045493
499.1636137
497.1391055
490.2302114
478.8092131
463.3115775
444.2263718
422.0871622
397.4634673
370.9527674
343.1730187
314.7555765
6.531522288e-07
6.038123204e-07
6.1135097e-07
6.057695751e-07
6.05566529e-07
6.073078e-07
6.041117273e-07
6.062690152e-07
0.0001775892192
0.0005146736369
0.0008266582101
0.00109834734
0.001319650358
0.001473252369
0.001560657228
0.001579430735
79.37000951
134.6373711
188.929726
241.3019055
290.8676213
336.8242684
378.473011
415.2334405
446.6525748
472.4084665
492.3090513
506.2870934
514.3921836
516.7807274
513.7047736
505.500389
492.5761312
475.4020082
454.4991714
430.4304666
403.7918654
375.2047231
345.3087544
314.7555765
6.531772456e-07
6.038233799e-07
6.113619947e-07
6.057806023e-07
6.055775206e-07
6.073187863e-07
6.041227044e-07
6.062799857e-07
0.0001168021243
0.0003376382697
0.0005410999438
0.0007165626474
0.0008596996876
0.0009544573907
0.001006262931
0.001014078397
79.36833308
138.6568447
196.8512358
252.8949464
305.8022925
354.6881958
398.7913265
437.4900187
470.3108828
496.9306723
517.1724199
530.9971093
538.4922139
539.8583506
535.395122
525.4869959
510.5898371
491.2184911
467.9356323
441.3419435
412.0675787
380.7647807
348.1014685
314.7555765
6.532056709e-07
6.038341142e-07
6.11372707e-07
6.057913175e-07
6.055881999e-07
6.073294607e-07
6.041333703e-07
6.062906451e-07
6.430964217e-05
0.0001832685044
0.0002916595786
0.0003831748489
0.0004578362235
0.0005014835459
0.0005224183329
0.0005218830744
79.36781067
143.7698292
206.9225532
267.6231254
324.7568609
377.3330675
424.5120111
465.6221618
500.1678598
527.8284263
548.4503206
562.0342074
568.7187866
568.7630411
562.5282436
550.4607244
533.0760646
510.94509
484.6818093
454.9332707
422.3711844
387.6850847
351.5767494
314.7555765
6.53237734e-07
6.038445218e-07
6.11383101e-07
6.058017117e-07
6.05598559e-07
6.073398147e-07
6.041437156e-07
6.063009842e-07
1.672889437e-05
4.534585808e-05
6.933254486e-05
8.607077586e-05
0.0001000931286
9.826703758e-05
9.262349161e-05
8.675230195e-05
79.36737698
150.1317231
219.4455952
285.917574
348.2682647
405.3744012
456.300603
500.3178123
536.9089909
565.7638712
586.7652723
599.9697085
605.5848574
603.9460565
595.4934766
580.7511125
560.3082609
534.8037807
504.9131516
471.3381572
434.7988991
396.027779
355.7650559
314.7555765
6.532738589e-07
6.038545971e-07
6.113931699e-07
6.058117771e-07
6.056085892e-07
6.0734984e-07
6.041537306e-07
6.06310994e-07
-2.65650931e-05
-8.031612235e-05
-0.000133118857
-0.0001846381662
-0.000224604131
-0.0002689318786
-0.0002995970808
-0.0003034983081
79.36699132
157.9439158
234.8105142
308.3333517
377.0243163
439.5958199
494.9983991
542.4397729
581.3867723
611.5532246
632.8776993
645.4950893
649.7055523
645.943601
634.7493101
616.7428563
592.6029856
563.0495236
528.8297309
490.7081093
449.459169
405.8626258
360.7004957
314.7555765
6.533149561e-07
6.038643367e-07
6.114029065e-07
6.058215081e-07
6.056182812e-07
6.073595288e-07
6.041634048e-07
6.063206653e-07
-6.688821887e-05
-0.0001970223913
-0.0003214324784
-0.0004372490323
-0.0005250928563
-0.0006094596566
-0.0006629291078
-0.0006688246392
79.36663625
167.4664525
253.5195605
335.5816112
411.9006584
480.9872027
541.6586406
593.0575364
634.6467025
666.1863139
687.6991059
699.4294053
701.800757
695.3756371
680.8194775
658.8701672
630.3133855
595.9635632
556.6499283
513.2069319
466.4683013
417.2639826
366.4192811
314.7555765
6.533605363e-07
6.038737342e-07
6.114123006e-07
6.058309004e-07
6.056276242e-07
6.073688737e-07
6.041727277e-07
6.063299891e-07
-0.0001061626325
-0.000310621274
-0.000504935499
-0.0006832725086
-0.0008160773175
-0.0009420640164
-0.001015132413
-0.001018911251
79.36630685
179.0358964
276.2203901
368.5740165
454.011025
530.7955698
597.5936346
653.4875442
697.9589735
730.8492425
752.3062164
762.7260251
762.6958846
752.9422028
734.2862611
707.6083234
673.8200395
633.8443939
588.6021499
539.0036548
485.9449211
430.3070018
372.9577998
314.7555765
6.534112613e-07
6.038827913e-07
6.11421341e-07
6.058399501e-07
6.056366064e-07
6.073778664e-07
6.041816884e-07
6.063389565e-07
-0.0001443493751
-0.000422983828
-0.0006856252511
-0.000927624409
-0.001106821967
-0.001276690926
-0.001370289896
-0.001370068357
79.36599236
193.0908043
303.7531503
408.4846842
504.7760306
590.5930878
664.4359149
725.3435802
772.8563192
806.9496906
827.9549635
836.4772419
833.3193049
819.4158039
795.7797495
763.461374
723.5183495
676.9957681
624.9141179
568.2635628
508.00304
445.0629245
380.3502382
314.7555765
6.534671503e-07
6.038915097e-07
6.114300119e-07
6.05848654e-07
6.056452146e-07
6.073864976e-07
6.041902767e-07
6.063475597e-07
-0.0001837869222
-0.0005409883031
-0.0008774410801
-0.001187269114
-0.001414563827
-0.00163258858
-0.001747996032
-0.001742634579
79.36568059
210.2087057
337.2181025
456.8376577
566.0181191
662.3682598
744.2173644
810.599077
861.1780269
896.1436172
916.0923876
921.9145646
914.6942925
895.6279723
865.9614668
826.9447536
779.8015497
725.7110812
665.7992798
601.1370331
532.7435557
461.5933657
388.625712
314.7555765
6.535284702e-07
6.038998826e-07
6.114382887e-07
6.058570075e-07
6.056534327e-07
6.073947564e-07
6.041984811e-07
6.063557912e-07
-0.0002261869462
-0.0006676885868
-0.001083113005
-0.001470115542
-0.001752263048
-0.002028321141
-0.002170506041
-0.002159263904
79.36536228
231.1609112
378.0745729
515.632291
640.0939086
748.6486072
839.471048
911.6628132
965.1191214
1000.360849
1018.363249
1020.40142
1007.922534
982.4475313
945.5004549
898.5613951
843.038348
780.2534852
711.4399353
637.7459468
560.2440557
479.9435317
397.8048825
314.7555765
6.535959702e-07
6.039079231e-07
6.114461393e-07
6.058650074e-07
6.056612361e-07
6.074026292e-07
6.042062845e-07
6.063636421e-07
-0.0002753093495
-0.0008103344575
-0.001316328882
-0.001794071253
-0.002140574262
-0.00248916473
-0.002666390692
-0.002649104385
79.36503285
256.995817
428.2889437
587.5260137
730.0805524
852.6660283
953.3610384
1031.468376
1087.281803
1121.824947
1136.606289
1133.413552
1114.155244
1080.747504
1035.039592
978.7698394
913.5442546
840.8311849
761.9668039
678.1675657
590.5469073
500.1343827
407.8960725
314.7555765
6.536692923e-07
6.039156513e-07
6.114535144e-07
6.058726529e-07
6.056685823e-07
6.074100979e-07
6.042136563e-07
6.063710977e-07
-0.0003298126935
-0.0009707090858
-0.001581645011
-0.002169662396
-0.002598283835
-0.003041416402
-0.003270645211
-0.003245103322
79.36470201
289.1693225
490.5615916
676.1056538
840.0407151
978.5793634
1089.845069
1173.575053
1230.722695
1263.059375
1272.832399
1262.50055
1234.546818
1191.357057
1135.149777
1067.942918
991.5458473
907.5676127
817.4349942
722.4159684
623.6457689
522.1538642
418.8909516
314.7555765
6.537485174e-07
6.039230761e-07
6.114603399e-07
6.058799518e-07
6.056753997e-07
6.0741714e-07
6.042205454e-07
6.063781353e-07
-0.0003949695425
-0.00114795373
-0.001872459277
-0.002598930803
-0.003144645767
-0.003714937217
-0.004031821581
-0.003985124401
79.36440316
329.756244
568.6849117
786.2980479
975.4022279
1131.771675
1253.87187
1342.272049
1398.983334
1426.866915
1429.173357
1409.219737
1370.184874
1314.994545
1246.269721
1166.315933
1077.137657
980.4666005
877.7967067
770.4214382
659.4708814
545.9474682
430.7599284
314.7555765
6.538331571e-07
6.039302425e-07
6.11466526e-07
6.058869325e-07
6.056815787e-07
6.074237314e-07
6.042268754e-07
6.063847288e-07
-0.000517281999
-0.00161331403
-0.002641183896
-0.003555831706
-0.004115492225
-0.004719209981
-0.005115257574
-0.00493553976
79.36417223
381.8074918
668.1264508
925.0034842
1143.503853
1319.239817
1451.606367
1542.666642
1596.08126
1616.261924
1607.785284
1575.031437
1521.989817
1452.177895
1368.629721
1273.924026
1170.232093
1059.37331
942.8715159
822.0085855
697.8737732
571.408566
443.4474758
314.7555765
6.539227327e-07
6.039372203e-07
6.114719858e-07
6.058936589e-07
6.056869717e-07
6.074298538e-07
6.042325494e-07
6.063908641e-07
-0.000268572905
-0.0007560090921
-0.001303233671
-0.002030449728
-0.002735167655
-0.003687701998
-0.004592625642
-0.005247904019
79.36565211
449.9845531
797.0128005
1102.089972
1354.375667
1550.084469
1690.655413
1780.716273
1826.423461
1834.325379
1810.686193
1761.143083
1690.577397
1603.109758
1502.159193
1390.529749
1270.503961
1143.932569
1012.315746
876.874464
738.6123331
598.3691482
456.8677049
314.7555765
6.540165954e-07
6.039441349e-07
6.114766926e-07
6.059002634e-07
6.056914125e-07
6.074355129e-07
6.042374627e-07
6.063965622e-07
-0.00113429011
-0.003481128287
-0.005679664113
-0.007759691155
-0.00915475258
-0.01014044092
-0.01222814119
-0.01001026211
79.36158462
541.7532976
967.8532858
1331.972594
1621.830523
1836.074554
1980.223368
2063.12958
2094.581937
2083.94181
2039.503585
1968.290301
1876.080104
1767.537638
1646.38029
1515.543946
1377.332693
1233.547399
1085.593237
934.5684625
781.3375412
626.5918048
470.9005947
314.7555765
6.541135393e-07
6.039511514e-07
6.114807662e-07
6.059070029e-07
6.056947725e-07
6.074407798e-07
6.042415232e-07
6.064018907e-07
0.0002068320024
0.0005983397405
0.0007842267183
0.0006011431221
0.0002085665188
-0.0007296556018
-0.002144595497
-0.004559852552
79.37738941
669.8157105
1200.677687
1636.121497
1964.905709
2192.167847
2331.043234
2397.007285
2404.844512
2367.368878
2295.109299
2196.448168
2077.929015
1944.594247
1800.293854
1647.945862
1489.74734
1327.341783
1161.950609
994.4762612
825.5834496
655.7639444
485.3893607
314.7555765
6.542126819e-07
6.039584521e-07
6.114845912e-07
6.059143269e-07
6.056970675e-07
6.074458786e-07
6.042447004e-07
6.064069799e-07
-0.001971110798
-0.005881692232
-0.009578986746
-0.01380397507
-0.01721248849
-0.01727396888
-0.02621412255
-0.0196356921
79.47792671
857.4552787
1528.923585
2046.935089
2409.509574
2636.656179
2754.784174
2789.022801
2760.432098
2685.59304
2577.130482
2444.478476
2294.60817
2132.631016
1962.269149
1786.211735
1606.381456
1424.132964
1240.400843
1055.810521
870.7621961
685.4953439
500.139476
314.7555765
6.543134639e-07
6.03966087e-07
6.114889069e-07
6.059228613e-07
6.056985796e-07
6.074513245e-07
6.042471528e-07
6.064121026e-07
0.0008961148634
0.00234017402
0.003446240061
0.003863895138
0.003952724518
0.00373810711
0.0007579216182
-0.002342660169
80.68289635
1151.605184
2010.629737
2613.190932
2989.548042
3190.171578
3262.42457
3243.87903
3162.280621
3037.454343
2883.355586
2709.742099
2523.409416
2329.067643
2129.954709
1928.264446
1725.44672
1522.419394
1319.719344
1117.611081
916.165843
715.3200904
514.9198417
314.7555765
6.544145655e-07
6.039736038e-07
6.114947122e-07
6.059332202e-07
6.057000046e-07
6.074579901e-07
6.04249437e-07
6.064178581e-07
-0.002862981209
-0.008629478106
-0.01398940482
-0.01906205818
-0.02840456974
-0.0216045679
-0.04256352438
-0.02705703619
91.75244285
1657.652682
2748.80264
3405.656175
3745.327035
3872.066135
3860.873818
3761.799836
3607.369962
3418.602172
3209.110346
2987.740438
2760.235522
2530.291104
2300.232827
2071.459075
1844.73495
1620.390555
1398.456446
1178.757179
960.9765741
744.7037922
529.4665009
314.7555765
6.545146657e-07
6.039793061e-07
6.115026768e-07
6.059451417e-07
6.057023727e-07
6.074669249e-07
6.042525293e-07
6.064252859e-07
0.002038725421
0.004578786576
0.007032372726
0.007362714195
0.005982768558
0.01022453963
-0.01058123097
-0.002426948215
254.7480688
2638.440442
3921.275596
4515.309327
4714.045033
4691.901052
4547.215316
4335.08853
4086.810481
3820.48843
3546.758501
3271.889724
2999.517349
2731.644545
2469.242087
2212.618937
1961.657191
1715.963761
1474.969372
1237.993401
1004.286216
773.0565694
543.4891181
314.7555765
6.546113822e-07
6.039794061e-07
6.115121086e-07
6.059557564e-07
6.057058356e-07
6.074785148e-07
6.042573518e-07
6.064353559e-07
-0.003141421902
-0.01179315393
-0.01793222987
-0.02706444181
-0.03319558538
-0.02135759471
-0.05428138562
0.05618279666
1722.442119
4720.083226
5782.553811
6020.265498
5903.649848
5634.286783
5301.00876
4944.540841
4584.308599
4229.797278
3885.561145
3553.558895
3234.316183
2927.544133
2632.488062
2348.132598
2073.325168
1806.850531
1547.474775
1293.969804
1045.125187
799.751802
556.6801874
314.7555765
6.547023649e-07
6.039685301e-07
6.115216728e-07
6.059591545e-07
6.057083899e-07
6.074901349e-07
6.042634165e-07
6.064478796e-07
0.003457863842
0.007016633114
0.01340300128
0.01399510503
0.006834869131
0.02631838209
-0.03854795255
0.0343633711
7744.383146
8736.726215
8468.595134
7879.553851
7246.00913
6640.596334
6078.003013
5557.770022
5076.099655
4628.84593
4212.145823
3822.485094
3456.661218
3111.744518
2785.049736
2474.113693
2176.674649
1890.651239
1614.120468
1345.29496
1082.499896
824.1499785
568.7266412
314.7555765
6.547910823e-07
6.039420342e-07
6.115306179e-07
6.059475721e-07
6.05710979e-07
6.074987378e-07
6.042684777e-07
6.064609732e-07
-0.0002969664995
-0.01538177291
-0.01294987534
-0.04329110219
-0.02226879169
-0.07706316016
-0.04089098594
35.8891723
17858.35408
14013.85012
11475.54968
9783.35031
8560.243494
7604.095063
6812.647704
6132.449139
5533.488068
4997.356147
4511.707251
4067.591216
3658.116152
3277.739972
2921.869181
2586.613453
2268.622969
1964.972284
1673.072099
1390.598877
1115.436499
845.6263322
579.3232267
314.7555765
6.548906075e-07
6.039017583e-07
6.115455778e-07
6.059205206e-07
6.057214055e-07
6.075054792e-07
6.042742782e-07
6.064724311e-07
0.006347124828
0.008278749764
0.02027013802
0.01875000946
0.0100997359
0.03568675248
-0.1794413394
34.73167829
17895.85614
17984.77423
13636.40614
11218.05904
9607.526505
8402.901572
7436.054415
6625.903371
5928.061434
5315.398664
4769.752101
4278.073293
3830.489418
3419.247161
3038.090207
2681.86376
2346.24608
2027.555899
1722.608045
1428.601213
1143.027969
863.6004044
588.1867671
314.7555765
6.550160484e-07
6.038567663e-07
6.115805049e-07
6.058824226e-07
6.057554821e-07
6.075172053e-07
6.042855427e-07
6.064825942e-07
0.005759241737
-0.01143752099
0.005604403642
-0.03405706973
0.008326139436
-0.1244733402
-0.06817628192
-0.7790671045
14858.73845
16356.12144
13867.25298
11844.95807
10248.90864
8963.939164
7902.775836
7007.061081
6237.469742
5566.440341
4973.845538
4444.477431
3966.538351
3530.686239
3129.39743
2756.521148
2406.956326
2076.410294
1761.214274
1458.179239
1164.480849
877.5653311
595.0702674
314.7555765
6.551488703e-07
6.038135281e-07
6.116333276e-07
6.05827416e-07
6.058151136e-07
6.075310007e-07
6.043031021e-07
6.064939195e-07
0.008901487685
0.006788180301
0.02915221108
0.02318086979
0.04782483206
0.003245262206
0.02790799707
-0.1224078432
13981.11153
14999.54895
13631.50312
12045.61653
10579.21747
9301.179503
8204.0596
7262.108027
6448.330254
5739.062808
5114.728632
4559.469539
4060.517601
3607.579194
3192.308819
2807.882906
2448.662397
2109.927762
1787.670797
1478.429876
1179.157921
887.1145682
599.7757879
314.7555765
6.5524544e-07
6.037571455e-07
6.116827692e-07
6.057502288e-07
6.058865003e-07
6.075438321e-07
6.043219673e-07
6.065080007e-07
0.007379567876
0.01245242635
0.02840210708
0.06128878879
0.06607266595
0.2275831021
-0.177017862
8.499805558
16632.67552
15082.47831
13613.59167
12126.79228
10721.17198
9457.51063
8350.185882
7388.993777
6554.694544
5826.767353
5186.55295
4618.171435
4108.50053
3646.82122
3224.392355
2834.055007
2469.897126
2126.980564
1801.122482
1488.720738
1186.613409
891.9639604
602.1651086
314.7555765
6.55078713e-07
6.036562143e-07
6.117205131e-07
6.056594119e-07
6.059515527e-07
6.075591451e-07
6.043311455e-07
6.065290365e-07
)
;

boundaryField
{
    lowerWall
    {
        type            fixedFluxPressure;
        gradient        uniform 0;
        value           nonuniform List<scalar> 
80
(
6.058363492e-07
6.057897505e-07
6.057728538e-07
6.05770227e-07
6.057665645e-07
6.057616719e-07
6.057582812e-07
6.057571791e-07
6.057583051e-07
6.057613689e-07
6.057660041e-07
6.057718621e-07
6.057786819e-07
6.057862891e-07
6.057945758e-07
6.058034774e-07
6.058129532e-07
6.058229738e-07
6.058335134e-07
6.058445457e-07
6.058560421e-07
6.058679711e-07
6.058802987e-07
6.05892989e-07
6.059060049e-07
6.059193092e-07
6.059328647e-07
6.059466349e-07
6.059605844e-07
6.059746788e-07
6.059888854e-07
6.060031722e-07
6.060175092e-07
6.060318673e-07
6.060462191e-07
6.060605384e-07
6.060748005e-07
6.060889823e-07
6.061030624e-07
6.061170204e-07
6.061308373e-07
6.06144495e-07
6.061579764e-07
6.061712657e-07
6.061843478e-07
6.061972086e-07
6.062098345e-07
6.062222129e-07
6.062343313e-07
6.062461781e-07
6.062577428e-07
6.062690152e-07
6.062799857e-07
6.062906451e-07
6.063009842e-07
6.06310994e-07
6.063206653e-07
6.063299891e-07
6.063389565e-07
6.063475597e-07
6.063557912e-07
6.063636421e-07
6.063710977e-07
6.063781353e-07
6.063847288e-07
6.063908641e-07
6.063965622e-07
6.064018907e-07
6.064069799e-07
6.064121026e-07
6.064178581e-07
6.064252859e-07
6.064353559e-07
6.064478796e-07
6.064609732e-07
6.064724311e-07
6.064825942e-07
6.064939195e-07
6.065080007e-07
6.065290365e-07
)
;
    }
    atmosphere
    {
        type            totalPressure;
        rho             rho;
        psi             none;
        gamma           1;
        p0              uniform 0;
        value           nonuniform List<scalar> 
80
(
-0.04603569399
-0.04912874679
-0.05245617157
-0.06033811861
-0.05888782374
-0.06159487485
-0.03461169358
-0.008314326709
0
0
0
0
-0.03474030364
-0.180935996
-0.07320897312
-0.02214233556
-0.0113677353
-0.0007903510722
-0.0002286091672
0
0
0
0
0
0
0
0
0
0
0
0
0
0
0
0
0
0
0
0
0
0
0
0
0
0
0
0
0
0
0
0
0
0
0
0
0
0
0
0
0
0
0
0
0
0
0
0
0
0
-7.548878008e-08
0
-9.792089369e-07
0
-5.885851206e-06
0
-2.193153738e-05
0
-2.1868893e-05
0
0
)
;
    }
    rightWall
    {
        type            empty;
    }
    leftWall
    {
        type            empty;
    }
    frontAndBack
    {
        type            fixedFluxPressure;
        gradient        nonuniform List<scalar> 
80
(
2.182725002e-06
6.548175006e-06
1.091362501e-05
1.5279075e-05
1.9644525e-05
2.400997502e-05
2.837542511e-05
3.274174958e-05
0
0
0
0
0
0
0
0
0
0
0
0
0
0
0
0
0
0
0
0
0
0
0
0
0.0001418772092
0.000146242575
0.0001506080251
0.0001549734751
0.0001593389248
0.000163704375
0.000168069825
0.000172435275
2.182724998e-06
6.548174999e-06
1.0913625e-05
1.527907501e-05
1.9644525e-05
2.400997497e-05
2.8375425e-05
-1131.414491
0
0
0
0
0
0
0
0
0
0
0
0
0
0
0
0
0
0
0
0
0
0
0
0
0.0001418772036
0.000146242575
0.000150608025
0.000154973475
0.0001593389248
0.000163704375
0.000168069825
0.000172435275
)
;
        value           nonuniform List<scalar> 
80
(
0.1700225607
0.5868715786
0.9785371974
1.33833273
1.596428618
1.920047785
1.91261936
2.112423088
81.33152832
1760.444859
3329.456835
4701.706734
5825.249195
6681.612931
7277.650815
7635.952028
7786.778322
7762.413028
7593.727199
7308.40007
6930.227629
6479.078462
5971.193377
5419.638144
4834.797322
4224.84901
3596.193382
2953.826744
2301.662456
1642.804623
979.7827102
314.7555765
6.661876861e-07
6.121090108e-07
6.204167025e-07
6.146725088e-07
6.152038906e-07
6.171004559e-07
6.141458567e-07
6.166135538e-07
0.007379568013
0.01245242676
0.02840210776
0.06128878974
0.06607266718
0.2275831036
-0.1770178602
8.429092152
16632.67552
15082.47831
13613.59167
12126.79228
10721.17198
9457.51063
8350.185882
7388.993777
6554.694544
5826.767353
5186.55295
4618.171435
4108.50053
3646.82122
3224.392355
2834.055007
2469.897126
2126.980564
1801.122482
1488.720738
1186.613409
891.9639604
602.1651086
314.7555765
6.639460383e-07
6.127963753e-07
6.211335147e-07
6.153452541e-07
6.159102355e-07
6.177906685e-07
6.148355095e-07
6.173062412e-07
)
;
    }
}


// ************************************************************************* //
