/*--------------------------------*- C++ -*----------------------------------*\
| =========                 |                                                 |
| \\      /  F ield         | OpenFOAM: The Open Source CFD Toolbox           |
|  \\    /   O peration     | Version:  2506                                  |
|   \\  /    A nd           | Website:  www.openfoam.com                      |
|    \\/     M anipulation  |                                                 |
\*---------------------------------------------------------------------------*/
FoamFile
{
    version     2.0;
    format      ascii;
    arch        "LSB;label=32;scalar=64";
    class       volScalarField;
    location    "0.001";
    object      Qv;
}
// * * * * * * * * * * * * * * * * * * * * * * * * * * * * * * * * * * * * * //

dimensions      [1 0 -3 0 0 0 0];

internalField   nonuniform List<scalar> 
3200
(
7060.129935
6851.994487
6393.735555
5647.607238
4636.205215
3481.33289
2377.388517
1495.664374
1472.971525
1472.288408
1472.257567
1472.256677
1472.256675
1472.256677
1472.256677
1472.256677
1472.256677
1472.256677
1472.256677
1472.256677
1472.256677
1472.256677
1472.256677
1472.256677
1472.256677
1472.256677
1472.256677
1472.256672
1472.256596
1472.255508
1472.243613
1472.152093
1472.152655
1472.171458
1472.187092
1472.199747
1472.209608
1472.216841
1472.221582
1472.223927
8573.799586
8338.462162
7795.110113
6864.541704
5555.347828
4037.401288
2599.861565
1500.385787
1473.184018
1472.30292
1472.258362
1472.256714
1472.256677
1472.256677
1472.256677
1472.256677
1472.256677
1472.256677
1472.256677
1472.256677
1472.256677
1472.256677
1472.256677
1472.256677
1472.256677
1472.256677
1472.256677
1472.256672
1472.256596
1472.255508
1472.243613
1472.152093
1472.152655
1472.171458
1472.187092
1472.199747
1472.209608
1472.216841
1472.221582
1472.223927
12651.50031
12378.43206
11653.4044
10246.89844
8102.73365
5541.396945
3165.288264
1511.126805
1473.680729
1472.337807
1472.260336
1472.256807
1472.25668
1472.256677
1472.256677
1472.256677
1472.256677
1472.256677
1472.256677
1472.256677
1472.256677
1472.256677
1472.256677
1472.256677
1472.256677
1472.256677
1472.256677
1472.256672
1472.256596
1472.255508
1472.243613
1472.152093
1472.152655
1472.171458
1472.187092
1472.199747
1472.209608
1472.216841
1472.221582
1472.223927
22587.09347
22403.94864
21490.68627
19069.2565
14778.14678
9364.854801
4463.562272
1531.18667
1474.665692
1472.412762
1472.264982
1472.25705
1472.256692
1472.256678
1472.256677
1472.256677
1472.256677
1472.256677
1472.256677
1472.256677
1472.256677
1472.256677
1472.256677
1472.256677
1472.256677
1472.256677
1472.256677
1472.256672
1472.256596
1472.255508
1472.243613
1472.152093
1472.152655
1472.171458
1472.187092
1472.199747
1472.209608
1472.216841
1472.221582
1472.223927
47838.71321
48724.38382
48554.82158
44410.97712
34439.22916
20463.60524
7806.517168
1568.861528
1477.119054
1472.669284
1472.286318
1472.25849
1472.256773
1472.256681
1472.256677
1472.256677
1472.256677
1472.256677
1472.256677
1472.256677
1472.256677
1472.256677
1472.256677
1472.256677
1472.256677
1472.256677
1472.256677
1472.256672
1472.256596
1472.255508
1472.243613
1472.152093
1472.152655
1472.171458
1472.187092
1472.199747
1472.209608
1472.216841
1472.221582
1472.223927
114484.2124
121952.8129
129891.2683
125995.536
101642.9744
59813.08959
18670.10071
1664.196921
1493.321588
1475.267665
1472.553471
1472.2787
1472.257991
1472.256743
1472.25668
1472.256677
1472.256677
1472.256677
1472.256677
1472.256677
1472.256677
1472.256677
1472.256677
1472.256677
1472.256677
1472.256677
1472.256677
1472.256672
1472.256596
1472.255508
1472.243613
1472.152093
1472.152655
1472.171458
1472.187092
1472.199747
1472.209608
1472.216841
1472.221582
1472.223927
285547.2876
323237.8243
378330.1893
404236.8701
353327.9623
226315.1875
69838.89975
2404.376803
1720.705848
1513.240102
1476.49823
1472.57693
1472.275837
1472.257633
1472.256718
1472.256679
1472.256677
1472.256677
1472.256677
1472.256677
1472.256677
1472.256677
1472.256677
1472.256677
1472.256677
1472.256677
1472.256677
1472.256672
1472.256596
1472.255508
1472.243613
1472.152093
1472.152655
1472.171458
1472.187092
1472.199747
1472.209608
1472.216841
1472.221582
1472.223927
675246.7103
818533.1196
1063971.171
1290188.677
1263534.11
964578.856
408048.7886
45594.56197
7599.493645
2033.718019
1523.392602
1476.01429
1472.478041
1472.267566
1472.257139
1472.256694
1472.256678
1472.256677
1472.256677
1472.256677
1472.256677
1472.256677
1472.256677
1472.256677
1472.256677
1472.256677
1472.256677
1472.256672
1472.256596
1472.255508
1472.243613
1472.152093
1472.152655
1472.171458
1472.187092
1472.199747
1472.209608
1472.216841
1472.221582
1472.223927
1392135.011
1788009.282
2544572.718
3496996.456
3930594.947
3561239.397
2716596.965
1649993.827
1440345.158
14591.52526
1939.81957
1502.693347
1474.006831
1472.341577
1472.260234
1472.256809
1472.256681
1472.256677
1472.256677
1472.256677
1472.256677
1472.256677
1472.256677
1472.256677
1472.256677
1472.256677
1472.256677
1472.256672
1472.256596
1472.255508
1472.243613
1472.152093
1472.152655
1472.171458
1472.187092
1472.199747
1472.209608
1472.216841
1472.221582
1472.223927
2403235.604
3228861.54
4874442.55
7211953.113
9010417.138
9217336.447
13641455.9
27083900.42
28996211.08
946019.1392
4760.014774
1608.948994
1479.713936
1472.613059
1472.271472
1472.257219
1472.256695
1472.256678
1472.256677
1472.256677
1472.256677
1472.256677
1472.256677
1472.256677
1472.256677
1472.256677
1472.256677
1472.256672
1472.256596
1472.255508
1472.243613
1472.152093
1472.152655
1472.171458
1472.187092
1472.199748
1472.209608
1472.216841
1472.221582
1472.223927
3387585.713
4683459.627
7215578.904
10724804.66
13983220.08
14860212.2
18523738.99
26440394.03
26917764.85
1377104.08
4805.333112
1605.738467
1479.386083
1472.591204
1472.270356
1472.257172
1472.256693
1472.256678
1472.256677
1472.256677
1472.256677
1472.256677
1472.256677
1472.256677
1472.256677
1472.256677
1472.256677
1472.256672
1472.256596
1472.255508
1472.243613
1472.152093
1472.152655
1472.171458
1472.187092
1472.199748
1472.209608
1472.216841
1472.221582
1472.223927
3576803.995
5129012.061
8430013.148
13066538.15
17378693.21
20175864.36
22797176.23
28704260.91
29436948.14
6128884.973
5866.649721
1583.485136
1477.378398
1472.481728
1472.265552
1472.256991
1472.256687
1472.256677
1472.256677
1472.256677
1472.256677
1472.256677
1472.256677
1472.256677
1472.256677
1472.256677
1472.256677
1472.256672
1472.256596
1472.255508
1472.243613
1472.152093
1472.152655
1472.171458
1472.187092
1472.199748
1472.209608
1472.216841
1472.221582
1472.223927
2849961.086
4175148.5
7556137.961
12900151.1
18584853.98
22841194.57
24804410.32
26315681.08
29347148.76
1229275.55
2867.932394
1528.957958
1474.993486
1472.374693
1472.261201
1472.256833
1472.256682
1472.256677
1472.256677
1472.256677
1472.256677
1472.256677
1472.256677
1472.256677
1472.256677
1472.256677
1472.256677
1472.256672
1472.256596
1472.255508
1472.243613
1472.152093
1472.152655
1472.171458
1472.187092
1472.199748
1472.209608
1472.216841
1472.221582
1472.223927
1819952.882
2541898.268
4552966.464
9001512.323
16950129.37
23957448.87
25018660.62
25316964.85
20716691.8
53190.78694
2029.43252
1498.51048
1473.47057
1472.306732
1472.25853
1472.256739
1472.256679
1472.256677
1472.256677
1472.256677
1472.256677
1472.256677
1472.256677
1472.256677
1472.256677
1472.256677
1472.256677
1472.256672
1472.256596
1472.255508
1472.243613
1472.152093
1472.152655
1472.171458
1472.187092
1472.199748
1472.209608
1472.216841
1472.221582
1472.223927
956121.7388
1297828.852
2305424.105
4831139.936
10297227.22
18870210.46
24642095.25
22067326.28
7145873.29
11283.98039
1688.293008
1482.122013
1472.67838
1472.272942
1472.257246
1472.256695
1472.256678
1472.256677
1472.256677
1472.256677
1472.256677
1472.256677
1472.256677
1472.256677
1472.256677
1472.256677
1472.256677
1472.256672
1472.256596
1472.255508
1472.243613
1472.152093
1472.152655
1472.171458
1472.187092
1472.199748
1472.209608
1472.216841
1472.221582
1472.223927
434006.8311
570310.5233
976655.5976
2074491.377
4810022.801
10217939.01
18262484.24
20244848.53
1367186.527
3636.494633
1541.323897
1475.100202
1472.364614
1472.260427
1472.256797
1472.256681
1472.256677
1472.256677
1472.256677
1472.256677
1472.256677
1472.256677
1472.256677
1472.256677
1472.256677
1472.256677
1472.256677
1472.256672
1472.256596
1472.255508
1472.243613
1472.152093
1472.152655
1472.171458
1472.187092
1472.199748
1472.209608
1472.216841
1472.221582
1472.223927
179024.8613
223067.8543
345820.4626
644609.0165
1327486.329
2606294.802
3977165.344
852721.9853
101159.4265
1963.071459
1489.065978
1472.83951
1472.275456
1472.257247
1472.256693
1472.256677
1472.256677
1472.256677
1472.256677
1472.256677
1472.256677
1472.256677
1472.256677
1472.256677
1472.256677
1472.256677
1472.256677
1472.256672
1472.256596
1472.255508
1472.243613
1472.152093
1472.152655
1472.171458
1472.187092
1472.199748
1472.209608
1472.216841
1472.221582
1472.223927
71526.62882
83564.15778
113319.827
171382.568
264720.372
354632.6275
294473.7125
10848.59681
7209.721654
1563.260694
1474.819078
1472.326846
1472.258588
1472.256729
1472.256678
1472.256677
1472.256677
1472.256677
1472.256677
1472.256677
1472.256677
1472.256677
1472.256677
1472.256677
1472.256677
1472.256677
1472.256677
1472.256672
1472.256596
1472.255508
1472.243613
1472.152093
1472.152655
1472.171458
1472.187092
1472.199748
1472.209608
1472.216841
1472.221582
1472.223927
29768.28743
32652.45029
38786.19694
47775.2249
55752.61215
52133.07581
27364.60798
2150.728373
1846.188073
1478.40349
1472.404337
1472.260732
1472.25679
1472.25668
1472.256677
1472.256677
1472.256677
1472.256677
1472.256677
1472.256677
1472.256677
1472.256677
1472.256677
1472.256677
1472.256677
1472.256677
1472.256677
1472.256672
1472.256596
1472.255508
1472.243613
1472.152093
1472.152655
1472.171458
1472.187092
1472.199748
1472.209608
1472.216841
1472.221582
1472.223927
13742.29569
14359.88741
15447.19928
16455.07323
16131.42787
12850.15573
6702.974244
1574.352387
1481.281506
1472.520251
1472.264228
1472.256886
1472.256682
1472.256677
1472.256677
1472.256677
1472.256677
1472.256677
1472.256677
1472.256677
1472.256677
1472.256677
1472.256677
1472.256677
1472.256677
1472.256677
1472.256677
1472.256672
1472.256596
1472.255508
1472.243613
1472.152093
1472.152655
1472.171458
1472.187092
1472.199748
1472.209608
1472.216841
1472.221582
1472.223927
7289.390315
7387.84019
7492.255383
7386.107584
6744.60941
5313.037987
3298.020019
1516.57569
1476.432799
1472.345051
1472.258027
1472.256676
1472.256675
1472.256677
1472.256677
1472.256677
1472.256677
1472.256677
1472.256677
1472.256677
1472.256677
1472.256677
1472.256677
1472.256677
1472.256677
1472.256677
1472.256677
1472.256672
1472.256596
1472.255508
1472.243613
1472.152093
1472.152655
1472.171458
1472.187092
1472.199748
1472.209608
1472.216841
1472.221582
1472.223927
4469.081693
4459.872989
4401.25375
4216.189972
3814.15591
3149.263013
2302.312626
1494.177791
1472.815203
1472.270912
1472.256557
1472.256633
1472.256674
1472.256677
1472.256677
1472.256677
1472.256677
1472.256677
1472.256677
1472.256677
1472.256677
1472.256677
1472.256677
1472.256677
1472.256677
1472.256677
1472.256677
1472.256672
1472.256596
1472.255508
1472.243613
1472.152093
1472.152655
1472.171458
1472.187092
1472.199748
1472.209608
1472.216841
1472.221582
1472.223927
3120.002469
3095.492083
3029.905622
2894.651387
2660.846007
2319.875358
1903.76539
1487.331546
1475.656105
1472.307222
1472.256451
1472.256617
1472.256673
1472.256677
1472.256677
1472.256677
1472.256677
1472.256677
1472.256677
1472.256677
1472.256677
1472.256677
1472.256677
1472.256677
1472.256677
1472.256677
1472.256677
1472.256672
1472.256596
1472.255508
1472.243613
1472.152093
1472.152655
1472.171458
1472.187092
1472.199748
1472.209608
1472.216841
1472.221582
1472.223927
2420.465433
2399.570431
2350.771883
2262.761579
2125.339117
1937.26612
1712.345398
1479.388777
1472.382913
1472.252124
1472.255804
1472.256605
1472.256673
1472.256677
1472.256677
1472.256677
1472.256677
1472.256677
1472.256677
1472.256677
1472.256677
1472.256677
1472.256677
1472.256677
1472.256677
1472.256677
1472.256677
1472.256672
1472.256596
1472.255508
1472.243613
1472.152093
1472.152655
1472.171458
1472.187092
1472.199748
1472.209608
1472.216841
1472.221582
1472.223927
2034.003135
2019.001215
1985.952303
1930.181156
1847.889642
1739.431395
1611.44309
1476.498052
1472.304566
1472.248645
1472.255668
1472.256601
1472.256673
1472.256677
1472.256677
1472.256677
1472.256677
1472.256677
1472.256677
1472.256677
1472.256677
1472.256677
1472.256677
1472.256677
1472.256677
1472.256677
1472.256677
1472.256672
1472.256596
1472.255508
1472.243613
1472.152093
1472.152655
1472.171458
1472.187092
1472.199748
1472.209608
1472.216841
1472.221582
1472.223927
1810.63549
1800.486084
1778.848303
1743.762355
1693.843964
1629.772084
1555.281868
1477.558404
1475.326713
1472.293472
1472.255963
1472.2566
1472.256672
1472.256677
1472.256677
1472.256677
1472.256677
1472.256677
1472.256677
1472.256677
1472.256677
1472.256677
1472.256677
1472.256677
1472.256677
1472.256677
1472.256677
1472.256672
1472.256596
1472.255508
1472.243613
1472.152093
1472.152655
1472.171458
1472.187092
1472.199748
1472.209608
1472.216841
1472.221582
1472.223927
1677.687275
1671.01739
1657.092549
1635.103346
1604.58869
1566.102583
1521.543031
1473.803947
1472.235233
1472.245675
1472.255556
1472.256597
1472.256672
1472.256677
1472.256677
1472.256677
1472.256677
1472.256677
1472.256677
1472.256677
1472.256677
1472.256677
1472.256677
1472.256677
1472.256677
1472.256677
1472.256677
1472.256672
1472.256596
1472.255508
1472.243613
1472.152093
1472.152655
1472.171458
1472.187092
1472.199748
1472.209608
1472.216841
1472.221582
1472.223927
1597.194731
1592.894683
1584.046658
1570.33491
1551.652044
1528.405831
1501.662835
1473.071469
1472.172442
1472.244335
1472.255529
1472.256596
1472.256672
1472.256677
1472.256677
1472.256677
1472.256677
1472.256677
1472.256677
1472.256677
1472.256677
1472.256677
1472.256677
1472.256677
1472.256677
1472.256677
1472.256677
1472.256672
1472.256596
1472.255508
1472.243613
1472.152093
1472.152655
1472.171458
1472.187092
1472.199748
1472.209608
1472.216841
1472.221582
1472.223927
1548.064528
1545.335643
1539.779716
1531.29024
1519.886246
1505.855656
1489.818321
1472.701205
1472.163331
1472.243991
1472.255518
1472.256596
1472.256672
1472.256677
1472.256677
1472.256677
1472.256677
1472.256677
1472.256677
1472.256677
1472.256677
1472.256677
1472.256677
1472.256677
1472.256677
1472.256677
1472.256677
1472.256672
1472.256596
1472.255508
1472.243613
1472.152093
1472.152655
1472.171458
1472.187092
1472.199748
1472.209608
1472.216841
1472.221582
1472.223927
1518.021489
1516.314557
1512.867411
1507.658791
1500.745291
1492.327108
1482.757265
1472.4851
1472.158532
1472.243799
1472.255512
1472.256596
1472.256672
1472.256677
1472.256677
1472.256677
1472.256677
1472.256677
1472.256677
1472.256677
1472.256677
1472.256677
1472.256677
1472.256677
1472.256677
1472.256677
1472.256677
1472.256672
1472.256596
1472.255508
1472.243613
1472.152093
1472.152655
1472.171458
1472.187092
1472.199748
1472.209608
1472.216841
1472.221582
1472.223927
1499.694104
1498.641095
1496.528708
1493.368567
1489.226941
1484.259066
1478.677619
1472.466319
1472.197678
1472.244322
1472.255513
1472.256596
1472.256672
1472.256677
1472.256677
1472.256677
1472.256677
1472.256677
1472.256677
1472.256677
1472.256677
1472.256677
1472.256677
1472.256677
1472.256677
1472.256677
1472.256677
1472.256672
1472.256596
1472.255508
1472.243613
1472.152093
1472.152655
1472.171458
1472.187092
1472.199748
1472.209608
1472.216841
1472.221582
1472.223927
1488.571655
1487.930549
1486.651968
1484.758225
1482.318854
1479.500738
1476.675483
1474.847029
1474.942051
1472.285232
1472.255825
1472.256597
1472.256672
1472.256677
1472.256677
1472.256677
1472.256677
1472.256677
1472.256677
1472.256677
1472.256677
1472.256677
1472.256677
1472.256677
1472.256677
1472.256677
1472.256677
1472.256672
1472.256596
1472.255508
1472.243613
1472.152093
1472.152655
1472.171458
1472.187092
1472.199748
1472.209608
1472.216841
1472.221582
1472.223927
1481.868892
1481.483043
1480.716622
1479.587827
1478.140423
1476.452471
1474.593061
1472.339455
1472.195398
1472.244244
1472.255508
1472.256595
1472.256672
1472.256677
1472.256677
1472.256677
1472.256677
1472.256677
1472.256677
1472.256677
1472.256677
1472.256677
1472.256677
1472.256677
1472.256677
1472.256677
1472.256677
1472.256672
1472.256596
1472.255508
1472.243613
1472.152093
1472.152655
1472.171458
1472.187092
1472.199748
1472.209608
1472.216841
1472.221582
1472.223927
1477.862616
1477.632756
1477.177287
1476.508054
1475.649112
1474.636587
1473.49657
1472.197052
1472.152747
1472.243595
1472.255504
1472.256595
1472.256672
1472.256677
1472.256677
1472.256677
1472.256677
1472.256677
1472.256677
1472.256677
1472.256677
1472.256677
1472.256677
1472.256677
1472.256677
1472.256677
1472.256677
1472.256672
1472.256596
1472.255508
1472.243613
1472.152093
1472.152655
1472.171458
1472.187092
1472.199748
1472.209608
1472.216841
1472.221582
1472.223927
1475.489453
1475.353736
1475.085226
1474.691166
1474.18482
1473.585217
1472.910928
1472.175387
1472.152105
1472.243592
1472.255505
1472.256596
1472.256672
1472.256677
1472.256677
1472.256677
1472.256677
1472.256677
1472.256677
1472.256677
1472.256677
1472.256677
1472.256677
1472.256677
1472.256677
1472.256677
1472.256677
1472.256672
1472.256596
1472.255508
1472.243613
1472.152093
1472.152655
1472.171458
1472.187092
1472.199748
1472.209608
1472.216841
1472.221582
1472.223927
1474.096926
1474.01732
1473.859997
1473.629322
1473.332823
1472.981286
1472.587336
1472.165214
1472.15194
1472.243596
1472.255506
1472.256596
1472.256672
1472.256677
1472.256677
1472.256677
1472.256677
1472.256677
1472.256677
1472.256677
1472.256677
1472.256677
1472.256677
1472.256677
1472.256677
1472.256677
1472.256677
1472.256672
1472.256596
1472.255508
1472.243613
1472.152093
1472.152655
1472.171458
1472.187092
1472.199748
1472.209608
1472.216841
1472.221582
1472.223927
1473.287765
1473.241183
1473.149188
1473.014376
1472.841067
1472.635433
1472.405199
1472.159602
1472.15191
1472.243594
1472.255506
1472.256596
1472.256672
1472.256677
1472.256677
1472.256677
1472.256677
1472.256677
1472.256677
1472.256677
1472.256677
1472.256677
1472.256677
1472.256677
1472.256677
1472.256677
1472.256677
1472.256672
1472.256596
1472.255508
1472.243613
1472.152093
1472.152655
1472.171458
1472.187092
1472.199748
1472.209608
1472.216841
1472.221582
1472.223927
1472.822259
1472.79487
1472.740786
1472.661513
1472.559499
1472.438213
1472.302073
1472.156437
1472.151906
1472.243591
1472.255506
1472.256596
1472.256672
1472.256677
1472.256677
1472.256677
1472.256677
1472.256677
1472.256677
1472.256677
1472.256677
1472.256677
1472.256677
1472.256677
1472.256677
1472.256677
1472.256677
1472.256672
1472.256596
1472.255508
1472.243613
1472.152093
1472.152655
1472.171458
1472.187092
1472.199748
1472.209608
1472.216841
1472.221582
1472.223927
1472.55718
1472.540808
1472.508458
1472.46097
1472.399688
1472.326497
1472.243794
1472.154463
1472.151691
1472.243577
1472.255506
1472.256596
1472.256672
1472.256677
1472.256677
1472.256677
1472.256677
1472.256677
1472.256677
1472.256677
1472.256677
1472.256677
1472.256677
1472.256677
1472.256677
1472.256677
1472.256677
1472.256672
1472.256596
1472.255508
1472.243613
1472.152093
1472.152655
1472.171458
1472.187092
1472.199748
1472.209608
1472.216841
1472.221582
1472.223927
1472.407829
1472.397706
1472.377668
1472.348156
1472.309872
1472.263799
1472.211191
1472.153613
1472.151848
1472.243578
1472.255506
1472.256596
1472.256672
1472.256677
1472.256677
1472.256677
1472.256677
1472.256677
1472.256677
1472.256677
1472.256677
1472.256677
1472.256677
1472.256677
1472.256677
1472.256677
1472.256677
1472.256672
1472.256596
1472.255508
1472.243613
1472.152093
1472.152655
1472.171458
1472.187092
1472.199748
1472.209608
1472.216841
1472.221582
1472.223927
1472.324677
1472.318052
1472.304898
1472.285426
1472.259969
1472.229005
1472.193156
1472.153243
1472.152025
1472.243586
1472.255506
1472.256596
1472.256672
1472.256677
1472.256677
1472.256677
1472.256677
1472.256677
1472.256677
1472.256677
1472.256677
1472.256677
1472.256677
1472.256677
1472.256677
1472.256677
1472.256677
1472.256672
1472.256596
1472.255508
1472.243613
1472.152093
1472.152655
1472.171458
1472.187092
1472.199748
1472.209608
1472.216841
1472.221582
1472.223927
1472.279125
1472.274424
1472.265057
1472.251099
1472.232679
1472.209992
1472.183303
1472.152952
1472.152026
1472.24359
1472.255506
1472.256596
1472.256672
1472.256677
1472.256677
1472.256677
1472.256677
1472.256677
1472.256677
1472.256677
1472.256677
1472.256677
1472.256677
1472.256677
1472.256677
1472.256677
1472.256677
1472.256672
1472.256596
1472.255508
1472.243613
1472.152093
1472.152655
1472.171458
1472.187092
1472.199748
1472.209608
1472.216841
1472.221582
1472.223927
1472.25495
1472.251274
1472.243922
1472.232897
1472.218216
1472.19992
1472.178081
1472.152804
1472.152039
1472.243594
1472.255506
1472.256596
1472.256672
1472.256677
1472.256677
1472.256677
1472.256677
1472.256677
1472.256677
1472.256677
1472.256677
1472.256677
1472.256677
1472.256677
1472.256677
1472.256677
1472.256677
1472.256672
1472.256596
1472.255508
1472.243613
1472.152093
1472.152655
1472.171458
1472.187092
1472.199748
1472.209608
1472.216841
1472.221582
1472.223927
1472.24326
1472.240082
1472.233708
1472.224104
1472.211233
1472.195057
1472.175553
1472.152703
1472.152016
1472.243595
1472.255506
1472.256596
1472.256672
1472.256677
1472.256677
1472.256677
1472.256677
1472.256677
1472.256677
1472.256677
1472.256677
1472.256677
1472.256677
1472.256677
1472.256677
1472.256677
1472.256677
1472.256672
1472.256596
1472.255508
1472.243613
1472.152093
1472.152655
1472.171458
1472.187092
1472.199748
1472.209608
1472.216841
1472.221582
1472.223927
1472.239632
1472.236609
1472.23054
1472.22138
1472.209073
1472.193557
1472.174775
1472.152674
1472.15201
1472.243596
1472.255506
1472.256596
1472.256672
1472.256677
1472.256677
1472.256677
1472.256677
1472.256677
1472.256677
1472.256677
1472.256677
1472.256677
1472.256677
1472.256677
1472.256677
1472.256677
1472.256677
1472.256672
1472.256596
1472.255508
1472.243613
1472.152093
1472.152655
1472.171458
1472.187092
1472.199748
1472.209608
1472.216841
1472.221582
1472.223927
1472.242634
1472.239485
1472.233168
1472.223649
1472.210886
1472.194834
1472.175449
1472.152696
1472.152011
1472.243593
1472.255506
1472.256596
1472.256672
1472.256677
1472.256677
1472.256677
1472.256677
1472.256677
1472.256677
1472.256677
1472.256677
1472.256677
1472.256677
1472.256677
1472.256677
1472.256677
1472.256677
1472.256672
1472.256596
1472.255508
1472.243613
1472.152093
1472.152655
1472.171458
1472.187092
1472.199748
1472.209608
1472.216841
1472.221582
1472.223927
1472.25333
1472.24973
1472.242528
1472.231727
1472.217343
1472.199391
1472.177868
1472.152782
1472.152021
1472.243587
1472.255505
1472.256596
1472.256672
1472.256677
1472.256677
1472.256677
1472.256677
1472.256677
1472.256677
1472.256677
1472.256677
1472.256677
1472.256677
1472.256677
1472.256677
1472.256677
1472.256677
1472.256672
1472.256596
1472.255508
1472.243613
1472.152093
1472.152655
1472.171458
1472.187092
1472.199748
1472.209608
1472.216841
1472.221582
1472.223927
1472.275603
1472.271067
1472.262034
1472.248597
1472.23091
1472.209116
1472.183172
1472.152963
1472.15204
1472.243576
1472.255504
1472.256595
1472.256672
1472.256677
1472.256677
1472.256677
1472.256677
1472.256677
1472.256677
1472.256677
1472.256677
1472.256677
1472.256677
1472.256677
1472.256677
1472.256677
1472.256677
1472.256672
1472.256596
1472.255508
1472.243613
1472.152093
1472.152655
1472.171458
1472.187092
1472.199748
1472.209608
1472.216841
1472.221582
1472.223927
1472.317379
1472.311102
1472.29868
1472.280428
1472.256866
1472.228408
1472.194419
1472.153339
1472.15207
1472.243569
1472.255502
1472.256595
1472.256672
1472.256677
1472.256677
1472.256677
1472.256677
1472.256677
1472.256677
1472.256677
1472.256677
1472.256677
1472.256677
1472.256677
1472.256677
1472.256677
1472.256677
1472.256672
1472.256596
1472.255508
1472.243613
1472.152093
1472.152655
1472.171458
1472.187092
1472.199748
1472.209608
1472.216841
1472.221582
1472.223927
1472.393083
1472.383688
1472.365247
1472.338649
1472.305493
1472.267078
1472.220153
1472.154193
1472.152061
1472.24357
1472.255503
1472.256595
1472.256672
1472.256677
1472.256677
1472.256677
1472.256677
1472.256677
1472.256677
1472.256677
1472.256677
1472.256677
1472.256677
1472.256677
1472.256677
1472.256677
1472.256677
1472.256672
1472.256596
1472.255508
1472.243613
1472.152093
1472.152655
1472.171458
1472.187092
1472.199748
1472.209608
1472.216841
1472.221582
1472.223927
1472.527958
1472.513075
1472.484127
1472.443418
1472.395707
1472.346256
1472.285684
1472.158507
1472.152307
1472.243577
1472.255503
1472.256595
1472.256672
1472.256677
1472.256677
1472.256677
1472.256677
1472.256677
1472.256677
1472.256677
1472.256677
1472.256677
1472.256677
1472.256677
1472.256677
1472.256677
1472.256677
1472.256672
1472.256596
1472.255508
1472.243613
1472.152093
1472.152655
1472.171458
1472.187092
1472.199748
1472.209608
1472.216841
1472.221582
1472.223927
1472.765323
1472.740835
1472.693497
1472.62838
1472.557932
1472.503599
1472.465759
1472.235752
1472.179809
1472.243994
1472.255508
1472.256596
1472.256672
1472.256677
1472.256677
1472.256677
1472.256677
1472.256677
1472.256677
1472.256677
1472.256677
1472.256677
1472.256677
1472.256677
1472.256677
1472.256677
1472.256677
1472.256672
1472.256596
1472.255508
1472.243613
1472.152093
1472.152655
1472.171458
1472.187092
1472.199748
1472.209608
1472.216841
1472.221582
1472.223927
1473.178521
1473.137247
1473.057176
1472.946445
1472.828362
1472.765405
1472.927486
1473.879379
1474.011232
1472.270749
1472.25571
1472.256597
1472.256672
1472.256677
1472.256677
1472.256677
1472.256677
1472.256677
1472.256677
1472.256677
1472.256677
1472.256677
1472.256677
1472.256677
1472.256677
1472.256677
1472.256677
1472.256672
1472.256596
1472.255508
1472.243613
1472.152093
1472.152655
1472.171458
1472.187092
1472.199748
1472.209608
1472.216841
1472.221582
1472.223927
1473.890384
1473.82011
1473.682061
1473.483417
1473.240574
1472.981295
1472.714807
1472.243476
1472.179922
1472.244013
1472.25551
1472.256596
1472.256672
1472.256677
1472.256677
1472.256677
1472.256677
1472.256677
1472.256677
1472.256677
1472.256677
1472.256677
1472.256677
1472.256677
1472.256677
1472.256677
1472.256677
1472.256672
1472.256596
1472.255508
1472.243613
1472.152093
1472.152655
1472.171458
1472.187092
1472.199748
1472.209608
1472.216841
1472.221582
1472.223927
1475.104535
1474.985535
1474.750016
1474.404598
1473.962574
1473.443354
1472.857866
1472.176266
1472.152578
1472.243606
1472.255506
1472.256596
1472.256672
1472.256677
1472.256677
1472.256677
1472.256677
1472.256677
1472.256677
1472.256677
1472.256677
1472.256677
1472.256677
1472.256677
1472.256677
1472.256677
1472.256677
1472.256672
1472.256596
1472.255508
1472.243613
1472.152093
1472.152655
1472.171458
1472.187092
1472.199748
1472.209608
1472.216841
1472.221582
1472.223927
1477.154736
1476.955141
1476.558443
1475.971997
1475.211637
1474.303887
1473.283103
1472.187259
1472.152645
1472.243605
1472.255505
1472.256596
1472.256672
1472.256677
1472.256677
1472.256677
1472.256677
1472.256677
1472.256677
1472.256677
1472.256677
1472.256677
1472.256677
1472.256677
1472.256677
1472.256677
1472.256677
1472.256672
1472.256596
1472.255508
1472.243613
1472.152093
1472.152655
1472.171458
1472.187092
1472.199748
1472.209608
1472.216841
1472.221582
1472.223927
1480.582715
1480.251559
1479.590897
1478.608655
1477.326406
1475.786115
1474.052613
1472.211185
1472.153142
1472.243615
1472.255505
1472.256595
1472.256672
1472.256677
1472.256677
1472.256677
1472.256677
1472.256677
1472.256677
1472.256677
1472.256677
1472.256677
1472.256677
1472.256677
1472.256677
1472.256677
1472.256677
1472.256672
1472.256596
1472.255508
1472.243613
1472.152093
1472.152655
1472.171458
1472.187092
1472.199748
1472.209608
1472.216841
1472.221582
1472.223927
1486.259958
1485.717272
1484.629702
1483.002315
1480.862863
1478.276876
1475.355555
1472.251798
1472.153978
1472.243642
1472.255505
1472.256596
1472.256672
1472.256677
1472.256677
1472.256677
1472.256677
1472.256677
1472.256677
1472.256677
1472.256677
1472.256677
1472.256677
1472.256677
1472.256677
1472.256677
1472.256677
1472.256672
1472.256596
1472.255508
1472.243613
1472.152093
1472.152655
1472.171458
1472.187092
1472.199748
1472.209608
1472.216841
1472.221582
1472.223927
1495.577748
1494.700848
1492.933204
1490.266446
1486.729597
1482.421315
1477.528399
1472.319534
1472.155429
1472.243696
1472.255508
1472.256596
1472.256672
1472.256677
1472.256677
1472.256677
1472.256677
1472.256677
1472.256677
1472.256677
1472.256677
1472.256677
1472.256677
1472.256677
1472.256677
1472.256677
1472.256677
1472.256672
1472.256596
1472.255508
1472.243613
1472.152093
1472.152655
1472.171458
1472.187092
1472.199748
1472.209608
1472.216841
1472.221582
1472.223927
1510.744858
1509.350436
1506.517843
1502.19858
1496.4049
1489.277836
1481.129017
1472.431722
1472.157929
1472.243795
1472.255512
1472.256596
1472.256672
1472.256677
1472.256677
1472.256677
1472.256677
1472.256677
1472.256677
1472.256677
1472.256677
1472.256677
1472.256677
1472.256677
1472.256677
1472.256677
1472.256677
1472.256672
1472.256596
1472.255508
1472.243613
1472.152093
1472.152655
1472.171458
1472.187092
1472.199748
1472.209608
1472.216841
1472.221582
1472.223927
1535.259655
1533.082867
1528.614912
1521.704969
1512.29903
1500.58273
1487.074899
1472.61676
1472.162262
1472.243965
1472.255517
1472.256596
1472.256672
1472.256677
1472.256677
1472.256677
1472.256677
1472.256677
1472.256677
1472.256677
1472.256677
1472.256677
1472.256677
1472.256677
1472.256677
1472.256677
1472.256677
1472.256672
1472.256596
1472.255508
1472.243613
1472.152093
1472.152655
1472.171458
1472.187092
1472.199748
1472.209608
1472.216841
1472.221582
1472.223927
1574.676269
1571.352181
1564.430755
1553.519796
1538.377057
1519.210066
1496.885317
1472.921203
1472.169724
1472.24426
1472.255527
1472.256596
1472.256672
1472.256677
1472.256677
1472.256677
1472.256677
1472.256677
1472.256677
1472.256677
1472.256677
1472.256677
1472.256677
1472.256677
1472.256677
1472.256677
1472.256677
1472.256672
1472.256596
1472.255508
1472.243613
1472.152093
1472.152655
1472.171458
1472.187092
1472.199748
1472.209608
1472.216841
1472.221582
1472.223927
1637.892083
1632.9559
1622.463537
1605.47616
1581.276943
1550.002727
1513.115868
1473.422142
1472.182526
1472.244791
1472.255546
1472.256597
1472.256672
1472.256677
1472.256677
1472.256677
1472.256677
1472.256677
1472.256677
1472.256677
1472.256677
1472.256677
1472.256677
1472.256677
1472.256677
1472.256677
1472.256677
1472.256672
1472.256596
1472.255508
1472.243613
1472.152093
1472.152655
1472.171458
1472.187092
1472.199748
1472.209608
1472.216841
1472.221582
1472.223927
1739.412969
1732.365837
1716.90583
1690.880599
1652.436259
1601.362766
1540.179459
1474.249331
1472.204518
1472.245749
1472.255582
1472.256598
1472.256672
1472.256677
1472.256677
1472.256677
1472.256677
1472.256677
1472.256677
1472.256677
1472.256677
1472.256677
1472.256677
1472.256677
1472.256677
1472.256677
1472.256677
1472.256672
1472.256596
1472.255508
1472.243613
1472.152093
1472.152655
1472.171458
1472.187092
1472.199748
1472.209608
1472.216841
1472.221582
1472.223927
1903.549011
1894.120855
1872.302392
1833.255665
1772.43858
1688.529327
1586.012539
1475.626795
1472.242612
1472.247478
1472.255651
1472.2566
1472.256673
1472.256677
1472.256677
1472.256677
1472.256677
1472.256677
1472.256677
1472.256677
1472.256677
1472.256677
1472.256677
1472.256677
1472.256677
1472.256677
1472.256677
1472.256672
1472.256596
1472.255508
1472.243613
1472.152093
1472.152655
1472.171458
1472.187092
1472.199748
1472.209608
1472.216841
1472.221582
1472.223927
2172.591158
2161.584622
2133.184869
2076.547933
1980.677793
1840.982716
1665.790205
1477.956023
1472.309351
1472.250617
1472.25578
1472.256605
1472.256673
1472.256677
1472.256677
1472.256677
1472.256677
1472.256677
1472.256677
1472.256677
1472.256677
1472.256677
1472.256677
1472.256677
1472.256677
1472.256677
1472.256677
1472.256672
1472.256596
1472.255508
1472.243613
1472.152093
1472.152655
1472.171458
1472.187092
1472.199748
1472.209608
1472.216841
1472.221582
1472.223927
2623.46093
2615.326759
2585.322569
2508.921748
2359.006852
2121.122356
1811.286692
1482.002049
1472.428886
1472.256424
1472.256025
1472.256614
1472.256673
1472.256677
1472.256677
1472.256677
1472.256677
1472.256677
1472.256677
1472.256677
1472.256677
1472.256677
1472.256677
1472.256677
1472.256677
1472.256677
1472.256677
1472.256672
1472.256596
1472.255508
1472.243613
1472.152093
1472.152655
1472.171458
1472.187092
1472.199748
1472.209608
1472.216841
1472.221582
1472.223927
3402.672405
3413.318691
3405.42681
3322.894731
3096.078884
2678.040684
2098.555763
1489.514621
1472.672102
1472.268613
1472.256552
1472.256634
1472.256674
1472.256677
1472.256677
1472.256677
1472.256677
1472.256677
1472.256677
1472.256677
1472.256677
1472.256677
1472.256677
1472.256677
1472.256677
1472.256677
1472.256677
1472.256672
1472.256596
1472.255508
1472.243613
1472.152093
1472.152655
1472.171458
1472.187092
1472.199748
1472.209608
1472.216841
1472.221582
1472.223927
4800.450311
4880.892971
4982.905536
4979.332839
4683.206473
3928.39526
2749.322033
1510.396171
1475.000148
1472.353274
1472.259567
1472.256737
1472.256677
1472.256677
1472.256677
1472.256677
1472.256677
1472.256677
1472.256677
1472.256677
1472.256677
1472.256677
1472.256677
1472.256677
1472.256677
1472.256677
1472.256677
1472.256672
1472.256596
1472.255508
1472.243613
1472.152093
1472.152655
1472.171458
1472.187092
1472.199748
1472.209608
1472.216841
1472.221582
1472.223927
7403.805977
7710.148807
8223.60702
8679.960406
8575.252826
7276.681861
4622.14952
1731.843643
1642.788647
1475.198776
1472.327437
1472.258601
1472.256729
1472.256678
1472.256677
1472.256677
1472.256677
1472.256677
1472.256677
1472.256677
1472.256677
1472.256677
1472.256677
1472.256677
1472.256677
1472.256677
1472.256677
1472.256672
1472.256596
1472.255508
1472.243613
1472.152093
1472.152655
1472.171458
1472.187092
1472.199748
1472.209608
1472.216841
1472.221582
1472.223927
12385.76659
13373.09677
15281.39344
17735.29949
19551.3228
18382.26651
12136.47747
3645.510397
3365.456599
1515.685515
1473.496105
1472.290622
1472.2576
1472.256702
1472.256678
1472.256677
1472.256677
1472.256677
1472.256677
1472.256677
1472.256677
1472.256677
1472.256677
1472.256677
1472.256677
1472.256677
1472.256677
1472.256672
1472.256596
1472.255508
1472.243613
1472.152093
1472.152655
1472.171458
1472.187092
1472.199748
1472.209608
1472.216841
1472.221582
1472.223927
21944.17133
24832.29432
31084.52904
41140.00396
53681.54979
62052.79605
52464.41554
20238.24406
18616.36221
1695.291658
1480.376152
1472.538895
1472.26577
1472.256953
1472.256685
1472.256677
1472.256677
1472.256677
1472.256677
1472.256677
1472.256677
1472.256677
1472.256677
1472.256677
1472.256677
1472.256677
1472.256677
1472.256672
1472.256596
1472.255508
1472.243613
1472.152093
1472.152655
1472.171458
1472.187092
1472.199748
1472.209608
1472.216841
1472.221582
1472.223927
39651.21241
47280.81087
65505.6927
100409.1576
158947.6192
237167.4307
291339.4435
224779.2239
215542.1774
2325.705628
1505.377738
1473.633165
1472.308949
1472.258493
1472.256735
1472.256679
1472.256677
1472.256677
1472.256677
1472.256677
1472.256677
1472.256677
1472.256677
1472.256677
1472.256677
1472.256677
1472.256677
1472.256672
1472.256596
1472.255508
1472.243613
1472.152093
1472.152655
1472.171458
1472.187092
1472.199748
1472.209608
1472.216841
1472.221582
1472.223927
69908.08811
87579.44317
133291.6658
233146.0234
436338.406
805056.0255
1335096.426
1775661.477
1768146.037
4501.345647
1574.404756
1477.03022
1472.460881
1472.264554
1472.256953
1472.256686
1472.256677
1472.256677
1472.256677
1472.256677
1472.256677
1472.256677
1472.256677
1472.256677
1472.256677
1472.256677
1472.256677
1472.256672
1472.256596
1472.255508
1472.243613
1472.152093
1472.152655
1472.171458
1472.187092
1472.199748
1472.209608
1472.216841
1472.221582
1472.223927
115504.8856
150337.652
245356.3804
470620.1905
980771.3344
2044531.436
3935574.028
6393261.129
6264043.881
12352.02431
1727.488791
1484.965525
1472.844845
1472.280924
1472.257575
1472.256707
1472.256678
1472.256677
1472.256677
1472.256677
1472.256677
1472.256677
1472.256677
1472.256677
1472.256677
1472.256677
1472.256677
1472.256672
1472.256596
1472.255508
1472.243613
1472.152093
1472.152655
1472.171458
1472.187092
1472.199748
1472.209608
1472.216841
1472.221582
1472.223927
173761.0514
230838.8497
389896.2322
777929.6979
1687851.371
3676952.731
7525563.971
10074304.67
11705426.16
38323.81227
2008.088822
1499.515376
1473.590181
1472.314108
1472.258875
1472.256753
1472.256679
1472.256677
1472.256677
1472.256677
1472.256677
1472.256677
1472.256677
1472.256677
1472.256677
1472.256677
1472.256677
1472.256672
1472.256596
1472.255508
1472.243613
1472.152093
1472.152655
1472.171458
1472.187092
1472.199748
1472.209608
1472.216841
1472.221582
1472.223927
235176.8254
312921.7833
526817.4102
1035811.073
2183939.156
4579583.116
8897091.771
11723676.2
12440960.32
90254.19184
2417.678742
1520.527645
1474.733852
1472.367478
1472.26104
1472.256831
1472.256682
1472.256677
1472.256677
1472.256677
1472.256677
1472.256677
1472.256677
1472.256677
1472.256677
1472.256677
1472.256677
1472.256672
1472.256596
1472.255508
1472.243613
1472.152093
1472.152655
1472.171458
1472.187092
1472.199747
1472.209608
1472.216841
1472.221582
1472.223927
287392.2418
376839.3585
612743.8981
1134183.463
2201408.969
4221428.278
7646096.477
12410067.4
12693868.31
141222.5599
2818.597972
1541.469234
1475.957649
1472.427603
1472.263568
1472.256924
1472.256685
1472.256677
1472.256677
1472.256677
1472.256677
1472.256677
1472.256677
1472.256677
1472.256677
1472.256677
1472.256677
1472.256672
1472.256596
1472.255508
1472.243613
1472.152093
1472.152655
1472.171458
1472.187092
1472.199747
1472.209608
1472.216841
1472.221582
1472.223927
322501.4657
414228.6058
642530.3126
1096768.664
1892836.567
3167276.67
5395257.616
10850961.1
12024814.65
131013.0735
2822.560956
1543.792398
1476.175296
1472.441153
1472.264225
1472.25695
1472.256686
1472.256677
1472.256677
1472.256677
1472.256677
1472.256677
1472.256677
1472.256677
1472.256677
1472.256677
1472.256677
1472.256672
1472.256596
1472.255508
1472.243613
1472.152093
1472.152655
1472.171458
1472.187092
1472.199747
1472.209608
1472.216841
1472.221582
1472.223927
339158.8301
428983.7487
641484.0404
1019304.792
1527468.481
1866216.26
1268416.12
340947.9037
298060.0522
5491.246751
1701.914516
1488.20742
1473.187889
1472.302275
1472.258601
1472.256749
1472.256679
1472.256677
1472.256677
1472.256677
1472.256677
1472.256677
1472.256677
1472.256677
1472.256677
1472.256677
1472.256677
1472.256672
1472.256596
1472.255508
1472.243613
1472.152093
1472.152655
1472.171458
1472.187092
1472.199747
1472.209608
1472.216841
1472.221582
1472.223927
)
;

boundaryField
{
    lowerWall
    {
        type            calculated;
        value           nonuniform List<scalar> 
80
(
1472.223927
1472.223927
1472.223927
1472.223927
1472.223927
1472.223927
1472.223927
1472.223927
1472.223927
1472.223927
1472.223927
1472.223927
1472.223927
1472.223927
1472.223927
1472.223927
1472.223927
1472.223927
1472.223927
1472.223927
1472.223927
1472.223927
1472.223927
1472.223927
1472.223927
1472.223927
1472.223927
1472.223927
1472.223927
1472.223927
1472.223927
1472.223927
1472.223927
1472.223927
1472.223927
1472.223927
1472.223927
1472.223927
1472.223927
1472.223927
1472.223927
1472.223927
1472.223927
1472.223927
1472.223927
1472.223927
1472.223927
1472.223927
1472.223927
1472.223927
1472.223927
1472.223927
1472.223927
1472.223927
1472.223927
1472.223927
1472.223927
1472.223927
1472.223927
1472.223927
1472.223927
1472.223927
1472.223927
1472.223927
1472.223927
1472.223927
1472.223927
1472.223927
1472.223927
1472.223927
1472.223927
1472.223927
1472.223927
1472.223927
1472.223927
1472.223927
1472.223927
1472.223927
1472.223927
1472.223927
)
;
    }
    atmosphere
    {
        type            calculated;
        value           nonuniform List<scalar> 
80
(
7060.129935
8573.799586
12651.50031
22587.09347
47838.71321
114484.2124
285547.2876
675246.7103
1392135.011
2403235.604
3387585.713
3576803.995
2849961.086
1819952.882
956121.7388
434006.8311
179024.8613
71526.62882
29768.28743
13742.29569
7289.390315
4469.081693
3120.002469
2420.465433
2034.003135
1810.63549
1677.687275
1597.194731
1548.064528
1518.021489
1499.694104
1488.571655
1481.868892
1477.862616
1475.489453
1474.096926
1473.287765
1472.822259
1472.55718
1472.407829
1472.324677
1472.279125
1472.25495
1472.24326
1472.239632
1472.242634
1472.25333
1472.275603
1472.317379
1472.393083
1472.527958
1472.765323
1473.178521
1473.890384
1475.104535
1477.154736
1480.582715
1486.259958
1495.577748
1510.744858
1535.259655
1574.676269
1637.892083
1739.412969
1903.549011
2172.591158
2623.46093
3402.672405
4800.450311
7403.805977
12385.76659
21944.17133
39651.21241
69908.08811
115504.8856
173761.0514
235176.8254
287392.2418
322501.4657
339158.8301
)
;
    }
    rightWall
    {
        type            empty;
    }
    leftWall
    {
        type            empty;
    }
    frontAndBack
    {
        type            calculated;
        value           nonuniform List<scalar> 
80
(
7059.502048
6851.381322
6393.155184
5647.081463
4635.756189
3480.976301
2377.126802
1495.485282
1472.794671
1472.111622
1472.080783
1472.079894
1472.079892
1472.079894
1472.079894
1472.079894
1472.079894
1472.079894
1472.079894
1472.079894
1472.079894
1472.079894
1472.079894
1472.079894
1472.079894
1472.079894
1472.079894
1472.079889
1472.079813
1472.078725
1472.066831
1471.97532
1471.975882
1471.994683
1472.010316
1472.02297
1472.032829
1472.040061
1472.044802
1472.047147
339148.2326
428971.4629
641468.3777
1019284.472
1527443.496
1866188.824
1268393.337
340937.2706
298050.2985
5490.732623
1701.715374
1488.029063
1473.011014
1472.125488
1472.081818
1472.079965
1472.079896
1472.079894
1472.079894
1472.079894
1472.079894
1472.079894
1472.079894
1472.079894
1472.079894
1472.079894
1472.079894
1472.079889
1472.079813
1472.078725
1472.066831
1471.97532
1471.975882
1471.994683
1472.010316
1472.02297
1472.032829
1472.040061
1472.044802
1472.047147
)
;
    }
}


// ************************************************************************* //
