/*--------------------------------*- C++ -*----------------------------------*\
| =========                 |                                                 |
| \\      /  F ield         | OpenFOAM: The Open Source CFD Toolbox           |
|  \\    /   O peration     | Version:  2506                                  |
|   \\  /    A nd           | Website:  www.openfoam.com                      |
|    \\/     M anipulation  |                                                 |
\*---------------------------------------------------------------------------*/
FoamFile
{
    version     2.0;
    format      ascii;
    arch        "LSB;label=32;scalar=64";
    class       volScalarField;
    location    "0.001";
    object      T;
}
// * * * * * * * * * * * * * * * * * * * * * * * * * * * * * * * * * * * * * //

dimensions      [0 0 0 1 0 0 0];

internalField   nonuniform List<scalar> 
3200
(
347.3965279
346.34835
343.9483181
339.7302307
333.2361752
324.2482435
313.0242699
300.4110776
300.0126332
300.0005609
300.0000157
300
300
300
300
300
300
300
300
300
300
300
300
300
300
300
300
299.9999999
299.9999986
299.9999793
299.9997691
299.9981513
299.9981612
299.9984936
299.99877
299.9989937
299.999168
299.9992958
299.9993796
299.9994211
354.3621793
353.3465888
350.9123769
346.4122483
339.1782894
328.8345135
315.5847932
300.4933513
300.0163876
300.0008174
300.0000298
300.0000006
300
300
300
300
300
300
300
300
300
300
300
300
300
300
300
299.9999999
299.9999986
299.9999793
299.9997691
299.9981513
299.9981612
299.9984936
299.99877
299.9989937
299.999168
299.9992958
299.9993796
299.9994211
369.2135274
368.3468411
365.9711016
361.011801
352.3063863
339.094193
321.3711611
300.6797302
300.0251617
300.001434
300.0000647
300.0000023
300.0000001
300
300
300
300
300
300
300
300
300
300
300
300
300
300
299.9999999
299.9999986
299.9999793
299.9997691
299.9981513
299.9981612
299.9984936
299.99877
299.9989937
299.999168
299.9992958
299.9993796
299.9994211
393.8755766
393.5056953
391.6260366
386.3281841
375.5081417
357.6224894
332.0163601
301.0249127
300.0425534
300.0027589
300.0001468
300.0000066
300.0000003
300
300
300
300
300
300
300
300
300
300
300
300
300
300
299.9999999
299.9999986
299.9999793
299.9997691
299.9981513
299.9981612
299.9984936
299.99877
299.9989937
299.999168
299.9992958
299.9993796
299.9994211
431.3500587
432.3585319
432.1665112
427.3119985
414.0710593
389.4377467
350.9648377
301.6632823
300.0858315
300.0072925
300.0005239
300.000032
300.0000017
300.0000001
300
300
300
300
300
300
300
300
300
300
300
300
300
299.9999999
299.9999986
299.9999793
299.9997691
299.9981513
299.9981612
299.9984936
299.99877
299.9989937
299.999168
299.9992958
299.9993796
299.9994211
485.4098934
489.8763792
494.4191766
492.2147585
477.2264522
443.9713088
385.4059895
303.2241443
300.3701737
300.0531779
300.0052457
300.0003893
300.0000232
300.0000012
300.0000001
300
300
300
300
300
300
300
300
300
300
300
300
299.9999999
299.9999986
299.9999793
299.9997691
299.9981513
299.9981612
299.9984936
299.99877
299.9989937
299.999168
299.9992958
299.9993796
299.9994211
559.5579131
571.4792589
587.3981678
594.3782676
580.3701062
538.5445236
453.1848272
313.3450293
304.1149882
300.716272
300.0748856
300.0056603
300.0003387
300.0000169
300.0000007
300
300
300
300
300
300
300
300
300
300
300
300
299.9999999
299.9999986
299.9999793
299.9997691
299.9981513
299.9981612
299.9984936
299.99877
299.9989937
299.999168
299.9992958
299.9993796
299.9994211
654.9695837
681.1900956
720.7067154
752.9961276
749.3524028
705.37505
595.381441
428.7315715
350.0031568
308.6554257
300.8912396
300.0663504
300.0039126
300.0001925
300.0000082
300.0000003
300
300
300
300
300
300
300
300
300
300
300
299.9999999
299.9999986
299.9999793
299.9997691
299.9981513
299.9981612
299.9984936
299.99877
299.9989937
299.999168
299.9992958
299.9993796
299.9994211
766.5935807
815.2718246
896.3293785
985.8444471
1023.827269
991.5589216
913.2976013
798.9451654
772.8507032
374.9850105
307.3572287
300.5334845
300.0309208
300.0015007
300.0000629
300.0000023
300.0000001
300
300
300
300
300
300
300
300
300
300
299.9999999
299.9999986
299.9999793
299.9997691
299.9981513
299.9981612
299.9984936
299.99877
299.9989937
299.999168
299.9992958
299.9993796
299.9994211
882.0488811
961.6171298
1102.792608
1287.3603
1426.894918
1443.066871
1808.054676
3897.176117
4767.229797
702.4189369
334.08872
302.3288456
300.1315417
300.0062988
300.0002615
300.0000096
300.0000003
300
300
300
300
300
300
300
300
300
300
299.9999999
299.9999986
299.9999793
299.9997691
299.9981513
299.9981612
299.9984936
299.99877
299.9989937
299.999168
299.9992958
299.9993796
299.9994211
976.0346725
1087.137791
1287.641339
1562.587292
1838.556626
1918.95753
2298.72132
3694.836778
3842.126537
764.6208636
334.3963393
302.2760468
300.1257701
300.0059126
300.0002418
300.0000088
300.0000003
300
300
300
300
300
300
300
300
300
300
299.9999999
299.9999986
299.9999793
299.9997691
299.9981513
299.9981612
299.9984936
299.99877
299.9989937
299.999168
299.9992958
299.9993796
299.9994211
992.9385312
1123.45923
1381.726821
1757.691001
2170.92056
2502.710972
2893.390814
4592.62903
5086.203946
1202.971176
341.0124132
301.9076765
300.090403
300.0039778
300.0001569
300.0000055
300.0000002
300
300
300
300
300
300
300
300
300
300
299.9999999
299.9999986
299.9999793
299.9997691
299.9981513
299.9981612
299.9984936
299.99877
299.9989937
299.999168
299.9992958
299.9993796
299.9994211
926.1730851
1044.712007
1314.020888
1743.322901
2305.826412
2900.887294
3280.530213
3658.727444
5014.278466
744.6111362
318.4434488
300.9867461
300.0483393
300.002086
300.00008
300.0000028
300.0000001
300
300
300
300
300
300
300
300
300
300
299.9999999
299.9999986
299.9999793
299.9997691
299.9981513
299.9981612
299.9984936
299.99877
299.9989937
299.999168
299.9992958
299.9993796
299.9994211
818.9667639
896.0621215
1076.35829
1426.199888
2125.459636
3104.733268
3328.538516
3398.115868
2575.612613
437.248149
308.5972549
300.4606984
300.0214497
300.0008848
300.0000328
300.0000011
300
300
300
300
300
300
300
300
300
300
300
299.9999999
299.9999986
299.9999793
299.9997691
299.9981513
299.9981612
299.9984936
299.99877
299.9989937
299.999168
299.9992958
299.9993796
299.9994211
704.0319113
754.0334916
871.9671425
1099.255079
1528.324055
2339.415451
3245.176454
2774.23062
1282.237416
364.7159362
303.6069999
300.1739023
300.0074532
300.0002875
300.0000101
300.0000003
300
300
300
300
300
300
300
300
300
300
300
299.9999999
299.9999986
299.9999793
299.9997691
299.9981513
299.9981612
299.9984936
299.99877
299.9989937
299.999168
299.9992958
299.9993796
299.9994211
602.0623661
633.6400319
707.2820092
847.4300311
1097.527469
1522.005839
2268.689105
2511.823369
763.3133726
325.5841389
301.1979382
300.0502227
300.0019078
300.0000663
300.0000021
300.0000001
300
300
300
300
300
300
300
300
300
300
300
299.9999999
299.9999986
299.9999793
299.9997691
299.9981513
299.9981612
299.9984936
299.99877
299.9989937
299.999168
299.9992958
299.9993796
299.9994211
518.9541866
537.2922194
578.1984919
648.9566876
758.0313602
902.4670681
1027.831463
687.0532758
476.9043868
307.6834072
300.2957377
300.0103006
300.0003319
300.0000101
300.0000003
300
300
300
300
300
300
300
300
300
300
300
300
299.9999999
299.9999986
299.9999793
299.9997691
299.9981513
299.9981612
299.9984936
299.99877
299.9989937
299.999168
299.9992958
299.9993796
299.9994211
454.6397974
464.359106
484.6953108
515.4702737
552.527249
580.7444944
562.46914
363.1947476
348.1348483
301.5691836
300.0452609
300.0012403
300.0000338
300.0000009
300
300
300
300
300
300
300
300
300
300
300
300
300
299.9999999
299.9999986
299.9999793
299.9997691
299.9981513
299.9981612
299.9984936
299.99877
299.9989937
299.999168
299.9992958
299.9993796
299.9994211
406.8558199
411.4033244
420.1537014
431.2772402
439.9179341
436.1183176
402.8047257
310.2062939
306.0104788
300.1084658
300.0026099
300.0000717
300.000002
300.0000001
300
300
300
300
300
300
300
300
300
300
300
300
300
299.9999999
299.9999986
299.9999793
299.9997691
299.9981513
299.9981612
299.9984936
299.99877
299.9989937
299.999168
299.9992958
299.9993796
299.9994211
372.5368066
374.3284312
377.3425612
379.9932993
379.1561101
369.8349286
345.5822545
301.7552658
300.1591233
300.0046586
300.0001335
300.0000037
300.0000001
300
300
300
300
300
300
300
300
300
300
300
300
300
300
299.9999999
299.9999986
299.9999793
299.9997691
299.9981513
299.9981612
299.9984936
299.99877
299.9989937
299.999168
299.9992958
299.9993796
299.9994211
348.5231177
348.9983033
349.4968356
348.989984
345.7976455
337.6930159
322.606546
300.7738635
300.0737317
300.0015621
300.0000239
300
300
300
300
300
300
300
300
300
300
300
300
300
300
300
300
299.9999999
299.9999986
299.9999793
299.9997691
299.9981513
299.9981612
299.9984936
299.99877
299.9989937
299.999168
299.9992958
299.9993796
299.9994211
332.0559386
331.9898833
331.5668137
330.2007823
327.0584313
321.2191871
312.1161103
300.3851287
300.009871
300.0002516
299.9999979
299.9999992
299.9999999
300
300
300
300
300
300
300
300
300
300
300
300
300
300
299.9999999
299.9999986
299.9999793
299.9997691
299.9981513
299.9981612
299.9984936
299.99877
299.9989937
299.999168
299.9992958
299.9993796
299.9994211
320.9400753
320.7046389
320.0671346
318.7163272
316.2554612
312.3306976
306.8450767
300.26535
300.0600318
300.0008934
299.999996
299.9999989
299.9999999
300
300
300
300
300
300
300
300
300
300
300
300
300
300
299.9999999
299.9999986
299.9999793
299.9997691
299.9981513
299.9981612
299.9984936
299.99877
299.9989937
299.999168
299.9992958
299.9993796
299.9994211
313.5348525
313.2881203
312.7050093
311.6279325
309.8757433
307.3212142
303.9847158
300.1258175
300.0022313
299.9999195
299.9999846
299.9999987
299.9999999
300
300
300
300
300
300
300
300
300
300
300
300
300
300
299.9999999
299.9999986
299.9999793
299.9997691
299.9981513
299.9981612
299.9984936
299.99877
299.9989937
299.999168
299.9992958
299.9993796
299.9994211
308.6592923
308.4552411
308.0013103
307.2210823
306.0354471
304.4048966
302.3698027
300.0748824
300.0008465
299.999858
299.9999822
299.9999987
299.9999999
300
300
300
300
300
300
300
300
300
300
300
300
300
300
299.9999999
299.9999986
299.9999793
299.9997691
299.9981513
299.9981612
299.9984936
299.99877
299.9989937
299.999168
299.9992958
299.9993796
299.9994211
305.4844306
305.3327045
305.0068815
304.4715838
303.6945614
302.6692074
301.434653
300.0935755
300.0542199
300.0006504
299.9999874
299.9999986
299.9999999
300
300
300
300
300
300
300
300
300
300
300
300
300
300
299.9999999
299.9999986
299.9999793
299.9997691
299.9981513
299.9981612
299.9984936
299.99877
299.9989937
299.999168
299.9992958
299.9993796
299.9994211
303.4390447
303.3329718
303.1103969
302.7557746
302.2571171
301.6169643
300.8594357
300.0273379
299.999621
299.9998055
299.9999802
299.9999986
299.9999999
300
300
300
300
300
300
300
300
300
300
300
300
300
300
299.9999999
299.9999986
299.9999793
299.9997691
299.9981513
299.9981612
299.9984936
299.99877
299.9989937
299.999168
299.9992958
299.9993796
299.9994211
302.1351171
302.063953
301.9170238
301.6879905
301.3732629
300.9772839
300.5155681
300.0143991
299.998511
299.9997818
299.9999797
299.9999986
299.9999999
300
300
300
300
300
300
300
300
300
300
300
300
300
300
299.9999999
299.9999986
299.9999793
299.9997691
299.9981513
299.9981612
299.9984936
299.99877
299.9989937
299.999168
299.9992958
299.9993796
299.9994211
301.3124723
301.2661536
301.1716421
301.0266852
300.8309199
300.5884014
300.3089098
300.0078566
299.99835
299.9997758
299.9999795
299.9999986
299.9999999
300
300
300
300
300
300
300
300
300
300
300
300
300
300
299.9999999
299.9999986
299.9999793
299.9997691
299.9981513
299.9981612
299.9984936
299.99877
299.9989937
299.999168
299.9992958
299.9993796
299.9994211
300.798794
300.7693586
300.7098307
300.6196724
300.4996071
300.3527946
300.1850676
300.0040374
299.9982651
299.9997724
299.9999794
299.9999986
299.9999999
300
300
300
300
300
300
300
300
300
300
300
300
300
300
299.9999999
299.9999986
299.9999793
299.9997691
299.9981513
299.9981612
299.9984936
299.99877
299.9989937
299.999168
299.9992958
299.9993796
299.9994211
300.4813116
300.4629737
300.4261551
300.3709945
300.2985563
300.2114479
300.1132944
300.0037054
299.9989571
299.9997816
299.9999794
299.9999986
299.9999999
300
300
300
300
300
300
300
300
300
300
300
300
300
300
299.9999999
299.9999986
299.9999793
299.9997691
299.9981513
299.9981612
299.9984936
299.99877
299.9989937
299.999168
299.9992958
299.9993796
299.9994211
300.28708
300.275848
300.2534358
300.2202112
300.1773624
300.1277886
300.0780112
300.0457543
300.0474315
300.0005047
299.9999849
299.9999986
299.9999999
300
300
300
300
300
300
300
300
300
300
300
300
300
300
299.9999999
299.9999986
299.9999793
299.9997691
299.9981513
299.9981612
299.9984936
299.99877
299.9989937
299.999168
299.9992958
299.9993796
299.9994211
300.1694523
300.1626677
300.1491869
300.1293218
300.1038313
300.0740786
300.0412713
300.0014632
299.9989168
299.9997802
299.9999793
299.9999986
299.9999999
300
300
300
300
300
300
300
300
300
300
300
300
300
300
299.9999999
299.9999986
299.9999793
299.9997691
299.9981513
299.9981612
299.9984936
299.99877
299.9989937
299.999168
299.9992958
299.9993796
299.9994211
300.0989365
300.0948859
300.086858
300.0750588
300.0599084
300.0420397
300.0219089
299.9989461
299.9981629
299.9997688
299.9999793
299.9999986
299.9999999
300
300
300
300
300
300
300
300
300
300
300
300
300
300
299.9999999
299.9999986
299.9999793
299.9997691
299.9981513
299.9981612
299.9984936
299.99877
299.9989937
299.999168
299.9992958
299.9993796
299.9994211
300.0570914
300.0546967
300.0499583
300.0430031
300.0340638
300.0234747
300.0115625
299.9985631
299.9981515
299.9997687
299.9999793
299.9999986
299.9999999
300
300
300
300
300
300
300
300
300
300
300
300
300
300
299.9999999
299.9999986
299.9999793
299.9997691
299.9981513
299.9981612
299.9984936
299.99877
299.9989937
299.999168
299.9992958
299.9993796
299.9994211
300.0325118
300.0311061
300.0283278
300.0242538
300.0190164
300.0128057
300.0058442
299.9983832
299.9981486
299.9997688
299.9999793
299.9999986
299.9999999
300
300
300
300
300
300
300
300
300
300
300
300
300
300
299.9999999
299.9999986
299.9999793
299.9997691
299.9981513
299.9981612
299.9984936
299.99877
299.9989937
299.999168
299.9992958
299.9993796
299.9994211
300.0182204
300.0173975
300.0157722
300.0133904
300.0103281
300.0066942
300.0026252
299.998284
299.9981481
299.9997687
299.9999793
299.9999986
299.9999999
300
300
300
300
300
300
300
300
300
300
300
300
300
300
299.9999999
299.9999986
299.9999793
299.9997691
299.9981513
299.9981612
299.9984936
299.99877
299.9989937
299.999168
299.9992958
299.9993796
299.9994211
300.0099957
300.0095117
300.008556
300.0071551
300.0053523
300.0032087
300.0008024
299.9982281
299.998148
299.9997687
299.9999793
299.9999986
299.9999999
300
300
300
300
300
300
300
300
300
300
300
300
300
300
299.9999999
299.9999986
299.9999793
299.9997691
299.9981513
299.9981612
299.9984936
299.99877
299.9989937
299.999168
299.9992958
299.9993796
299.9994211
300.0053113
300.0050219
300.0044502
300.0036109
300.0025278
300.0012341
299.9997723
299.9981932
299.9981442
299.9997684
299.9999793
299.9999986
299.9999999
300
300
300
300
300
300
300
300
300
300
300
300
300
300
299.9999999
299.9999986
299.9999793
299.9997691
299.9981513
299.9981612
299.9984936
299.99877
299.9989937
299.999168
299.9992958
299.9993796
299.9994211
300.0026717
300.0024927
300.0021386
300.0016169
300.0009403
300.0001259
299.999196
299.9981782
299.998147
299.9997685
299.9999793
299.9999986
299.9999999
300
300
300
300
300
300
300
300
300
300
300
300
300
300
299.9999999
299.9999986
299.9999793
299.9997691
299.9981513
299.9981612
299.9984936
299.99877
299.9989937
299.999168
299.9992958
299.9993796
299.9994211
300.001202
300.0010848
300.0008524
300.0005082
300.0000582
299.9995109
299.9988772
299.9981716
299.9981501
299.9997686
299.9999793
299.9999986
299.9999999
300
300
300
300
300
300
300
300
300
300
300
300
300
300
299.9999999
299.9999986
299.9999793
299.9997691
299.9981513
299.9981612
299.9984936
299.99877
299.9989937
299.999168
299.9992958
299.9993796
299.9994211
300.0003968
300.0003137
300.0001481
299.9999014
299.9995758
299.9991748
299.998703
299.9981665
299.9981501
299.9997687
299.9999793
299.9999986
299.9999999
300
300
300
300
300
300
300
300
300
300
300
300
300
300
299.9999999
299.9999986
299.9999793
299.9997691
299.9981513
299.9981612
299.9984936
299.99877
299.9989937
299.999168
299.9992958
299.9993796
299.9994211
299.9999695
299.9999045
299.9997745
299.9995797
299.9993202
299.9989967
299.9986107
299.9981639
299.9981503
299.9997688
299.9999793
299.9999986
299.9999999
300
300
300
300
300
300
300
300
300
300
300
300
300
300
299.9999999
299.9999986
299.9999793
299.9997691
299.9981513
299.9981612
299.9984936
299.99877
299.9989937
299.999168
299.9992958
299.9993796
299.9994211
299.9997628
299.9997067
299.999594
299.9994242
299.9991967
299.9989108
299.998566
299.9981621
299.9981499
299.9997688
299.9999793
299.9999986
299.9999999
300
300
300
300
300
300
300
300
300
300
300
300
300
300
299.9999999
299.9999986
299.9999793
299.9997691
299.9981513
299.9981612
299.9984936
299.99877
299.9989937
299.999168
299.9992958
299.9993796
299.9994211
299.9996987
299.9996453
299.999538
299.9993761
299.9991585
299.9988843
299.9985523
299.9981616
299.9981498
299.9997688
299.9999793
299.9999986
299.9999999
300
300
300
300
300
300
300
300
300
300
300
300
300
300
299.9999999
299.9999986
299.9999793
299.9997691
299.9981513
299.9981612
299.9984936
299.99877
299.9989937
299.999168
299.9992958
299.9993796
299.9994211
299.9997518
299.9996961
299.9995845
299.9994162
299.9991906
299.9989068
299.9985642
299.998162
299.9981498
299.9997687
299.9999793
299.9999986
299.9999999
300
300
300
300
300
300
300
300
300
300
300
300
300
300
299.9999999
299.9999986
299.9999793
299.9997691
299.9981513
299.9981612
299.9984936
299.99877
299.9989937
299.999168
299.9992958
299.9993796
299.9994211
299.9999408
299.9998772
299.9997499
299.999559
299.9993047
299.9989874
299.9986069
299.9981635
299.99815
299.9997686
299.9999793
299.9999986
299.9999999
300
300
300
300
300
300
300
300
300
300
300
300
300
300
299.9999999
299.9999986
299.9999793
299.9997691
299.9981513
299.9981612
299.9984936
299.99877
299.9989937
299.999168
299.9992958
299.9993796
299.9994211
300.0003345
300.0002544
300.0000947
299.9998572
299.9995445
299.9991593
299.9987007
299.9981667
299.9981504
299.9997684
299.9999793
299.9999986
299.9999999
300
300
300
300
300
300
300
300
300
300
300
300
300
300
299.9999999
299.9999986
299.9999793
299.9997691
299.9981513
299.9981612
299.9984936
299.99877
299.9989937
299.999168
299.9992958
299.9993796
299.9994211
300.001073
300.000962
300.0007424
300.0004198
300.0000033
299.9995003
299.9988995
299.9981733
299.9981509
299.9997683
299.9999792
299.9999986
299.9999999
300
300
300
300
300
300
300
300
300
300
300
300
300
300
299.9999999
299.9999986
299.9999793
299.9997691
299.9981513
299.9981612
299.9984936
299.99877
299.9989937
299.999168
299.9992958
299.9993796
299.9994211
300.002411
300.002245
300.001919
300.0014489
300.0008629
300.0001839
299.9993544
299.9981884
299.9981507
299.9997683
299.9999792
299.9999986
299.9999999
300
300
300
300
300
300
300
300
300
300
300
300
300
300
299.9999999
299.9999986
299.9999793
299.9997691
299.9981513
299.9981612
299.9984936
299.99877
299.9989937
299.999168
299.9992958
299.9993796
299.9994211
300.0047948
300.0045318
300.0040202
300.0033007
300.0024574
300.0015834
300.0005127
299.9982647
299.9981551
299.9997684
299.9999793
299.9999986
299.9999999
300
300
300
300
300
300
300
300
300
300
300
300
300
300
299.9999999
299.9999986
299.9999793
299.9997691
299.9981513
299.9981612
299.9984936
299.99877
299.9989937
299.999168
299.9992958
299.9993796
299.9994211
300.0089896
300.0085569
300.0077203
300.0065696
300.0053246
300.0043643
300.0036956
299.9996301
299.9986412
299.9997758
299.9999793
299.9999986
299.9999999
300
300
300
300
300
300
300
300
300
300
300
300
300
300
299.9999999
299.9999986
299.9999793
299.9997691
299.9981513
299.9981612
299.9984936
299.99877
299.9989937
299.999168
299.9992958
299.9993796
299.9994211
300.0162904
300.0155612
300.0141466
300.0121901
300.0101036
300.0089911
300.0118551
300.0286701
300.0309986
300.0002487
299.9999829
299.9999986
299.9999999
300
300
300
300
300
300
300
300
300
300
300
300
300
300
299.9999999
299.9999986
299.9999793
299.9997691
299.9981513
299.9981612
299.9984936
299.99877
299.9989937
299.999168
299.9992958
299.9993796
299.9994211
300.0288645
300.0276234
300.0251853
300.0216766
300.0173867
300.0128059
300.0080969
299.9997667
299.9986432
299.9997761
299.9999794
299.9999986
299.9999999
300
300
300
300
300
300
300
300
300
300
300
300
300
300
299.9999999
299.9999986
299.9999793
299.9997691
299.9981513
299.9981612
299.9984936
299.99877
299.9989937
299.999168
299.9992958
299.9993796
299.9994211
300.0502991
300.0481989
300.0440419
300.0379442
300.0301393
300.0209689
300.0106249
299.9985786
299.9981599
299.999769
299.9999793
299.9999986
299.9999999
300
300
300
300
300
300
300
300
300
300
300
300
300
300
299.9999999
299.9999986
299.9999793
299.9997691
299.9981513
299.9981612
299.9984936
299.99877
299.9989937
299.999168
299.9992958
299.9993796
299.9994211
300.0864605
300.0829419
300.0759474
300.0656044
300.0521892
300.0361661
300.018138
299.9987729
299.9981611
299.9997689
299.9999793
299.9999986
299.9999999
300
300
300
300
300
300
300
300
300
300
300
300
300
300
299.9999999
299.9999986
299.9999793
299.9997691
299.9981513
299.9981612
299.9984936
299.99877
299.9989937
299.999168
299.9992958
299.9993796
299.9994211
300.146831
300.141004
300.1293758
300.1120797
300.0894866
300.0623254
300.0317293
299.9991959
299.9981698
299.9997691
299.9999793
299.9999986
299.9999999
300
300
300
300
300
300
300
300
300
300
300
300
300
300
299.9999999
299.9999986
299.9999793
299.9997691
299.9981513
299.9981612
299.9984936
299.99877
299.9989937
299.999168
299.9992958
299.9993796
299.9994211
300.246561
300.2370414
300.217955
300.1893736
300.1517596
300.1062353
300.0547288
299.9999138
299.9981846
299.9997696
299.9999793
299.9999986
299.9999999
300
300
300
300
300
300
300
300
300
300
300
300
300
300
299.9999999
299.9999986
299.9999793
299.9997691
299.9981513
299.9981612
299.9984936
299.99877
299.9989937
299.999168
299.9992958
299.9993796
299.9994211
300.4095661
300.3942613
300.3633876
300.3167531
300.254797
300.1791634
300.0930467
300.001111
299.9982103
299.9997705
299.9999793
299.9999986
299.9999999
300
300
300
300
300
300
300
300
300
300
300
300
300
300
299.9999999
299.9999986
299.9999793
299.9997691
299.9981513
299.9981612
299.9984936
299.99877
299.9989937
299.999168
299.9992958
299.9993796
299.9994211
300.6731213
300.6489819
300.599889
300.5248838
300.4239958
300.2994475
300.1564413
300.003094
299.9982545
299.9997723
299.9999794
299.9999986
299.9999999
300
300
300
300
300
300
300
300
300
300
300
300
300
300
299.9999999
299.9999986
299.9999793
299.9997691
299.9981513
299.9981612
299.9984936
299.99877
299.9989937
299.999168
299.9992958
299.9993796
299.9994211
301.0945446
301.0573491
300.9808674
300.8622215
300.7000047
300.4967785
300.2608511
300.0063642
299.9983311
299.9997753
299.9999795
299.9999986
299.9999999
300
300
300
300
300
300
300
300
300
300
300
300
300
300
299.9999999
299.9999986
299.9999793
299.9997691
299.9981513
299.9981612
299.9984936
299.99877
299.9989937
299.999168
299.9992958
299.9993796
299.9994211
301.7606833
301.7050387
301.5888645
301.4048664
301.1477372
300.8192744
300.4323738
300.0117441
299.998463
299.9997805
299.9999797
299.9999986
299.9999999
300
300
300
300
300
300
300
300
300
300
300
300
300
300
299.9999999
299.9999986
299.9999793
299.9997691
299.9981513
299.9981612
299.9984936
299.99877
299.9989937
299.999168
299.9992958
299.9993796
299.9994211
302.8009648
302.720933
302.5501551
302.2717292
301.8708917
301.3453295
300.7141249
300.0205942
299.9986893
299.9997899
299.99998
299.9999986
299.9999999
300
300
300
300
300
300
300
300
300
300
300
300
300
300
299.9999999
299.9999986
299.9999793
299.9997691
299.9981513
299.9981612
299.9984936
299.99877
299.9989937
299.999168
299.9992958
299.9993796
299.9994211
304.4046126
304.2958099
304.0558409
303.6478462
303.0356282
302.2039464
301.1784514
300.0352028
299.999078
299.9998068
299.9999806
299.9999986
299.9999999
300
300
300
300
300
300
300
300
300
300
300
300
300
300
299.9999999
299.9999986
299.9999793
299.9997691
299.9981513
299.9981612
299.9984936
299.99877
299.9989937
299.999168
299.9992958
299.9993796
299.9994211
306.8419791
306.7067306
306.3916151
305.8200945
304.90974
303.6107324
301.9497271
300.0595146
299.9997514
299.9998374
299.9999819
299.9999986
299.9999999
300
300
300
300
300
300
300
300
300
300
300
300
300
300
299.9999999
299.9999986
299.9999793
299.9997691
299.9981513
299.9981612
299.9984936
299.99877
299.9989937
299.999168
299.9992958
299.9993796
299.9994211
310.4883895
310.3466632
309.9782322
309.2313571
307.9282938
305.93398
303.2495995
300.1005824
300.0009311
299.9998929
299.9999841
299.9999987
299.9999999
300
300
300
300
300
300
300
300
300
300
300
300
300
300
299.9999999
299.9999986
299.9999793
299.9997691
299.9981513
299.9981612
299.9984936
299.99877
299.9989937
299.999168
299.9992958
299.9993796
299.9994211
315.8458253
315.7560697
315.4230173
314.5605372
312.8040992
309.8205321
305.4941417
300.1717934
300.0030438
299.9999955
299.9999885
299.9999989
299.9999999
300
300
300
300
300
300
300
300
300
300
300
300
300
300
299.9999999
299.9999986
299.9999793
299.9997691
299.9981513
299.9981612
299.9984936
299.99877
299.9989937
299.999168
299.9992958
299.9993796
299.9994211
323.5525493
323.647463
323.5771283
322.8335749
320.710293
316.4422984
309.5235292
300.3035933
300.0073423
300.000211
299.9999978
299.9999992
299.9999999
300
300
300
300
300
300
300
300
300
300
300
300
300
300
299.9999999
299.9999986
299.9999793
299.9997691
299.9981513
299.9981612
299.9984936
299.99877
299.9989937
299.999168
299.9992958
299.9993796
299.9994211
334.363307
334.904109
335.5797531
335.5562786
333.5619473
327.9774453
317.2066001
300.6670868
300.0484568
300.0017074
300.0000511
300.0000011
300
300
300
300
300
300
300
300
300
300
300
300
300
300
300
299.9999999
299.9999986
299.9999793
299.9997691
299.9981513
299.9981612
299.9984936
299.99877
299.9989937
299.999168
299.9992958
299.9993796
299.9994211
349.0748919
350.519721
352.8427056
354.8131335
354.368382
348.4614084
333.1382392
304.2877332
302.8801589
300.0519622
300.0012507
300.000034
300.0000009
300
300
300
300
300
300
300
300
300
300
300
300
300
300
299.9999999
299.9999986
299.9999793
299.9997691
299.9981513
299.9981612
299.9984936
299.99877
299.9989937
299.999168
299.9992958
299.9993796
299.9994211
368.3703137
371.4357082
376.8937705
383.1854425
387.4223907
384.7315481
367.5663701
325.6603381
323.2188664
300.7585041
300.0219007
300.0006
300.0000163
300.0000004
300
300
300
300
300
300
300
300
300
300
300
300
300
299.9999999
299.9999986
299.9999793
299.9997691
299.9981513
299.9981612
299.9984936
299.99877
299.9989937
299.999168
299.9992958
299.9993796
299.9994211
392.5668541
398.2342372
408.9704898
423.2373633
437.7667812
446.121755
436.4740457
388.9463953
385.280681
303.7173588
300.1431964
300.0049881
300.0001607
300.0000049
300.0000001
300
300
300
300
300
300
300
300
300
300
300
300
299.9999999
299.9999986
299.9999793
299.9997691
299.9981513
299.9981612
299.9984936
299.99877
299.9989937
299.999168
299.9992958
299.9993796
299.9994211
421.3027181
430.7077106
449.3290011
476.4025116
509.5680243
542.6450214
561.4535463
537.9536928
534.3426189
312.401641
300.580108
300.0243216
300.000924
300.0000321
300.000001
300
300
300
300
300
300
300
300
300
300
300
300
299.9999999
299.9999986
299.9999793
299.9997691
299.9981513
299.9981612
299.9984936
299.99877
299.9989937
299.999168
299.9992958
299.9993796
299.9994211
453.2449703
467.3766678
496.3060487
541.140337
602.6501748
678.8411869
759.0499379
813.8354609
812.9589784
332.2865142
301.7561418
300.0842655
300.0036093
300.0001392
300.0000049
300.0000002
300
300
300
300
300
300
300
300
300
300
300
299.9999999
299.9999986
299.9999793
299.9997691
299.9981513
299.9981612
299.9984936
299.99877
299.9989937
299.999168
299.9992958
299.9993796
299.9994211
486.0321003
505.2935568
545.6576981
611.0778927
707.9289752
844.1630958
1024.256016
1223.681599
1213.571112
368.2622389
304.2202991
300.2238498
300.0103948
300.0004286
300.0000159
300.0000005
300
300
300
300
300
300
300
300
300
300
300
299.9999999
299.9999986
299.9999793
299.9997691
299.9981513
299.9981612
299.9984936
299.99877
299.9989937
299.999168
299.9992958
299.9993796
299.9994211
516.5656782
540.2692903
590.550343
674.0452252
803.4848621
1001.77162
1311.653636
1510.586332
1642.577798
419.5316591
308.3060342
300.4781998
300.0235624
300.0010151
300.0000389
300.0000013
300
300
300
300
300
300
300
300
300
300
300
299.9999999
299.9999986
299.9999793
299.9997691
299.9981513
299.9981612
299.9984936
299.99877
299.9989937
299.999168
299.9992958
299.9993796
299.9994211
541.9023286
568.3095854
624.1161794
716.44391
859.195679
1078.562774
1418.055073
1644.087283
1704.080087
469.3323823
313.5020472
300.8419624
300.0437566
300.0019585
300.0000771
300.0000027
300.0000001
300
300
300
300
300
300
300
300
300
300
299.9999999
299.9999986
299.9999793
299.9997691
299.9981513
299.9981612
299.9984936
299.99877
299.9989937
299.999168
299.9992958
299.9993796
299.9994211
560.1644092
586.9874705
642.5226571
731.0816163
861.0502384
1048.626543
1320.985606
1701.504072
1725.631677
500.5807137
317.9341356
301.200412
300.0653513
300.0030212
300.0001218
300.0000044
300.0000001
300
300
300
300
300
300
300
300
300
300
299.9999999
299.9999986
299.9999793
299.9997691
299.9981513
299.9981612
299.9984936
299.99877
299.9989937
299.999168
299.9992958
299.9993796
299.9994211
571.2551787
596.9954179
648.5427365
725.596616
827.2886486
955.9594481
1144.861519
1572.761968
1669.121085
495.0454151
317.9753142
301.2399296
300.0691903
300.0032607
300.0001334
300.0000048
300.0000002
300
300
300
300
300
300
300
300
300
300
299.9999999
299.9999986
299.9999793
299.9997691
299.9981513
299.9981612
299.9984936
299.99877
299.9989937
299.999168
299.9992958
299.9993796
299.9994211
576.2462878
600.7893258
648.3340861
713.9163938
783.9032729
824.2661934
750.022684
576.7729612
563.6226665
338.7904838
303.8214484
300.2806992
300.0164559
300.000806
300.000034
300.0000013
300
300
300
300
300
300
300
300
300
300
300
299.9999999
299.9999986
299.9999793
299.9997691
299.9981513
299.9981612
299.9984936
299.99877
299.9989937
299.999168
299.9992958
299.9993796
299.9994211
)
;

boundaryField
{
    lowerWall
    {
        type            zeroGradient;
    }
    atmosphere
    {
        type            zeroGradient;
    }
    rightWall
    {
        type            empty;
    }
    leftWall
    {
        type            empty;
    }
    frontAndBack
    {
        type            fixedGradient;
        gradient        uniform -50;
    }
}


// ************************************************************************* //
