/*--------------------------------*- C++ -*----------------------------------*\
| =========                 |                                                 |
| \\      /  F ield         | OpenFOAM: The Open Source CFD Toolbox           |
|  \\    /   O peration     | Version:  2506                                  |
|   \\  /    A nd           | Website:  www.openfoam.com                      |
|    \\/     M anipulation  |                                                 |
\*---------------------------------------------------------------------------*/
FoamFile
{
    version     2.0;
    format      ascii;
    arch        "LSB;label=32;scalar=64";
    class       volScalarField;
    location    "0.001";
    object      TLiquidus;
}
// * * * * * * * * * * * * * * * * * * * * * * * * * * * * * * * * * * * * * //

dimensions      [0 0 0 1 0 0 0];

internalField   nonuniform List<scalar> 
3200
(
10
10
10
10
10
10
10
10.00001019
1723
1723
1723
1723
1723
1723
1723
1723
1723
1723
1723
1723
1723
1723
1723
1723
1723
1723
1723
1723
1723
1723
1723
1723
10.00000023
10
10
10
10
10
10
10
10
10
10
10
10
10
10
10.00002749
1723
1723
1723
1723
1723
1723
1723
1723
1723
1723
1723
1723
1723
1723
1723
1723
1723
1723
1723
1723
1723
1723
1723
1723
10.00000023
10
10
10
10
10
10
10
10
10
10
10
10
10
10
10.00015383
1723
1723
1723
1723
1723
1723
1723
1723
1723
1723
1723
1723
1723
1723
1723
1723
1723
1723
1723
1723
1723
1723
1723
1723
10.00000023
10
10
10
10
10
10
10
10
10
10
10
10
10
10
10.00067593
1723
1723
1723
1723
1723
1723
1723
1723
1723
1723
1723
1723
1723
1723
1723
1723
1723
1723
1723
1723
1723
1723
1723
1723
10.00000023
10
10
10
10
10
10
10
10
10
10
10
10
10
10
10.00162064
1723
1723
1723
1723
1723
1723
1723
1723
1723
1723
1723
1723
1723
1723
1723
1723
1723
1723
1723
1723
1723
1723
1723
1723
10.00000023
10
10
10
10
10
10
10
10
10
10
10
10
10
10
10.00170339
1723
1723
1723
1723
1723
1723
1723
1723
1723
1723
1723
1723
1723
1723
1723
1723
1723
1723
1723
1723
1723
1723
1723
1723
10.00000023
10
10
10
10
10
10
10
10
10
10
10
10
10
10
10.00228845
1723
1723
1723
1723
1723
1723
1723
1723
1723
1723
1723
1723
1723
1723
1723
1723
1723
1723
1723
1723
1723
1723
1723
1723
10.00000023
10
10
10
10
10
10
10
10
10
10
10
10
10
10
32.45992869
1723
1723
1723
1723
1723
1723
1723
1723
1723
1723
1723
1723
1723
1723
1723
1723
1723
1723
1723
1723
1723
1723
1723
1723
10.00000023
10
10
10
10
10
10
10
10
10
10
10
10
10
10
1723
1723
1723
1723
1723
1723
1723
1723
1723
1723
1723
1723
1723
1723
1723
1723
1723
1723
1723
1723
1723
1723
1723
1723
1723
10.00000023
10
10
10
10
10
10
10
10
10
10
10
10
10
10
10
1723
1723
1723
1723
1723
1723
1723
1723
1723
1723
1723
1723
1723
1723
1723
1723
1723
1723
1723
1723
1723
1723
1723
1723
10.00000023
10
10
10
10
10
10
10
10
10
10
10
10
10
10
10
1723
1723
1723
1723
1723
1723
1723
1723
1723
1723
1723
1723
1723
1723
1723
1723
1723
1723
1723
1723
1723
1723
1723
1723
10.00000023
10
10
10
10
10
10
10
10
10
10
10
10
10
10
10
1723
1723
1723
1723
1723
1723
1723
1723
1723
1723
1723
1723
1723
1723
1723
1723
1723
1723
1723
1723
1723
1723
1723
1723
10.00000023
10
10
10
10
10
10
10
10
10
10
10
10
10
10
45.72559501
1723
1723
1723
1723
1723
1723
1723
1723
1723
1723
1723
1723
1723
1723
1723
1723
1723
1723
1723
1723
1723
1723
1723
1723
10.00000023
10
10
10
10
10
10
10
10
10
10
10
10
10
1723
1723
1723
1723
1723
1723
1723
1723
1723
1723
1723
1723
1723
1723
1723
1723
1723
1723
1723
1723
1723
1723
1723
1723
1723
1723
10.00000023
10
10
10
10
10
10
10
10
10
10
10
10
10
54.73479742
1723
1723
1723
1723
1723
1723
1723
1723
1723
1723
1723
1723
1723
1723
1723
1723
1723
1723
1723
1723
1723
1723
1723
1723
1723
10.00000023
10
10
10
10
10
10
10
10
10
10
10
10
10.00000003
10.00000001
1723
1723
1723
1723
1723
1723
1723
1723
1723
1723
1723
1723
1723
1723
1723
1723
1723
1723
1723
1723
1723
1723
1723
1723
1723
10.00000022
10
10
10
10
10
10
10
10
10
10
10
10.00000001
10.00000019
10.00000056
10.00027922
1723
1723
1723
1723
1723
1723
1723
1723
1723
1723
1723
1723
1723
1723
1723
1723
1723
1723
1723
1723
1723
1723
1723
1723
10.00000022
10
10
10
10
10
10
10
10
10
10
10
10
10.00000003
10.00000027
10.00001111
1723
1723
1723
1723
1723
1723
1723
1723
1723
1723
1723
1723
1723
1723
1723
1723
1723
1723
1723
1723
1723
1723
1723
1723
10.00000022
10
10
10
10
10
10
10
10
10
10
10
10
10
10.00000001
10.00002662
1723
1723
1723
1723
1723
1723
1723
1723
1723
1723
1723
1723
1723
1723
1723
1723
1723
1723
1723
1723
1723
1723
1723
1723
10.00000022
10
10
10
10
10
10
10
10
10
10
10
10
10
10.00000001
10.00143646
1723
1723
1723
1723
1723
1723
1723
1723
1723
1723
1723
1723
1723
1723
1723
1723
1723
1723
1723
1723
1723
1723
1723
1723
10.00000022
10
10
10
10
10
10
10
10
10
10
10
10
10
10.00000001
10.0007455
1723
1723
1723
1723
1723
1723
1723
1723
1723
1723
1723
1723
1723
1723
1723
1723
1723
1723
1723
1723
1723
1723
1723
1723
10.00000022
10
10
10
10
10
10
10
10
10
10
10
10
10
10.00000001
10.00023673
1723
1723
1723
1723
1723
1723
1723
1723
1723
1723
1723
1723
1723
1723
1723
1723
1723
1723
1723
1723
1723
1723
1723
1723
10.00000022
10
10
10
10
10
10
10
10
10
10
10
10
10
10.00000001
10.0001499
1723
1723
1723
1723
1723
1723
1723
1723
1723
1723
1723
1723
1723
1723
1723
1723
1723
1723
1723
1723
1723
1723
1723
1723
10.00000022
10
10
10
10
10
10
10
10
10
10
10
10
10
10.00000001
10.00008968
1723
1723
1723
1723
1723
1723
1723
1723
1723
1723
1723
1723
1723
1723
1723
1723
1723
1723
1723
1723
1723
1723
1723
1723
10.00000021
10
10
10
10
10
10
10
10
10
10
10
10
10
10.00000001
10.00006514
1723
1723
1723
1723
1723
1723
1723
1723
1723
1723
1723
1723
1723
1723
1723
1723
1723
1723
1723
1723
1723
1723
1723
1723
10.00000021
10
10
10
10
10
10
10
10
10
10
10
10
10
10
10.00005718
1723
1723
1723
1723
1723
1723
1723
1723
1723
1723
1723
1723
1723
1723
1723
1723
1723
1723
1723
1723
1723
1723
1723
1723
10.00000021
10
10
10
10
10
10
10
10
10
10
10
10
10
10
10.00004049
1723
1723
1723
1723
1723
1723
1723
1723
1723
1723
1723
1723
1723
1723
1723
1723
1723
1723
1723
1723
1723
1723
1723
1723
10.00000021
10
10
10
10
10
10
10
10
10
10
10
10
10
10
10.00004364
1723
1723
1723
1723
1723
1723
1723
1723
1723
1723
1723
1723
1723
1723
1723
1723
1723
1723
1723
1723
1723
1723
1723
1723
10.00000021
10
10
10
10
10
10
10
10
10
10
10
10
10
10
10.00006974
1723
1723
1723
1723
1723
1723
1723
1723
1723
1723
1723
1723
1723
1723
1723
1723
1723
1723
1723
1723
1723
1723
1723
1723
10.00000021
10
10
10
10
10
10
10
10
10
10
10
10
10
10
10.00010152
1723
1723
1723
1723
1723
1723
1723
1723
1723
1723
1723
1723
1723
1723
1723
1723
1723
1723
1723
1723
1723
1723
1723
1723
10.00000021
10
10
10
10
10
10
10
10
10
10
10
10
10
10
10.00012463
1723
1723
1723
1723
1723
1723
1723
1723
1723
1723
1723
1723
1723
1723
1723
1723
1723
1723
1723
1723
1723
1723
1723
1723
10.00000021
10
10
10
10
10
10
10
10
10
10
10
10
10
10
10.00009172
1723
1723
1723
1723
1723
1723
1723
1723
1723
1723
1723
1723
1723
1723
1723
1723
1723
1723
1723
1723
1723
1723
1723
1723
10.00000021
10
10
10
10
10
10
10
10
10
10
10
10
10
10
10.00007296
1723
1723
1723
1723
1723
1723
1723
1723
1723
1723
1723
1723
1723
1723
1723
1723
1723
1723
1723
1723
1723
1723
1723
1723
10.00000021
10
10
10
10
10
10
10
10
10
10
10
10
10
10
10.00006878
1723
1723
1723
1723
1723
1723
1723
1723
1723
1723
1723
1723
1723
1723
1723
1723
1723
1723
1723
1723
1723
1723
1723
1723
10.00000021
10
10
10
10
10
10
10
10
10
10
10
10
10
10
10.00006348
1723
1723
1723
1723
1723
1723
1723
1723
1723
1723
1723
1723
1723
1723
1723
1723
1723
1723
1723
1723
1723
1723
1723
1723
10.00000021
10
10
10
10
10
10
10
10
10
10
10
10
10
10
10.00005885
1723
1723
1723
1723
1723
1723
1723
1723
1723
1723
1723
1723
1723
1723
1723
1723
1723
1723
1723
1723
1723
1723
1723
1723
10.0000002
10
10
10
10
10
10
10
10
10
10
10
10
10
10
10.00005075
1723
1723
1723
1723
1723
1723
1723
1723
1723
1723
1723
1723
1723
1723
1723
1723
1723
1723
1723
1723
1723
1723
1723
1723
10.0000002
10
10
10
10
10
10
10
10
10
10
10
10
10
10
10.00004205
1723
1723
1723
1723
1723
1723
1723
1723
1723
1723
1723
1723
1723
1723
1723
1723
1723
1723
1723
1723
1723
1723
1723
1723
10.0000002
10
10
10
10
10
10
10
10
10
10
10
10
10
10
10.00007615
1723
1723
1723
1723
1723
1723
1723
1723
1723
1723
1723
1723
1723
1723
1723
1723
1723
1723
1723
1723
1723
1723
1723
1723
10.0000002
10
10
10
10
10
10
10
10
10
10
10
10
10
10
10.00005032
1723
1723
1723
1723
1723
1723
1723
1723
1723
1723
1723
1723
1723
1723
1723
1723
1723
1723
1723
1723
1723
1723
1723
1723
10.0000002
10
10
10
10
10
10
10
10
10
10
10
10
10
10
10.00001618
1723
1723
1723
1723
1723
1723
1723
1723
1723
1723
1723
1723
1723
1723
1723
1723
1723
1723
1723
1723
1723
1723
1723
1723
10.0000002
10
10
10
10
10
10
10
10
10
10
10
10
10
10
10.00001647
1723
1723
1723
1723
1723
1723
1723
1723
1723
1723
1723
1723
1723
1723
1723
1723
1723
1723
1723
1723
1723
1723
1723
1723
10.0000002
10
10
10
10
10
10
10
10
10
10
10
10
10
10
10.00001182
1723
1723
1723
1723
1723
1723
1723
1723
1723
1723
1723
1723
1723
1723
1723
1723
1723
1723
1723
1723
1723
1723
1723
1723
10.0000002
10
10
10
10
10
10
10
10
10
10
10
10
10
10
10.00001625
1723
1723
1723
1723
1723
1723
1723
1723
1723
1723
1723
1723
1723
1723
1723
1723
1723
1723
1723
1723
1723
1723
1723
1723
10.0000002
10
10
10
10
10
10
10
10
10
10
10
10
10
10
10.00001625
1723
1723
1723
1723
1723
1723
1723
1723
1723
1723
1723
1723
1723
1723
1723
1723
1723
1723
1723
1723
1723
1723
1723
1723
10.0000002
10
10
10
10
10
10
10
10
10
10
10
10
10
10
10.00001655
1723
1723
1723
1723
1723
1723
1723
1723
1723
1723
1723
1723
1723
1723
1723
1723
1723
1723
1723
1723
1723
1723
1723
1723
10.0000002
10
10
10
10
10
10
10
10
10
10
10
10
10
10
10.00001501
1723
1723
1723
1723
1723
1723
1723
1723
1723
1723
1723
1723
1723
1723
1723
1723
1723
1723
1723
1723
1723
1723
1723
1723
10.0000002
10
10
10
10
10
10
10
10
10
10
10
10
10
10
10.00001705
1723
1723
1723
1723
1723
1723
1723
1723
1723
1723
1723
1723
1723
1723
1723
1723
1723
1723
1723
1723
1723
1723
1723
1723
10.0000002
10
10
10
10
10
10
10
10
10
10
10
10
10
10
10.00001538
1723
1723
1723
1723
1723
1723
1723
1723
1723
1723
1723
1723
1723
1723
1723
1723
1723
1723
1723
1723
1723
1723
1723
1723
10.0000002
10
10
10
10
10
10
10
10
10
10
10
10
10
10
10.00001661
1723
1723
1723
1723
1723
1723
1723
1723
1723
1723
1723
1723
1723
1723
1723
1723
1723
1723
1723
1723
1723
1723
1723
1723
10.0000002
10
10
10
10
10
10
10
10
10
10
10
10
10
10
10.00001492
1723
1723
1723
1723
1723
1723
1723
1723
1723
1723
1723
1723
1723
1723
1723
1723
1723
1723
1723
1723
1723
1723
1723
1723
10.0000002
10
10
10
10
10
10
10
10
10
10
10
10
10
10
10.00001703
1723
1723
1723
1723
1723
1723
1723
1723
1723
1723
1723
1723
1723
1723
1723
1723
1723
1723
1723
1723
1723
1723
1723
1723
10.0000002
10
10
10
10
10
10
10
10
10
10
10
10
10
10
10.00001508
1723
1723
1723
1723
1723
1723
1723
1723
1723
1723
1723
1723
1723
1723
1723
1723
1723
1723
1723
1723
1723
1723
1723
1723
10.0000002
10
10
10
10
10
10
10
10
10
10
10
10
10
10
10.00001564
1723
1723
1723
1723
1723
1723
1723
1723
1723
1723
1723
1723
1723
1723
1723
1723
1723
1723
1723
1723
1723
1723
1723
1723
10.0000002
10
10
10
10
10
10
10
10
10
10
10
10
10
10
10.00001631
1723
1723
1723
1723
1723
1723
1723
1723
1723
1723
1723
1723
1723
1723
1723
1723
1723
1723
1723
1723
1723
1723
1723
1723
10.0000002
10
10
10
10
10
10
10
10
10
10
10
10
10
10
10.00001588
1723
1723
1723
1723
1723
1723
1723
1723
1723
1723
1723
1723
1723
1723
1723
1723
1723
1723
1723
1723
1723
1723
1723
1723
10.0000002
10
10
10
10
10
10
10
10
10
10
10
10
10
10
10.00001597
1723
1723
1723
1723
1723
1723
1723
1723
1723
1723
1723
1723
1723
1723
1723
1723
1723
1723
1723
1723
1723
1723
1723
1723
10.0000002
10
10
10
10
10
10
10
10
10
10
10
10
10
10
10.00001603
1723
1723
1723
1723
1723
1723
1723
1723
1723
1723
1723
1723
1723
1723
1723
1723
1723
1723
1723
1723
1723
1723
1723
1723
10.0000002
10
10
10
10
10
10
10
10
10
10
10
10
10
10
10.00001645
1723
1723
1723
1723
1723
1723
1723
1723
1723
1723
1723
1723
1723
1723
1723
1723
1723
1723
1723
1723
1723
1723
1723
1723
10.0000002
10
10
10
10
10
10
10
10
10
10
10
10
10
10
10.00001664
1723
1723
1723
1723
1723
1723
1723
1723
1723
1723
1723
1723
1723
1723
1723
1723
1723
1723
1723
1723
1723
1723
1723
1723
10.0000002
10
10
10
10
10
10
10
10
10
10
10
10
10
10
10.00001686
1723
1723
1723
1723
1723
1723
1723
1723
1723
1723
1723
1723
1723
1723
1723
1723
1723
1723
1723
1723
1723
1723
1723
1723
10.0000002
10
10
10
10
10
10
10
10
10
10
10
10
10
10
10.0000169
1723
1723
1723
1723
1723
1723
1723
1723
1723
1723
1723
1723
1723
1723
1723
1723
1723
1723
1723
1723
1723
1723
1723
1723
10.0000002
10
10
10
10
10
10
10
10
10
10
10
10
10
10
10.00001673
1723
1723
1723
1723
1723
1723
1723
1723
1723
1723
1723
1723
1723
1723
1723
1723
1723
1723
1723
1723
1723
1723
1723
1723
10.00000021
10
10
10
10
10
10
10
10
10
10
10
10
10
10
10.00001665
1723
1723
1723
1723
1723
1723
1723
1723
1723
1723
1723
1723
1723
1723
1723
1723
1723
1723
1723
1723
1723
1723
1723
1723
10.00000021
10
10
10
10
10
10
10
10
10
10
10
10
10
10
10.0000167
1723
1723
1723
1723
1723
1723
1723
1723
1723
1723
1723
1723
1723
1723
1723
1723
1723
1723
1723
1723
1723
1723
1723
1723
10.00000021
10
10
10
10
10
10
10
10
10
10
10
10
10
10
10.00001691
1723
1723
1723
1723
1723
1723
1723
1723
1723
1723
1723
1723
1723
1723
1723
1723
1723
1723
1723
1723
1723
1723
1723
1723
10.00000021
10
10
10
10
10
10
10
10
10
10
10
10
10
10
10.00001713
1723
1723
1723
1723
1723
1723
1723
1723
1723
1723
1723
1723
1723
1723
1723
1723
1723
1723
1723
1723
1723
1723
1723
1723
10.00000021
10
10
10
10
10
10
10
10
10
10
10
10
10
10
10.00001576
1723
1723
1723
1723
1723
1723
1723
1723
1723
1723
1723
1723
1723
1723
1723
1723
1723
1723
1723
1723
1723
1723
1723
1723
10.00000021
10
10
10
10
10
10
10
10
10
10
10
10
10
10
10.00001698
1723
1723
1723
1723
1723
1723
1723
1723
1723
1723
1723
1723
1723
1723
1723
1723
1723
1723
1723
1723
1723
1723
1723
1723
10.00000021
10
10
10
10
10
10
10
10
10
10
10
10
10
10
10.00001661
1723
1723
1723
1723
1723
1723
1723
1723
1723
1723
1723
1723
1723
1723
1723
1723
1723
1723
1723
1723
1723
1723
1723
1723
10.00000021
10
10
10
10
10
10
10
10
10
10
10
10
10
10
10.00002671
1723
1723
1723
1723
1723
1723
1723
1723
1723
1723
1723
1723
1723
1723
1723
1723
1723
1723
1723
1723
1723
1723
1723
1723
10.00000021
10
10
10
10
10
10
10
10
10
10
10
10
10
10.00000001
10.00003135
1723
1723
1723
1723
1723
1723
1723
1723
1723
1723
1723
1723
1723
1723
1723
1723
1723
1723
1723
1723
1723
1723
1723
1723
10.00000021
10
10
10
10
10
10
10
10
10
10
10
10
10
10
10.00006323
1723
1723
1723
1723
1723
1723
1723
1723
1723
1723
1723
1723
1723
1723
1723
1723
1723
1723
1723
1723
1723
1723
1723
1723
10.00000021
10
10
10
10
10
10
10
10
10
10
10
10
10
10.00000001
10.0001532
1723
1723
1723
1723
1723
1723
1723
1723
1723
1723
1723
1723
1723
1723
1723
1723
1723
1723
1723
1723
1723
1723
1723
1723
10.00000021
10
10
10
10
10
10
10
10
10
10
10
10
10
10.00000001
10.79953743
1723
1723
1723
1723
1723
1723
1723
1723
1723
1723
1723
1723
1723
1723
1723
1723
1723
1723
1723
1723
1723
1723
1723
1723
10.00000021
10
10
10
10
10
10
10
10
10
10
10
10
10
10
1723
1723
1723
1723
1723
1723
1723
1723
1723
1723
1723
1723
1723
1723
1723
1723
1723
1723
1723
1723
1723
1723
1723
1723
1723
10.00000021
10
10
10
10
10
10
10
10
10
10
10
10
10
10
89.01769688
1723
1723
1723
1723
1723
1723
1723
1723
1723
1723
1723
1723
1723
1723
1723
1723
1723
1723
1723
1723
1723
1723
1723
1723
10.00000021
10
10
10
10
10
10
10
10
10
10
10
10
10
10
10
1723
1723
1723
1723
1723
1723
1723
1723
1723
1723
1723
1723
1723
1723
1723
1723
1723
1723
1723
1723
1723
1723
1723
1723
10.00000021
10
10
10
10
10
10
10
10
10
10
10
10
10
10
10.00000002
1723
1723
1723
1723
1723
1723
1723
1723
1723
1723
1723
1723
1723
1723
1723
1723
1723
1723
1723
1723
1723
1723
1723
1723
10.00000021
10
10
10
10
10
10
10
10
10
10
10
10
10
10
1723
1723
1723
1723
1723
1723
1723
1723
1723
1723
1723
1723
1723
1723
1723
1723
1723
1723
1723
1723
1723
1723
1723
1723
1723
10.00000021
10
10
10
10
10
10
10
)
;

boundaryField
{
    lowerWall
    {
        type            calculated;
        value           uniform 10;
    }
    atmosphere
    {
        type            calculated;
        value           nonuniform List<scalar> 
80
(
10
10
10
10
10
10
10
10
10
10
10
10
10
10
10
10
10
10
10
10
10
10
10
10
10
10
10
10
10
10
10
10
10
10
10
10
10
10
10
10
10
10
10
10
10
10
10
10
10
10
10
10
10
10
10
10
10
10
10
10
10
10
10
10
10
10
10
10
10
10
10
10
10
10
10
10
10
10
10
10
)
;
    }
    rightWall
    {
        type            empty;
    }
    leftWall
    {
        type            empty;
    }
    frontAndBack
    {
        type            calculated;
        value           nonuniform List<scalar> 
80
(
10
10
10
10
10
10
10
10.00001019
1722.999965
1723
1723
1723
1723
1723
1723
1723
1723
1723
1723
1723
1723
1723
1723
1723
1723
1723
1723
1723
1723
1723
1723
1723
10.00000023
10
10
10
10
10
10
10
10
10
10
10
10
10
10
97.4357728
1722.931617
1723
1723
1723
1723
1723
1723
1723
1723
1723
1723
1723
1723
1723
1723
1723
1723
1723
1723
1723
1723
1723
1723
1723
10.00000021
10
10
10
10
10
10
10
)
;
    }
}


// ************************************************************************* //
