/*--------------------------------*- C++ -*----------------------------------*\
| =========                 |                                                 |
| \\      /  F ield         | OpenFOAM: The Open Source CFD Toolbox           |
|  \\    /   O peration     | Version:  2506                                  |
|   \\  /    A nd           | Website:  www.openfoam.com                      |
|    \\/     M anipulation  |                                                 |
\*---------------------------------------------------------------------------*/
FoamFile
{
    version     2.0;
    format      ascii;
    arch        "LSB;label=32;scalar=64";
    class       volScalarField;
    location    "0.002";
    object      kappa;
}
// * * * * * * * * * * * * * * * * * * * * * * * * * * * * * * * * * * * * * //

dimensions      [1 1 -3 -1 0 0 0];

internalField   nonuniform List<scalar> 
3200
(
0.4
0.4
0.4
0.4
0.4
0.4
0.4000000003
0.4000003996
24.99999947
25
25
25
25
25
25
25
25
25
25
25
25
25
25
25
25
25
25
25
25
25
25
25
0.4000000044
0.4
0.4
0.4
0.4
0.4
0.4
0.4
0.4
0.4
0.4
0.4
0.4
0.4
0.4000000003
0.4000029841
24.99999705
25
25
25
25
25
25
25
25
25
25
25
25
25
25
25
25
25
25
25
25
25
25
25
0.4000000044
0.4
0.4
0.4
0.4
0.4
0.4
0.4
0.4
0.4
0.4
0.4
0.4
0.4
0.4000000001
0.4000103247
24.99999153
25
25
25
25
25
25
25
25
25
25
25
25
25
25
25
25
25
25
25
25
25
25
25
0.4000000044
0.4
0.4
0.4
0.4
0.4
0.4
0.4
0.4
0.4
0.4
0.4
0.4
0.4
0.4
0.4000213851
24.99998938
25
25
25
25
25
25
25
25
25
25
25
25
25
25
25
25
25
25
25
25
25
25
25
0.4000000045
0.4
0.4
0.4
0.4
0.4
0.4
0.4
0.4
0.4
0.4
0.4
0.4
0.4
0.4
0.4000346744
24.99997389
25
25
25
25
25
25
25
25
25
25
25
25
25
25
25
25
25
25
25
25
25
25
25
0.4000000045
0.4
0.4
0.4
0.4
0.4
0.4
0.4
0.4
0.4
0.4
0.4
0.4
0.4
0.4
0.400044992
24.99991568
25
25
25
25
25
25
25
25
25
25
25
25
25
25
25
25
25
25
25
25
25
25
25
0.4000000045
0.4
0.4
0.4
0.4
0.4
0.4
0.4
0.4
0.4
0.4
0.4
0.4
0.4
0.4
0.441590357
24.99993258
25
25
25
25
25
25
25
25
25
25
25
25
25
25
25
25
25
25
25
25
25
25
25
0.4000000045
0.4
0.4
0.4
0.4
0.4
0.4
0.4
0.4
0.4
0.4
0.4
0.4
0.4
0.4
2.423055871
24.99998419
25
25
25
25
25
25
25
25
25
25
25
25
25
25
25
25
25
25
25
25
25
25
25
0.4000000046
0.4
0.4
0.4
0.4
0.4
0.4
0.4
0.4
0.4
0.4
0.4
0.4
0.4
0.824156542
15.32126958
24.62596954
25
25
25
25
25
25
25
25
25
25
25
25
25
25
25
25
25
25
25
25
25
25
25
0.4000000046
0.4
0.4
0.4
0.4
0.4
0.4
0.4
0.4
0.4
0.4
0.4
0.4
0.4
4.78241789
24.11311111
24.2602966
24.99999992
25
25
25
25
25
25
25
25
25
25
25
25
25
25
25
25
25
25
25
25
25
25
0.4000000046
0.4
0.4
0.4
0.4
0.4
0.4
0.4
0.4
0.4
0.4
0.4
0.4
0.4
0.5014824436
20.09626713
24.99999993
24.99999998
25
25
25
25
25
25
25
25
25
25
25
25
25
25
25
25
25
25
25
25
25
25
0.4000000046
0.4
0.4
0.4
0.4
0.4
0.4
0.4
0.4
0.4
0.4
0.4
0.4
0.4
0.4
1.840517015
17.34457664
24.99999997
24.99999965
25
25
25
25
25
25
25
25
25
25
25
25
25
25
25
25
25
25
25
25
25
0.4000000047
0.4
0.4
0.4
0.4
0.4
0.4
0.4
0.4
0.4
0.4
0.4
0.4
0.4
0.4000000001
1.198152327
1.432282068
18.68252027
24.99999994
25
25
25
25
25
25
25
25
25
25
25
25
25
25
25
25
25
25
25
25
25
0.4000000047
0.4
0.4
0.4
0.4
0.4
0.4
0.4
0.4
0.4
0.4
0.4
0.4
0.4000000001
0.4000000001
0.4
0.4
7.038460262
24.99999998
25
25
25
25
25
25
25
25
25
25
25
25
25
25
25
25
25
25
25
25
25
0.4000000047
0.4
0.4
0.4
0.4
0.4
0.4
0.4
0.4
0.4
0.4
0.4
0.4000000001
0.4000000001
0.4000000002
0.4000000001
0.4000000001
6.131684281
24.99999997
25
25
25
25
25
25
25
25
25
25
25
25
25
25
25
25
25
25
25
25
25
0.4000000047
0.4
0.4
0.4
0.4
0.4
0.4
0.4
0.4
0.4
0.4
0.4000000001
0.4000000002
0.4000000003
0.4000000003
0.4000000002
0.4000000002
7.681159013
24.99999998
25
25
25
25
25
25
25
25
25
25
25
25
25
25
25
25
25
25
25
25
25
0.4000000046
0.4
0.4
0.4
0.4
0.4
0.4
0.4
0.4
0.4
0.4000000001
0.4000000003
0.4000000004
0.4000000004
0.4000000004
0.4000000004
0.4000000004
7.423872387
25
25
25
25
25
25
25
25
25
25
25
25
25
25
25
25
25
25
25
25
25
25
0.4000000046
0.4
0.4
0.4
0.4
0.4
0.4
0.4
0.4
0.4
0.4000000002
0.4000000005
0.4000000004
0.4000000004
0.4000000005
0.4000000005
0.4000000004
5.620847364
24.99999993
25
25
25
25
25
25
25
25
25
25
25
25
25
25
25
25
25
25
25
25
25
0.4000000046
0.4
0.4
0.4
0.4
0.4
0.4
0.4
0.4
0.4
0.4000000004
0.4000000005
0.4000000004
0.4000000004
0.4000000004
0.4000000003
0.4000000002
16.58385909
24.9999997
25
25
25
25
25
25
25
25
25
25
25
25
25
25
25
25
25
25
25
25
25
0.4000000045
0.4
0.4
0.4
0.4
0.4
0.4
0.4
0.4
0.4000000001
0.4000000006
0.4000000005
0.4000000005
0.4000000003
0.4000000002
0.5018677041
15.39848538
24.99999636
24.99999994
25
25
25
25
25
25
25
25
25
25
25
25
25
25
25
25
25
25
25
25
25
0.4000000045
0.4
0.4
0.4
0.4
0.4
0.4
0.4
0.4
0.4000000001
0.4000000005
0.4000000007
0.4000000009
0.4000000004
4.950034232
14.0542517
20.70760516
25
25
25
25
25
25
25
25
25
25
25
25
25
25
25
25
25
25
25
25
25
25
25
0.4000000044
0.4
0.4
0.4
0.4
0.4
0.4
0.4
0.4
0.4000000002
0.4000000009
0.4000000018
0.400000002
0.4000000012
13.92390891
24.99999989
24.99999999
25
25
25
25
25
25
25
25
25
25
25
25
25
25
25
25
25
25
25
25
25
25
25
0.4000000044
0.4
0.4
0.4
0.4
0.4
0.4
0.4
0.4000000001
0.4000000004
0.4000000012
0.4000000026
0.400000003
0.400000002
1.437965391
22.67804949
24.99998065
25
25
25
25
25
25
25
25
25
25
25
25
25
25
25
25
25
25
25
25
25
25
25
0.4000000043
0.4
0.4
0.4
0.4
0.4
0.4
0.4
0.4000000001
0.4000000004
0.4000000014
0.4000000029
0.4000000041
0.4000000029
0.400000001
16.1323465
24.99997539
25
25
25
25
25
25
25
25
25
25
25
25
25
25
25
25
25
25
25
25
25
25
25
0.4000000042
0.4
0.4
0.4
0.4
0.4
0.4
0.4
0.4000000001
0.4000000004
0.4000000012
0.4000000025
0.4000000039
0.4000000033
0.4000000015
14.65591089
24.99998234
25
25
25
25
25
25
25
25
25
25
25
25
25
25
25
25
25
25
25
25
25
25
25
0.4000000042
0.4
0.4
0.4
0.4
0.4
0.4
0.4
0.4
0.4000000002
0.4000000007
0.4000000017
0.4000000029
0.4000000033
0.4000000016
13.95256559
24.99998079
25
25
25
25
25
25
25
25
25
25
25
25
25
25
25
25
25
25
25
25
25
25
25
0.4000000041
0.4
0.4
0.4
0.4
0.4
0.4
0.4
0.4
0.4000000001
0.4000000003
0.4000000008
0.4000000015
0.4000000031
0.400000002
13.50573107
24.99998616
25
25
25
25
25
25
25
25
25
25
25
25
25
25
25
25
25
25
25
25
25
25
25
0.400000004
0.4
0.4
0.4
0.4
0.4
0.4
0.4
0.4
0.4
0.4000000001
0.4000000004
0.4000000009
0.4000000024
0.4000000021
13.06853381
24.99998554
25
25
25
25
25
25
25
25
25
25
25
25
25
25
25
25
25
25
25
25
25
25
25
0.4000000039
0.4
0.4
0.4
0.4
0.4
0.4
0.4
0.4
0.4
0.4000000001
0.4000000003
0.4000000008
0.4000000017
0.400000002
12.59338558
24.99998474
25
25
25
25
25
25
25
25
25
25
25
25
25
25
25
25
25
25
25
25
25
25
25
0.4000000039
0.4
0.4
0.4
0.4
0.4
0.4
0.4
0.4
0.4
0.4000000001
0.4000000004
0.4000000011
0.4000000016
0.400000002
12.0591269
24.99999136
25
25
25
25
25
25
25
25
25
25
25
25
25
25
25
25
25
25
25
25
25
25
25
0.4000000038
0.4
0.4
0.4
0.4
0.4
0.4
0.4
0.4
0.4
0.4000000001
0.4000000006
0.4000000014
0.4000000019
0.400000002
11.34528788
24.99999681
25
25
25
25
25
25
25
25
25
25
25
25
25
25
25
25
25
25
25
25
25
25
25
0.4000000037
0.4
0.4
0.4
0.4
0.4
0.4
0.4
0.4
0.4
0.4000000002
0.4000000007
0.4000000016
0.4000000024
0.4000000022
10.61474052
24.99999663
25
25
25
25
25
25
25
25
25
25
25
25
25
25
25
25
25
25
25
25
25
25
25
0.4000000037
0.4
0.4
0.4
0.4
0.4
0.4
0.4
0.4
0.4
0.4000000003
0.4000000011
0.4000000019
0.4000000025
0.4000000023
9.701219996
24.99999295
25
25
25
25
25
25
25
25
25
25
25
25
25
25
25
25
25
25
25
25
25
25
25
0.4000000036
0.4
0.4
0.4
0.4
0.4
0.4
0.4
0.4
0.4000000001
0.4000000006
0.4000000016
0.4000000023
0.4000000025
0.4000000023
7.649208963
24.99999423
25
25
25
25
25
25
25
25
25
25
25
25
25
25
25
25
25
25
25
25
25
25
25
0.4000000035
0.4
0.4
0.4
0.4
0.4
0.4
0.4
0.4
0.4000000002
0.4000000009
0.4000000017
0.400000002
0.4000000019
0.4000000018
7.656078331
24.9999986
25
25
25
25
25
25
25
25
25
25
25
25
25
25
25
25
25
25
25
25
25
25
25
0.4000000035
0.4
0.4
0.4
0.4
0.4
0.4
0.4
0.4
0.4000000001
0.4000000004
0.400000001
0.4000000015
0.4000000014
0.4000000011
9.672051345
24.99999741
25
25
25
25
25
25
25
25
25
25
25
25
25
25
25
25
25
25
25
25
25
25
25
0.4000000034
0.4
0.4
0.4
0.4
0.4
0.4
0.4
0.4
0.4
0.4000000001
0.4000000004
0.4000000008
0.4000000011
0.4000000008
5.070124849
24.99998077
25
25
25
25
25
25
25
25
25
25
25
25
25
25
25
25
25
25
25
25
25
25
25
0.4000000034
0.4
0.4
0.4
0.4
0.4
0.4
0.4
0.4
0.4
0.4
0.4000000001
0.4000000005
0.4000000014
0.4000000024
0.7040548943
24.99998895
25
25
25
25
25
25
25
25
25
25
25
25
25
25
25
25
25
25
25
25
25
25
25
0.4000000033
0.4
0.4
0.4
0.4
0.4
0.4
0.4
0.4
0.4
0.4
0.4
0.4000000001
0.4000000004
0.4000000011
0.4000111395
24.99998347
25
25
25
25
25
25
25
25
25
25
25
25
25
25
25
25
25
25
25
25
25
25
25
0.4000000033
0.4
0.4
0.4
0.4
0.4
0.4
0.4
0.4
0.4
0.4
0.4
0.4
0.4000000001
0.4000000003
0.4
24.99999503
25
25
25
25
25
25
25
25
25
25
25
25
25
25
25
25
25
25
25
25
25
25
25
0.4000000033
0.4
0.4
0.4
0.4
0.4
0.4
0.4
0.4
0.4
0.4
0.4
0.4
0.4
0.4000000001
0.4000788395
25
25
25
25
25
25
25
25
25
25
25
25
25
25
25
25
25
25
25
25
25
25
25
25
0.4000000032
0.4
0.4
0.4
0.4
0.4
0.4
0.4
0.4
0.4
0.4
0.4
0.4
0.4
0.4000000001
0.4000167864
24.99999981
25
25
25
25
25
25
25
25
25
25
25
25
25
25
25
25
25
25
25
25
25
25
25
0.4000000032
0.4
0.4
0.4
0.4
0.4
0.4
0.4
0.4
0.4
0.4
0.4
0.4
0.4
0.4000000001
0.4000028914
25
25
25
25
25
25
25
25
25
25
25
25
25
25
25
25
25
25
25
25
25
25
25
25
0.4000000032
0.4
0.4
0.4
0.4
0.4
0.4
0.4
0.4
0.4
0.4
0.4
0.4
0.4
0.4000000002
0.4000010823
24.99999956
25
25
25
25
25
25
25
25
25
25
25
25
25
25
25
25
25
25
25
25
25
25
25
0.4000000031
0.4
0.4
0.4
0.4
0.4
0.4
0.4
0.4
0.4
0.4
0.4
0.4
0.4
0.4000000001
0.4000002107
24.99999982
25
25
25
25
25
25
25
25
25
25
25
25
25
25
25
25
25
25
25
25
25
25
25
0.4000000031
0.4
0.4
0.4
0.4
0.4
0.4
0.4
0.4
0.4
0.4
0.4
0.4
0.4
0.4
0.4000004027
24.99999961
25
25
25
25
25
25
25
25
25
25
25
25
25
25
25
25
25
25
25
25
25
25
25
0.4000000031
0.4
0.4
0.4
0.4
0.4
0.4
0.4
0.4
0.4
0.4
0.4
0.4
0.4
0.4
0.4000010741
24.99999893
25
25
25
25
25
25
25
25
25
25
25
25
25
25
25
25
25
25
25
25
25
25
25
0.4000000031
0.4
0.4
0.4
0.4
0.4
0.4
0.4
0.4
0.4
0.4
0.4
0.4
0.4
0.4
0.4000007209
24.99999928
25
25
25
25
25
25
25
25
25
25
25
25
25
25
25
25
25
25
25
25
25
25
25
0.4000000031
0.4
0.4
0.4
0.4
0.4
0.4
0.4
0.4
0.4
0.4
0.4
0.4
0.4
0.4
0.4000002797
24.99999972
25
25
25
25
25
25
25
25
25
25
25
25
25
25
25
25
25
25
25
25
25
25
25
0.4000000031
0.4
0.4
0.4
0.4
0.4
0.4
0.4
0.4
0.4
0.4
0.4
0.4
0.4
0.4
0.4000003919
24.99999961
25
25
25
25
25
25
25
25
25
25
25
25
25
25
25
25
25
25
25
25
25
25
25
0.4000000031
0.4
0.4
0.4
0.4
0.4
0.4
0.4
0.4
0.4
0.4
0.4
0.4
0.4
0.4
0.4000004255
24.99999958
25
25
25
25
25
25
25
25
25
25
25
25
25
25
25
25
25
25
25
25
25
25
25
0.4000000031
0.4
0.4
0.4
0.4
0.4
0.4
0.4
0.4
0.4
0.4
0.4
0.4
0.4
0.4
0.4000004954
24.9999995
25
25
25
25
25
25
25
25
25
25
25
25
25
25
25
25
25
25
25
25
25
25
25
0.4000000031
0.4
0.4
0.4
0.4
0.4
0.4
0.4
0.4
0.4
0.4
0.4
0.4
0.4
0.4
0.4000004365
24.99999956
25
25
25
25
25
25
25
25
25
25
25
25
25
25
25
25
25
25
25
25
25
25
25
0.4000000031
0.4
0.4
0.4
0.4
0.4
0.4
0.4
0.4
0.4
0.4
0.4
0.4
0.4
0.4
0.4000003125
24.99999969
25
25
25
25
25
25
25
25
25
25
25
25
25
25
25
25
25
25
25
25
25
25
25
0.4000000031
0.4
0.4
0.4
0.4
0.4
0.4
0.4
0.4
0.4
0.4
0.4
0.4
0.4
0.4
0.4000006243
24.99999938
25
25
25
25
25
25
25
25
25
25
25
25
25
25
25
25
25
25
25
25
25
25
25
0.4000000031
0.4
0.4
0.4
0.4
0.4
0.4
0.4
0.4
0.4
0.4
0.4
0.4
0.4
0.4
0.4000016345
24.99999837
25
25
25
25
25
25
25
25
25
25
25
25
25
25
25
25
25
25
25
25
25
25
25
0.4000000031
0.4
0.4
0.4
0.4
0.4
0.4
0.4
0.4
0.4
0.4
0.4
0.4
0.4
0.4
0.4000026091
24.99999739
25
25
25
25
25
25
25
25
25
25
25
25
25
25
25
25
25
25
25
25
25
25
25
0.4000000031
0.4
0.4
0.4
0.4
0.4
0.4
0.4
0.4
0.4
0.4
0.4
0.4
0.4
0.4
0.4000036269
24.99999637
25
25
25
25
25
25
25
25
25
25
25
25
25
25
25
25
25
25
25
25
25
25
25
0.4000000031
0.4
0.4
0.4
0.4
0.4
0.4
0.4
0.4
0.4
0.4
0.4
0.4
0.4
0.4
0.4000044663
24.99999553
25
25
25
25
25
25
25
25
25
25
25
25
25
25
25
25
25
25
25
25
25
25
25
0.4000000031
0.4
0.4
0.4
0.4
0.4
0.4
0.4
0.4
0.4
0.4
0.4
0.4
0.4
0.4
0.4000050097
24.99999499
25
25
25
25
25
25
25
25
25
25
25
25
25
25
25
25
25
25
25
25
25
25
25
0.4000000031
0.4
0.4
0.4
0.4
0.4
0.4
0.4
0.4
0.4
0.4
0.4
0.4
0.4
0.4
0.4000053296
24.99999467
25
25
25
25
25
25
25
25
25
25
25
25
25
25
25
25
25
25
25
25
25
25
25
0.4000000032
0.4
0.4
0.4
0.4
0.4
0.4
0.4
0.4
0.4
0.4
0.4
0.4
0.4
0.4
0.4000048157
24.99999519
25
25
25
25
25
25
25
25
25
25
25
25
25
25
25
25
25
25
25
25
25
25
25
0.4000000032
0.4
0.4
0.4
0.4
0.4
0.4
0.4
0.4
0.4
0.4
0.4
0.4
0.4
0.4
0.4000031635
24.99999684
25
25
25
25
25
25
25
25
25
25
25
25
25
25
25
25
25
25
25
25
25
25
25
0.4000000032
0.4
0.4
0.4
0.4
0.4
0.4
0.4
0.4
0.4
0.4
0.4
0.4
0.4
0.4
0.4000004451
24.99999955
25
25
25
25
25
25
25
25
25
25
25
25
25
25
25
25
25
25
25
25
25
25
25
0.4000000033
0.4
0.4
0.4
0.4
0.4
0.4
0.4
0.4
0.4
0.4
0.4
0.4
0.4
0.4
0.4000003365
24.99999966
25
25
25
25
25
25
25
25
25
25
25
25
25
25
25
25
25
25
25
25
25
25
25
0.4000000033
0.4
0.4
0.4
0.4
0.4
0.4
0.4
0.4
0.4
0.4
0.4
0.4
0.4
0.4000000001
0.4000003878
24.99999961
25
25
25
25
25
25
25
25
25
25
25
25
25
25
25
25
25
25
25
25
25
25
25
0.4000000033
0.4
0.4
0.4
0.4
0.4
0.4
0.4
0.4
0.4
0.4
0.4
0.4
0.4
0.4000000002
0.4000000666
24.99999993
25
25
25
25
25
25
25
25
25
25
25
25
25
25
25
25
25
25
25
25
25
25
25
0.4000000034
0.4
0.4
0.4
0.4
0.4
0.4
0.4
0.4
0.4
0.4
0.4
0.4
0.4
0.4000000006
0.400000234
24.99999989
25
25
25
25
25
25
25
25
25
25
25
25
25
25
25
25
25
25
25
25
25
25
25
0.4000000034
0.4
0.4
0.4
0.4
0.4
0.4
0.4
0.4
0.4
0.4
0.4
0.4
0.4
0.4000000024
0.4000003043
24.99999956
25
25
25
25
25
25
25
25
25
25
25
25
25
25
25
25
25
25
25
25
25
25
25
0.4000000035
0.4
0.4
0.4
0.4
0.4
0.4
0.4
0.4
0.4
0.4
0.4
0.4
0.4
0.4000000001
0.4301307455
24.99999006
25
25
25
25
25
25
25
25
25
25
25
25
25
25
25
25
25
25
25
25
25
25
25
0.4000000035
0.4
0.4
0.4
0.4
0.4
0.4
0.4
0.4
0.4
0.4
0.4
0.4
0.4
0.4
1.737432615
24.99999995
25
25
25
25
25
25
25
25
25
25
25
25
25
25
25
25
25
25
25
25
25
25
25
0.4000000035
0.4
0.4
0.4
0.4
0.4
0.4
0.4
0.4
0.4
0.4
0.4
0.4
0.4
0.4000000002
2.831949125
24.99999997
24.99999999
25
25
25
25
25
25
25
25
25
25
25
25
25
25
25
25
25
25
25
25
25
25
0.4000000036
0.4
0.4
0.4
0.4
0.4
0.4
0.4
0.4
0.4
0.4
0.4
0.4
0.4
0.4000000002
8.209889886
25
24.99999993
25
25
25
25
25
25
25
25
25
25
25
25
25
25
25
25
25
25
25
25
25
25
0.4000000036
0.4
0.4
0.4
0.4
0.4
0.4
0.4
0.4
0.4
0.4
0.4
0.4
0.4
0.4000000001
3.849341306
24.83270761
24.99999998
25
25
25
25
25
25
25
25
25
25
25
25
25
25
25
25
25
25
25
25
25
25
0.4000000037
0.4
0.4
0.4
0.4
0.4
0.4
0.4
0.4
0.4
0.4
0.4
0.4
0.4
0.4000000001
0.4
17.09228314
24.99999997
25
25
25
25
25
25
25
25
25
25
25
25
25
25
25
25
25
25
25
25
25
25
0.4000000037
0.4
0.4
0.4
0.4
0.4
0.4
0.4
0.4
0.4
0.4
0.4
0.4
0.4
0.4
0.4
13.87138975
24.99999998
25
25
25
25
25
25
25
25
25
25
25
25
25
25
25
25
25
25
25
25
25
25
0.4000000037
0.4
0.4
0.4
0.4
0.4
0.4
0.4
0.4
0.4
0.4
0.4
0.4
0.4
0.4
0.4
18.64031661
24.99999999
25
25
25
25
25
25
25
25
25
25
25
25
25
25
25
25
25
25
25
25
25
25
0.4000000037
0.4
0.4
0.4
0.4
0.4
0.4
0.4
0.4
0.4
0.4
0.4
0.4
0.4
0.4
6.572627448
24.96909711
24.99999998
25
25
25
25
25
25
25
25
25
25
25
25
25
25
25
25
25
25
25
25
25
25
0.4000000037
0.4
0.4
0.4
0.4
0.4
0.4
0.4
0.4
0.4
0.4
0.4
0.4
0.4
0.4
3.47714367
24.98611406
24.99999997
25
25
25
25
25
25
25
25
25
25
25
25
25
25
25
25
25
25
25
25
25
25
0.4000000038
0.4
0.4
0.4
0.4
0.4
0.4
0.4
0.4
0.4
0.4
0.4
0.4
0.4
0.4
1.700566461
24.99901795
25
25
25
25
25
25
25
25
25
25
25
25
25
25
25
25
25
25
25
25
25
25
25
0.4000000037
0.4
0.4
0.4
0.4
0.4
0.4
0.4
)
;

boundaryField
{
    lowerWall
    {
        type            calculated;
        value           uniform 0;
    }
    atmosphere
    {
        type            calculated;
        value           uniform 0;
    }
    rightWall
    {
        type            empty;
    }
    leftWall
    {
        type            empty;
    }
    frontAndBack
    {
        type            calculated;
        value           uniform 0;
    }
}


// ************************************************************************* //
