/*--------------------------------*- C++ -*----------------------------------*\
| =========                 |                                                 |
| \\      /  F ield         | OpenFOAM: The Open Source CFD Toolbox           |
|  \\    /   O peration     | Version:  2506                                  |
|   \\  /    A nd           | Website:  www.openfoam.com                      |
|    \\/     M anipulation  |                                                 |
\*---------------------------------------------------------------------------*/
FoamFile
{
    version     2.0;
    format      ascii;
    arch        "LSB;label=32;scalar=64";
    class       volScalarField;
    location    "0.002";
    object      p;
}
// * * * * * * * * * * * * * * * * * * * * * * * * * * * * * * * * * * * * * //

dimensions      [1 -1 -2 0 0 0 0];

internalField   nonuniform List<scalar> 
3200
(
0.1304667253
0.3626103586
0.5803399706
0.7916414379
0.9806316892
1.13174456
1.341269916
1.196847763
-2.629370217
1724.981892
3348.587117
4785.496373
5984.733056
6925.916349
7611.851029
8059.887919
8294.753739
8343.566539
8232.829992
7986.88488
7627.290027
7172.733671
6639.219489
6040.377441
5387.811337
4691.435936
3959.783616
3200.275513
2419.458807
1623.215001
816.9454481
5.740525391
-0.07008670754
-0.07224332817
-0.07439994734
-0.07655656762
-0.07871318722
-0.08086980696
-0.08302642691
-0.0851830465
0.1373814876
0.3720909971
0.5923688446
0.8084213423
1.005741061
1.168215819
1.407234627
1.26979038
-2.54065308
1828.983854
3535.283383
5023.172462
6242.793073
7181.173363
7849.755829
8273.073441
8480.828335
8503.135037
8368.052116
8100.548111
7722.269739
7251.712954
6704.568099
6094.119059
5431.634644
4726.72419
3987.649342
3221.593619
2434.895079
1633.24888
821.886835
5.740525392
-0.07008670751
-0.07224332817
-0.07439994733
-0.07655656762
-0.07871318722
-0.08086980696
-0.08302642691
-0.0851830465
0.1529164871
0.3914098756
0.6196808805
0.8537912012
1.094010689
1.258962132
1.557190367
1.255425429
-2.418478012
2058.194018
3940.39618
5529.127835
6782.108957
7706.252036
8332.948864
8701.846281
8852.376745
8820.119455
8635.724158
8325.018131
7909.562552
7407.313883
6833.250636
6199.92126
5517.905407
4796.195692
4042.513195
3263.570309
2465.292428
1653.008247
831.6170937
5.740525392
-0.07008670749
-0.07224332817
-0.07439994733
-0.07655656762
-0.07871318722
-0.08086980696
-0.08302642691
-0.08518304651
0.1779919619
0.4164691663
0.6532809997
0.8992411968
1.169491549
1.380413614
1.784663496
1.778294484
-2.066602972
2465.825559
4638.984694
6370.844229
7650.276131
8528.791286
9073.948518
9348.999906
9406.736273
9289.26879
9029.734086
8654.265379
8183.676847
7634.756917
7021.224481
6354.432483
5643.890281
4897.658276
4122.653974
3324.896568
2509.707989
1681.882876
845.8368886
5.740525392
-0.07008670749
-0.07224332817
-0.07439994733
-0.07655656762
-0.07871318723
-0.08086980696
-0.08302642691
-0.0851830465
0.2018422808
0.4105407177
0.6413839691
0.9358359343
1.286136386
1.50652581
2.139504233
1.311830758
-5.589312274
3168.068716
5778.879178
7664.995573
8919.375478
9684.706847
10085.06937
10213.49141
10136.32893
9900.51473
9539.70476
9078.658107
8536.148179
7926.837653
7262.482263
6552.717429
5805.587186
5027.913283
4225.565246
3403.668331
2566.771087
1718.98577
864.110665
5.740525393
-0.0700867075
-0.07224332817
-0.07439994734
-0.07655656761
-0.07871318723
-0.08086980696
-0.08302642691
-0.0851830465
0.1786225899
0.429926141
0.6416580583
0.9936144593
1.442270762
1.845861643
2.71384815
4.054134299
-197.6486418
4433.258867
7643.471748
9590.891677
10677.55455
11205.61743
11368.1507
11283.5924
11024.60039
10636.78268
10149.93575
9584.537924
8955.445729
8273.989816
7549.175981
6788.393656
5997.852101
5182.863992
4348.043292
3497.454435
2634.732506
1763.185131
885.8826193
5.740525393
-0.07008670751
-0.07224332816
-0.07439994735
-0.07655656761
-0.07871318723
-0.08086980696
-0.08302642691
-0.0851830465
0.1566728952
0.5623561534
0.8494728667
1.330950777
1.667783044
1.603705775
2.439759085
0.6146664197
-1322.572336
7118.279974
10770.87943
12377.54487
12994.35478
13092.07683
12898.34342
12528.15279
12041.72047
11472.1017
10838.73951
10154.13622
9427.134087
8664.528335
7871.866335
7053.85625
6214.58887
5357.669529
4486.307731
3603.387603
2711.52937
1813.146027
910.4970964
5.740525394
-0.07008670751
-0.07224332816
-0.07439994735
-0.07655656761
-0.07871318723
-0.08086980696
-0.08302642691
-0.0851830465
-0.07897451337
0.07903478303
0.4731673875
1.451046246
2.440095449
1.829478288
2.00656182
70.95291191
10960.28812
14591.39929
15944.20743
16154.06638
15830.26851
15270.0071
14605.00917
13888.97865
13142.05027
12371.18531
11578.80615
10766.15816
9934.454186
9085.152374
8219.933233
7340.603135
6449.002663
5546.93973
4636.148932
3718.273135
2794.861567
1867.379046
937.2222764
5.740525395
-0.0700867075
-0.07224332816
-0.07439994735
-0.07655656761
-0.07871318723
-0.08086980696
-0.08302642691
-0.08518304651
0.03541865153
-0.5542485659
-0.2215858279
1.152032782
3.185460309
0.3745697836
10.50331887
13084.02698
27470.77012
24339.05583
22260.48315
20464.24846
18902.65624
17552.68671
16362.72996
15280.7262
14266.34232
13291.80841
12339.16683
11397.26283
10459.40126
9521.723459
8582.139465
7639.646891
6693.903404
5744.959683
4793.093625
3838.709033
2882.275346
1924.293171
965.275793
5.740525395
-0.0700867075
-0.07224332816
-0.07439994735
-0.07655656761
-0.07871318724
-0.08086980696
-0.08302642691
-0.08518304651
0.2321603016
-0.09764902346
0.3753794358
1.188148652
3.753929837
0.1536043738
1003.970637
32207.68522
32830.31554
32686.72138
28294.39056
24539.80214
21763.43246
19675.36337
18012.52344
16604.87941
15350.80967
14190.56556
13088.81669
12024.35271
10984.19411
9960.230801
8947.282968
7941.968209
6942.028875
5945.923918
4952.575583
3961.209024
2971.248692
1982.249714
993.8508307
5.740525396
-0.0700867075
-0.07224332816
-0.07439994735
-0.07655656761
-0.07871318724
-0.08086980696
-0.08302642692
-0.08518304651
0.2234590492
0.7400730167
1.575161827
2.617057455
5.292888577
2.748865419
8.458929244
22530.25009
32013.12049
36576.10236
33690.25552
27637.14135
23935.91733
21372.82177
19407.14081
17775.48173
16341.47593
15030.85466
13801.20941
12627.16528
11492.82135
10387.75303
9304.822687
8238.941475
7186.345146
6144.15409
5110.0951
4082.318378
3059.272281
2039.613769
1022.141144
5.740525396
-0.0700867075
-0.07224332817
-0.07439994736
-0.07655656762
-0.07871318724
-0.08086980696
-0.08302642692
-0.08518304651
0.1805566105
1.205817683
2.406525003
3.956472064
6.084502088
8.354053738
14.61109196
126.6085752
15815.48768
39601.65094
33563.66819
28382.60458
24970.28915
22472.88536
20467.75921
18748.45481
17208.78219
15790.19571
14458.02936
13190.30597
11972.20251
10793.16743
9645.342634
8522.657574
7420.281813
6334.275321
5261.352292
4198.713306
3143.920412
2094.799947
1049.363503
5.740525397
-0.0700867075
-0.07224332817
-0.07439994736
-0.07655656762
-0.07871318724
-0.08086980697
-0.08302642692
-0.08518304651
0.2535645278
1.544327009
3.018566116
4.887702352
7.355335402
10.106657
14.1255401
54.01721384
83.38935487
22302.92103
30340.67563
27359.13161
25089.76944
23080.68788
21242.57733
19541.81916
17955.02599
16463.14476
15050.43506
13703.85565
12412.54522
11167.40171
9960.752131
8786.092109
7637.875022
6511.336491
5402.345784
4307.278807
3222.908693
2146.310472
1074.776644
5.740525397
-0.0700867075
-0.07224332817
-0.07439994736
-0.07655656762
-0.07871318724
-0.08086980697
-0.08302642692
-0.08518304651
0.2924171722
1.641906156
3.187069001
5.136480391
7.600530303
10.82636788
15.06879708
19.11631406
17.65168342
3091.459874
23718.50592
25622.80124
24948.98072
23517.53368
21880.06322
20221.24073
18606.38122
17056.95067
15576.74031
14162.16732
12806.753
11503.17383
10244.20239
9023.112061
7833.815871
6670.873552
5529.43623
4405.1645
3294.13804
2192.765295
1097.696498
5.740525397
-0.0700867075
-0.07224332817
-0.07439994736
-0.07655656762
-0.07871318724
-0.08086980697
-0.08302642692
-0.08518304652
0.2840826099
1.503438267
2.93865541
4.846291482
7.438314837
11.19202175
15.94949987
22.67383519
22.74068636
2702.995698
26325.15481
26465.28277
25565.82806
24160.41599
22538.92077
20856.72065
19192.33155
17581.56513
16037.43905
14561.35264
13149.15891
11794.37104
10489.80262
9228.366806
8003.429456
6808.929668
5639.382116
4489.822339
3355.726988
2232.92514
1117.508111
5.740525398
-0.0700867075
-0.07224332817
-0.07439994736
-0.07655656762
-0.07871318724
-0.08086980697
-0.08302642692
-0.08518304652
0.2145949871
1.116284132
2.218008202
3.808012054
6.146240751
9.964385169
15.04753141
27.71721197
31.4757006
4827.722294
31109.58987
28350.57744
26688.64251
25019.39463
23258.5041
21474.40904
19724.68225
18039.56613
16430.12832
14896.67813
13434.19297
12035.38216
10692.30181
9397.152364
8142.632397
6922.057918
5729.361593
4559.033513
3406.036069
2265.709388
1133.67499
5.740525398
-0.0700867075
-0.07224332818
-0.07439994736
-0.07655656763
-0.07871318725
-0.08086980697
-0.08302642693
-0.08518304652
0.0799589898
0.4749798212
0.9820827037
1.847854173
3.180218102
6.365190413
12.53324331
33.75652384
47.20773011
4285.481262
28695.9636
29140.95173
27818.78057
25970.0293
24001.31282
22057.74731
20192.44574
18421.91683
16746.8618
15161.07309
13655.58793
12220.69698
10846.90214
9525.338088
8247.9171
7007.332727
5796.994544
4610.932146
3443.688296
2290.210764
1145.74672
5.740525397
-0.07008670751
-0.07224332818
-0.07439994736
-0.07655656763
-0.07871318725
-0.08086980698
-0.08302642693
-0.08518304652
-0.102499104
-0.338898097
-0.6272251848
-1.121792525
-2.565929657
-3.697580919
-3.231332642
37.85742281
63.88553646
2574.092814
32177.55117
31701.33414
29475.50894
27040.64606
24718.9929
22562.84204
20565.45975
18708.82158
16974.36156
15345.20008
13806.42484
12344.95052
10949.3042
9609.410805
8316.392844
7062.386485
5840.373828
4644.030646
3467.588343
2305.708184
1153.365396
5.740525397
-0.07008670751
-0.07224332818
-0.07439994737
-0.07655656763
-0.07871318725
-0.08086980698
-0.08302642693
-0.08518304652
-0.3122221038
-1.156875943
-2.411251044
-4.899878309
-9.409295511
-17.56183583
-38.07295848
-36.2449512
76.99100364
25226.7972
44640.99331
36016.56964
31341.2821
27998.07528
25271.19122
22909.18857
20797.75321
18873.5771
17096.59658
15438.97743
13879.99771
12403.41139
10995.98629
9646.638593
8345.885157
7085.472202
5858.106207
4657.247007
3476.940559
2311.67782
1156.270916
5.740525397
-0.07008670752
-0.07224332818
-0.07439994737
-0.07655656763
-0.07871318725
-0.08086980698
-0.08302642693
-0.08518304653
-0.401151556
-1.82886688
-3.084317424
-4.646588037
-6.828276181
-22.30241665
-84.63090433
-263.3814389
16682.30376
57891.72146
41786.01056
36383.08408
31874.97905
28339.20279
25458.52886
23004.9886
20842.81209
18891.16753
17099.5056
15434.15307
13871.21474
12392.74682
10984.62437
9635.303159
8335.06578
7075.537232
5849.354856
4649.929666
3471.263517
2307.80121
1154.304624
5.740525397
-0.07008670753
-0.07224332819
-0.07439994737
-0.07655656764
-0.07871318726
-0.08086980698
-0.08302642694
-0.08518304653
-0.6260771682
-2.637794774
-5.378002194
-10.51940333
-20.51966507
-25.63920488
1108.012719
12527.33028
34463.93441
54279.74203
42295.95405
35854.79055
31436.39333
28025.24892
25218.75215
22809.44572
20677.36511
18748.80774
16976.14211
15326.95321
13777.99948
12311.77296
10914.49508
9574.915565
8283.56709
7032.283035
5813.869887
4621.872628
3450.397186
2293.96845
1147.410503
5.740525396
-0.07008670754
-0.07224332819
-0.07439994737
-0.07655656764
-0.07871318726
-0.08086980699
-0.08302642694
-0.08518304653
-0.5490202589
-1.937218142
-2.63379135
-3.689996727
-3.717527183
0.5274351708
9389.179241
34366.15787
33389.58518
39746.3634
36948.90888
33303.74685
29990.57784
27106.66772
24581.80372
22336.69903
20308.42324
18450.59068
16729.34026
15119.5576
13602.09544
12161.88693
10786.70182
9466.32935
8192.034305
6956.185561
5751.993062
4573.313358
3414.498775
2270.274448
1135.633056
5.740525396
-0.07008670754
-0.07224332819
-0.07439994738
-0.07655656764
-0.07871318726
-0.08086980699
-0.08302642694
-0.08518304653
-0.5853326651
-1.717882145
-2.788512468
-3.931013727
-4.828770421
-3.985142725
51.64854374
27181.50423
33401.95884
33568.25536
32449.63155
30420.72909
28115.52437
25829.05821
23665.11478
21647.14768
19769.06922
18015.82808
16371.11015
14819.88135
13348.97633
11947.01425
10604.13093
9311.698977
8062.086392
6848.460132
5664.627877
4504.908736
3364.024777
2237.007057
1119.111407
5.740525396
-0.07008670755
-0.07224332819
-0.07439994738
-0.07655656764
-0.07871318726
-0.08086980699
-0.08302642694
-0.08518304654
-0.5650095715
-1.405659601
-2.157689174
-2.649783058
-3.470778586
-2.613510008
-1.945491032
14515.64278
25823.13224
28675.42468
28860.64422
27814.03139
26221.74896
24428.94238
22602.47013
20817.735
19104.91172
17472.58057
15919.4311
14439.92124
13026.95279
11673.09986
10371.14438
9114.283438
7896.184183
6710.969589
5553.174344
4417.688834
3299.699253
2194.627165
1098.069696
5.740525395
-0.07008670757
-0.0722433282
-0.07439994738
-0.07655656765
-0.07871318727
-0.08086980699
-0.08302642695
-0.08518304654
-0.5610087347
-1.219952357
-1.940782911
-1.988753472
-3.572679313
-1.742531335
-3.039309469
12682.58747
25286.42394
26451.12963
26503.50208
25753.01716
24528.51187
23062.50985
21498.11217
19916.44113
18360.29825
16850.19073
15394.15277
13993.45942
12645.85221
11347.32551
10093.09982
8878.141339
7697.43012
6546.089097
5419.436105
4312.993031
3222.471022
2143.742301
1072.804462
5.740525395
-0.07008670758
-0.0722433282
-0.07439994738
-0.07655656765
-0.07871318727
-0.080869807
-0.08302642695
-0.08518304654
-0.5373002688
-1.043611489
-1.630357865
-1.505778177
-3.008536148
-1.10883044
-2.384419049
11782.96816
25440.5786
25340.64158
24949.22666
24166.03473
23076.7865
21794.49378
20411.05507
18989.65262
17569.68709
16173.77095
14813.56984
13493.95085
12215.70975
10977.28822
9775.825405
8607.787912
7469.339267
6356.550333
5265.513176
4192.396319
3133.464417
2085.076344
1043.670208
5.740525394
-0.07008670759
-0.0722433282
-0.07439994739
-0.07655656765
-0.07871318727
-0.080869807
-0.08302642695
-0.08518304655
-0.5150454176
-0.9404144648
-1.438732572
-1.299928423
-2.528052155
-0.6221808101
-1.490530589
11073.14951
25199.11461
24523.06232
23786.73563
22885.12074
21818.12358
20627.64825
19361.9923
18061.46255
16755.06471
15461.67543
14192.44432
12953.10371
11745.78675
10570.33101
9425.1638
8307.882167
7215.622469
6145.28974
5093.695296
4057.634946
3033.929078
2019.438432
1011.064522
5.740525394
-0.0700867076
-0.0722433282
-0.07439994739
-0.07655656765
-0.07871318727
-0.080869807
-0.08302642696
-0.08518304655
-0.4987362033
-0.902808056
-1.352389077
-1.317062783
-2.274393152
-0.6999864913
-0.8196267353
10316.92203
24777.46388
23767.18546
22789.54093
21769.6037
20682.9601
19536.01078
18347.83569
17139.17661
15927.47166
14725.46042
13541.4675
12380.27243
11244.04225
10133.12489
9046.655411
7982.991383
6940.0126
5915.320851
4906.368743
3910.539547
2925.193842
1947.693996
975.4140906
5.740525394
-0.07008670761
-0.07224332821
-0.07439994739
-0.07655656766
-0.07871318728
-0.08086980701
-0.08302642696
-0.08518304655
-0.4962922667
-0.9514632041
-1.398985989
-1.52421193
-2.314528302
-1.145632367
-0.7610435579
9476.963606
24211.70504
22980.11923
21834.64908
20720.81028
19608.12587
18485.62801
17354.19593
16219.97229
15090.22225
13971.26542
12867.73215
11782.51636
10717.02549
9671.511236
8645.380819
7637.452395
6646.149575
5669.642282
4705.944771
3752.981308
2808.62834
1870.740079
937.162635
5.740525393
-0.07008670762
-0.07224332821
-0.0743999474
-0.07655656766
-0.07871318728
-0.08086980701
-0.08302642696
-0.08518304655
-0.4928903712
-1.038502089
-1.579055755
-1.919616395
-2.72353626
-1.923754491
-1.415252921
8545.01703
23503.20172
22108.42513
20848.13769
19670.88119
18543.1295
17444.20848
16363.3801
15296.32956
14242.21655
13201.68531
12175.71916
11165.07624
10170.07336
9190.554585
8225.943619
7275.324762
6337.524761
5411.183841
4494.812349
3586.833451
2685.614001
1789.486045
896.7612884
5.740525393
-0.07008670763
-0.07224332821
-0.0743999474
-0.07655656766
-0.07871318728
-0.08086980701
-0.08302642696
-0.08518304656
-0.4865957194
-1.169808742
-1.882038895
-2.513155432
-3.590088108
-3.515009641
-2.993119377
7377.819501
22561.22932
21103.74525
19778.60793
18571.46631
17449.32664
16384.72465
15358.81795
14359.78413
13380.6661
12417.5791
11468.42358
10532.03763
9607.678841
8694.731045
7792.553519
6900.414956
6017.474397
5142.785844
4275.313055
3413.947259
2557.524295
1704.839715
854.6614873
5.740525393
-0.07008670765
-0.07224332821
-0.0743999474
-0.07655656767
-0.07871318729
-0.08086980701
-0.08302642697
-0.08518304656
-0.4713457842
-1.335001897
-2.304585838
-3.347465946
-5.188754578
-6.178443419
-5.804095378
6265.620361
21618.10572
19968.2628
18591.09503
17387.06793
16298.00946
15286.57311
14327.41381
13403.35761
12503.12213
11619.58122
10748.39985
9887.013962
9033.915219
8188.178016
7349.163333
6516.343502
5689.205375
4867.201952
4049.732628
3236.139554
2425.71254
1617.698082
811.3100141
5.740525393
-0.07008670766
-0.07224332822
-0.07439994741
-0.07655656767
-0.07871318729
-0.08086980702
-0.08302642697
-0.08518304656
-0.4455831795
-1.484795535
-2.822451569
-4.717088314
-8.245076887
-10.30482074
-9.664144057
4985.211306
20266.52526
18561.58038
17230.45351
16087.71856
15069.09261
14136.17152
13260.9375
12423.14511
11608.92169
10809.26438
10018.62257
9233.745446
8452.831821
7674.942914
6899.616793
6126.62642
5355.834884
4587.113866
3820.301943
3055.187261
2291.504686
1528.941176
767.1455664
5.740525393
-0.07008670767
-0.07224332822
-0.07439994741
-0.07655656767
-0.07871318729
-0.08086980702
-0.08302642697
-0.08518304656
-0.4100480898
-1.486684052
-3.110766434
-5.473478533
-12.0941833
-16.8277259
-14.55336075
2800.845402
17743.95031
16782.4022
15681.43149
14664.27733
13754.49305
12928.10946
12157.05101
11419.39871
10700.19342
9989.972695
9283.122457
8576.555457
7868.765062
7159.185034
6447.772649
5734.746379
5020.427066
4305.146647
3589.200087
2872.824396
2156.194253
1439.427481
722.5961244
5.740525393
-0.07008670768
-0.07224332822
-0.07439994741
-0.07655656767
-0.07871318729
-0.08086980702
-0.08302642697
-0.08518304657
-0.3029471069
-1.102388265
-2.227049489
-4.37387708
-9.979394993
-16.66568203
-15.41868443
2569.160508
16307.41258
15144.72508
14048.60426
13133.48318
12356.51564
11664.74894
11019.78986
10397.24079
9782.519121
9167.35108
8547.380619
7920.630426
7286.528812
6645.29912
5997.580279
5344.195161
4686.013549
4023.875559
3358.553434
2690.737475
2021.036861
1349.989403
678.0764384
5.740525392
-0.07008670769
-0.07224332822
-0.07439994741
-0.07655656768
-0.0787131873
-0.08086980702
-0.08302642698
-0.08518304657
-0.1863503362
-0.6385513198
-1.123757728
-1.741353071
-3.970705826
-8.193198562
-5.844874996
3774.821152
15775.29127
13440.10229
12234.78899
11464.55201
10873.36043
10354.60843
9860.150384
9367.290873
8865.329483
8349.571991
7818.459483
7272.097858
6711.461089
6137.941666
5553.091932
4958.47618
4355.589607
3745.81856
3130.426589
2510.556554
1887.242568
1261.427733
633.9851336
5.740525392
-0.0700867077
-0.07224332823
-0.07439994742
-0.07655656768
-0.0787131873
-0.08086980703
-0.08302642698
-0.08518304657
-0.0793958433
-0.2441348358
-0.3909616606
-0.5320611696
-0.9831019432
-1.594442722
2.036450365
769.4661375
11828.04939
10601.38779
9985.908843
9616.592045
9317.787801
9020.201116
8698.943693
8346.477772
7961.97361
7547.18735
7104.827827
6637.880994
6149.316125
5641.953647
5118.407277
4581.063747
4032.083282
3473.412309
2906.803575
2333.840693
1755.965161
1174.504568
590.7011832
5.740525392
-0.0700867077
-0.07224332823
-0.07439994742
-0.07655656768
-0.0787131873
-0.08086980703
-0.08302642698
-0.08518304657
0.02169505181
0.1089657665
0.2920475668
0.6796425697
1.504224174
2.935707766
3.384071611
23.86143025
6992.39078
7146.524894
7490.876251
7698.136608
7761.019889
7709.491421
7568.976423
7357.737255
7088.9368
6772.414745
6415.823311
6025.322331
5606.008626
5162.188513
4697.5574
4215.323906
3718.300468
3208.973412
2689.560185
2162.058288
1628.2886
1089.934765
548.5797691
5.740525392
-0.07008670771
-0.07224332823
-0.07439994742
-0.07655656768
-0.0787131873
-0.08086980703
-0.08302642698
-0.08518304658
0.09599907197
0.336556352
0.6732610021
1.202809267
2.09037756
3.450173564
3.390845684
15.78054594
-448.9512011
3494.268593
5132.94843
5924.075064
6318.685514
6487.794585
6509.763654
6426.591695
6263.657886
6037.749732
5760.767736
5441.616239
5087.247182
4703.273242
4294.34741
3864.409514
3416.854033
2954.649951
2480.430584
1996.56416
1505.211718
1008.376533
507.947795
5.740525392
-0.07008670772
-0.07224332823
-0.07439994742
-0.07655656768
-0.0787131873
-0.08086980703
-0.08302642698
-0.08518304658
0.1367605875
0.4452574559
0.8210760132
1.319471756
1.985948791
2.763643814
2.705186781
7.28380777
-30.49531822
2140.822967
3622.659096
4546.546121
5101.873801
5413.2635
5555.721604
5575.241008
5501.389039
5354.196301
5147.920665
4893.167245
4598.130031
4269.348536
3912.186793
3531.147943
3130.088617
2712.370653
2280.972782
1838.576212
1387.632887
930.4221269
469.0994873
5.740525392
-0.07008670773
-0.07224332823
-0.07439994742
-0.07655656769
-0.07871318731
-0.08086980703
-0.08302642699
-0.08518304658
0.1508815484
0.4712609899
0.8283072447
1.245286454
1.719209737
2.162028417
2.35884682
3.879942298
-1.495492524
1475.467865
2670.358249
3537.592563
4129.02091
4507.68921
4724.647347
4817.294151
4812.496187
4729.763057
4583.589975
4385.041224
4142.796259
3863.842465
3553.940276
3217.941722
2860.013845
2483.79972
2092.538047
1689.154898
1276.336603
856.5897665
432.2925943
5.740525392
-0.07008670773
-0.07224332823
-0.07439994743
-0.07655656769
-0.07871318731
-0.08086980704
-0.08302642699
-0.08518304658
0.147688963
0.4491970411
0.7649780813
1.101648615
1.446989788
1.738901399
1.941953234
2.326976674
-2.038287047
1091.327872
2045.733417
2804.460638
3368.948439
3763.849752
4017.912976
4156.824015
4201.573237
4168.806559
4071.673068
3920.650146
3724.210008
3489.322778
3221.826705
2926.699247
2608.256866
2270.304378
1916.248815
1549.188367
1171.983828
787.31783
397.7456633
5.740525392
-0.07008670774
-0.07224332823
-0.07439994743
-0.07655656769
-0.07871318731
-0.08086980704
-0.08302642699
-0.08518304658
0.1348291507
0.4027151282
0.6717407289
0.9400778087
1.195656863
1.392054467
1.548944789
1.575300178
-2.478813541
845.7752209
1616.799624
2265.583385
2778.482337
3160.872538
3426.358838
3590.547129
3668.200368
3672.253085
3613.68313
3501.714477
3344.109039
3147.449431
2917.380593
2658.805609
2376.041063
2072.939743
1752.988191
1419.385364
1075.107368
722.9620992
365.636756
5.740525392
-0.07008670774
-0.07224332824
-0.07439994743
-0.07655656769
-0.07871318731
-0.08086980704
-0.08302642699
-0.08518304658
0.1178760823
0.3473503548
0.5712411872
0.7839494261
0.9753294697
1.109825299
1.227213764
1.144166338
-2.803711336
677.2815346
1310.116618
1862.605741
2318.54437
2674.822881
2936.130229
3110.836144
3208.461555
3238.357827
3209.128778
3128.45318
3003.09985
2839.022239
2641.476126
2415.134892
2164.192607
1892.452575
1603.402281
1300.276792
986.112943
663.7964451
336.1037883
5.740525392
-0.07008670775
-0.07224332824
-0.07439994743
-0.07655656769
-0.07871318731
-0.08086980704
-0.08302642699
-0.08518304658
0.1000859057
0.2920002594
0.4754962253
0.6436698505
0.7886855981
0.8830576726
0.9723981904
0.8642790342
-3.057212339
555.9503343
1083.78862
1556.192943
1958.28544
2283.767542
2532.530002
2708.235855
2816.484706
2863.62272
2856.057182
2799.906547
2700.85191
2564.099832
2394.401646
2196.097995
1973.171953
1729.302493
1467.914707
1192.225651
905.285828
610.0169141
309.2464808
5.740525392
-0.07008670775
-0.07224332824
-0.07439994743
-0.07655656769
-0.07871318731
-0.08086980704
-0.08302642699
-0.08518304659
0.08316956704
0.2410221672
0.389844613
0.5227425228
0.6338689831
0.7017237658
0.7704493618
0.6671523663
-3.255702292
465.7366218
912.903098
1320.105927
1674.655385
1969.454478
2202.012715
2373.122074
2485.650803
2543.625288
2551.606199
2514.300172
2436.337696
2322.159123
2175.966819
2001.715622
1803.12422
1583.697099
1346.751191
1095.444097
832.8023085
561.7487917
285.1297296
5.740525392
-0.07008670776
-0.07224332824
-0.07439994743
-0.07655656769
-0.07871318731
-0.08086980704
-0.08302642699
-0.08518304659
0.06801492477
0.1962909717
0.31606193
0.4210167804
0.5068317409
0.5566266539
0.6098138611
0.5202185704
-3.412553303
397.3151541
781.9894798
1136.685908
1450.793752
1717.40438
1932.970029
2096.617768
2209.402577
2273.65488
2292.477
2269.385809
2208.075149
2112.267009
1985.624364
1831.704926
1653.941113
1455.636335
1239.971208
1010.015701
768.744767
519.0559489
263.7880748
5.740525392
-0.07008670776
-0.07224332824
-0.07439994743
-0.07655656769
-0.07871318731
-0.08086980704
-0.08302642699
-0.08518304659
0.05496848103
0.158187946
0.2539017238
0.3366217685
0.4031648178
0.4402309768
0.4815045617
0.4067483017
-3.537492491
344.9238554
681.0619022
993.8678172
1274.447002
1516.42088
1715.870416
1871.004637
1981.717674
2049.14747
2075.295288
2062.725774
2014.344918
1933.243521
1822.591456
1685.569399
1525.327258
1344.961197
1147.503425
935.9207304
713.1189761
481.9516192
245.2308694
5.740525392
-0.07008670776
-0.07224332824
-0.07439994743
-0.0765565677
-0.07871318731
-0.08086980704
-0.08302642699
-0.08518304659
0.04398189457
0.1262837155
0.2022406491
0.2672269051
0.3188846584
0.3466933332
0.3787331225
0.317358308
-3.637419894
304.8393576
603.4745532
883.2895586
1136.722874
1357.982909
1543.110791
1689.840403
1797.346251
1865.954223
1896.864405
1891.911208
1853.369307
1783.804064
1685.960565
1562.684069
1416.864987
1251.402467
1069.181831
873.0622778
665.8721588
450.4097305
229.4477341
5.740525392
-0.07008670776
-0.07224332824
-0.07439994744
-0.0765565677
-0.07871318732
-0.08086980704
-0.08302642699
-0.08518304659
0.03485247815
0.09989595163
0.1597515158
0.2105850586
0.2506263948
0.2715216299
0.2963475398
0.246263063
-3.717450145
274.5846048
544.7154694
799.1058866
1031.189042
1235.6979
1408.773658
1547.927131
1651.902352
1720.490287
1754.329658
1754.718689
1723.450314
1662.675433
1574.793934
1462.370734
1328.073196
1174.626003
1004.779901
821.2913228
626.910488
424.3759633
216.4139059
5.740525392
-0.07008670776
-0.07224332824
-0.07439994744
-0.0765565677
-0.07871318732
-0.08086980704
-0.083026427
-0.08518304659
0.02735655323
0.0783139711
0.1251342251
0.1646697633
0.1955751289
0.2111965742
0.2303477816
0.1895273639
-3.781488226
252.4925133
501.7048896
737.2421921
953.2462513
1144.866435
1308.382579
1441.218755
1541.874736
1609.805683
1645.277181
1649.216043
1623.070211
1568.685112
1488.199412
1383.960354
1258.457422
1114.272055
954.0407524
780.4291285
596.1148809
403.7778084
206.09513
5.740525392
-0.07008670776
-0.07224332824
-0.07439994744
-0.0765565677
-0.07871318732
-0.08086980704
-0.083026427
-0.08518304659
0.02127209819
0.06083735353
0.09715708448
0.1276702948
0.1513487402
0.1628823954
0.1775443632
0.1442355318
-3.83254895
237.4560316
472.3774124
694.9242779
899.7037957
1082.159063
1238.694731
1366.716591
1464.600407
1531.610453
1567.788345
1573.829578
1550.960763
1500.826094
1425.387663
1326.841484
1207.549576
1069.986995
916.7017887
750.2857445
573.3541616
388.5330078
198.4517911
5.740525392
-0.07008670777
-0.07224332824
-0.07439994744
-0.0765565677
-0.07871318732
-0.08086980704
-0.083026427
-0.08518304659
0.01637528156
0.04678460982
0.07467263922
0.09797773713
0.1159153301
0.1242449494
0.1353418048
0.1080990753
-3.873027865
228.7826751
455.4324266
670.3860456
868.5017313
1045.390903
1197.543384
1322.377798
1418.227303
1484.276414
1520.466209
1527.383624
1506.147508
1458.300496
1385.711994
1290.494824
1174.936758
1041.44658
892.5129206
730.6737609
558.4948931
378.5558897
193.4420247
5.740525392
-0.07008670777
-0.07224332824
-0.07439994744
-0.0765565677
-0.07871318732
-0.08086980704
-0.083026427
-0.08518304659
0.01244884208
0.03551871807
0.05664359165
0.07418408525
0.08754515869
0.09334398585
0.1016037042
0.07926102318
-3.906008612
226.1127435
450.1914614
662.6978428
858.5419644
1033.378568
1183.73221
1307.048553
1401.681275
1466.829901
1502.445612
1509.120718
1487.97453
1440.545131
1368.69238
1274.514422
1160.279121
1028.370429
881.2478836
721.416823
551.4074407
373.7612615
191.0236208
5.740525392
-0.07008670776
-0.07224332824
-0.07439994744
-0.0765565677
-0.07871318732
-0.08086980704
-0.08302642699
-0.08518304659
0.00929591373
0.02647355925
0.0421634164
0.05508067996
0.06477675146
0.06856351462
0.07456177326
0.05618956578
-3.932178719
229.3815646
456.5305983
671.683732
869.6051271
1045.867859
1196.979887
1320.426941
1414.645353
1478.943819
1513.394082
1518.707868
1496.113373
1447.241231
1374.024843
1278.616044
1163.316907
1030.527646
882.7085145
722.3527318
551.9680897
374.0657139
191.1546289
5.740525392
-0.07008670776
-0.07224332824
-0.07439994744
-0.0765565677
-0.07871318731
-0.08086980704
-0.08302642699
-0.08518304659
0.006747615363
0.01916516703
0.03046005054
0.0396461074
0.04638352686
0.0485573907
0.05274620359
0.03760820197
-3.953073868
238.8147273
474.873254
697.9129201
902.3420002
1083.526075
1237.913583
1363.057423
1457.554783
1520.932857
1553.506933
1556.231437
1530.557786
1478.309241
1401.576526
1302.632715
1183.866535
1047.733446
896.7219
733.3310944
560.057216
379.3863456
193.7926816
5.740525392
-0.07008670776
-0.07224332824
-0.07439994743
-0.07655656769
-0.07871318731
-0.08086980704
-0.08302642699
-0.08518304659
0.004660117312
0.01318343342
0.0208775143
0.02701510592
0.03132717096
0.03219130689
0.03491557127
0.02244015524
-3.969969965
254.9574807
506.2422263
742.7639763
958.3385583
1147.998633
1308.111472
1436.357252
1531.608225
1593.752108
1623.496651
1622.180583
1591.604055
1533.888297
1451.365976
1346.496891
1221.805237
1079.836425
923.1301743
754.205452
575.5535371
389.6369873
198.8931126
5.740525392
-0.07008670776
-0.07224332824
-0.07439994743
-0.07655656769
-0.07871318731
-0.08086980704
-0.08302642699
-0.08518304659
0.002918427106
0.008199022493
0.01288425162
0.01648459361
0.01875825273
0.0185359834
0.02005144332
0.009774024479
-3.983836798
278.7438471
552.381465
808.5731765
1040.263891
1242.035681
1410.196343
1542.67406
1638.792629
1698.995945
1724.57351
1717.416733
1679.815089
1614.299158
1523.52781
1410.208675
1277.043778
1126.696085
961.7727134
784.8197538
598.3244208
404.7219652
206.40592
5.740525392
-0.07008670776
-0.07224332824
-0.07439994743
-0.07655656769
-0.07871318731
-0.08086980704
-0.08302642699
-0.08518304659
0.001401505795
0.003886774973
0.005949223874
0.007358797243
0.007829881086
0.006683050816
0.00713667531
-0.00122002268
-3.995591921
311.6216642
615.9736603
898.8939979
1152.12195
1369.700532
1547.983428
1685.371526
1781.915307
1838.889722
1858.41061
1843.123776
1795.964688
1719.98859
1618.260948
1493.789962
1349.487465
1188.150899
1012.460947
824.989337
628.2123654
424.5274783
216.2716017
5.740525392
-0.07008670775
-0.07224332824
-0.07439994743
-0.07655656769
-0.07871318731
-0.08086980704
-0.08302642699
-0.08518304659
4.757975899e-05
5.388981627e-05
-0.0002371158495
-0.0007994196793
-0.001962105482
-0.00395945044
-0.004474090228
-0.01118368446
-4.005742632
355.7665169
701.0043187
1018.917474
1299.642753
1536.677252
1726.684094
1868.934531
1964.62999
2016.260466
2027.081327
2000.729804
1940.955827
1851.451763
1735.759106
1597.224662
1438.98636
1263.978074
1074.946879
874.4772691
665.0182377
448.9109289
228.4159866
5.740525392
-0.07008670775
-0.07224332824
-0.07439994743
-0.07655656769
-0.07871318731
-0.08086980704
-0.08302642699
-0.08518304658
-0.001278306957
-0.003565605414
-0.00616115238
-0.00858208839
-0.01140367315
-0.01421885219
-0.01577873915
-0.02081881672
-4.014972717
414.4479293
813.3662144
1176.138846
1490.867483
1750.697581
1953.159724
2099.073977
2191.432501
2234.463725
2232.950552
2191.786635
2115.703671
2009.127046
1876.120806
1720.384339
1545.275406
1353.846414
1148.886891
932.9674773
708.4823682
477.688926
242.744406
5.740525392
-0.07008670775
-0.07224332824
-0.07439994743
-0.07655656769
-0.07871318731
-0.08086980704
-0.08302642699
-0.08518304658
-0.002639436457
-0.007144549632
-0.01217925509
-0.01638635263
-0.02099704448
-0.02469800824
-0.02749769034
-0.03058359288
-4.023738017
492.6763784
961.8802466
1381.414142
1737.003881
2022.10171
2236.201394
2382.790833
2467.585183
2497.232944
2478.495316
2417.790956
2320.973342
2193.2575
2039.23603
1862.938283
1667.904728
1457.26333
1233.80225
1000.036103
758.2647344
510.6248437
259.1356842
5.740525393
-0.07008670774
-0.07224332823
-0.07439994743
-0.07655656769
-0.07871318731
-0.08086980704
-0.08302642699
-0.08518304658
-0.004104882704
-0.01021668312
-0.01806535872
-0.02361594029
-0.03040453302
-0.03482533704
-0.03907300326
-0.04110970576
-4.031813554
598.4040308
1160.070719
1650.64344
2053.645219
2364.51945
2586.770079
2728.324081
2798.906464
2808.406753
2766.028069
2679.933701
2557.16761
2403.718853
2224.651302
2024.250372
1806.162414
1573.518083
1329.038145
1075.122654
813.9254861
547.4168186
277.4364223
5.740525393
-0.07008670774
-0.07224332823
-0.07439994743
-0.07655656769
-0.07871318731
-0.08086980704
-0.08302642699
-0.08518304658
-0.006070182896
-0.01454176891
-0.02613533801
-0.0336750847
-0.04348523128
-0.04822351879
-0.05633839161
-0.05378778219
-4.041169402
744.9040217
1429.361553
2007.453191
2462.42678
2795.575786
3018.050025
3144.850537
3191.331808
3171.478307
3097.296008
2978.770292
2824.067876
2639.822198
2431.422645
2203.271334
1958.996769
1701.626497
1433.72503
1157.503579
874.9075755
587.6872741
297.4560869
5.740525393
-0.07008670773
-0.07224332823
-0.07439994743
-0.07655656769
-0.07871318731
-0.08086980703
-0.08302642699
-0.08518304658
-0.00757905701
-0.0173148546
-0.03230800915
-0.04151638797
-0.05360522941
-0.05851065781
-0.0704799454
-0.06517541428
-3.996876259
955.8956427
1805.024508
2487.390038
2993.045661
3337.322812
3545.017126
3641.72057
3650.117187
3588.901585
3472.930728
3313.807845
3120.535331
2900.102507
2657.968132
2398.437052
2124.946818
1840.283944
1546.747222
1246.2717
940.5237589
630.9753284
318.9635232
5.740525393
-0.07008670773
-0.07224332823
-0.07439994743
-0.07655656769
-0.07871318731
-0.08086980703
-0.08302642699
-0.08518304658
-0.01130658898
-0.0210401028
-0.044935604
-0.0531697424
-0.07269688818
-0.07273575609
-0.09779775852
-0.08587532194
-3.191489682
1277.65373
2347.457089
3144.045829
3685.057116
4015.670891
4182.988494
4226.921966
4178.541313
4061.105311
3891.743257
3683.021136
3444.18824
3182.108216
2901.933088
2607.58349
2302.089376
1987.832924
1666.723427
1340.324816
1009.950174
676.7334232
341.6855229
5.740525393
-0.07008670772
-0.07224332823
-0.07439994742
-0.07655656768
-0.0787131873
-0.08086980703
-0.08302642698
-0.08518304658
-0.01239804711
-0.02586100978
-0.05004884009
-0.06841397077
-0.09303311266
-0.09083594803
-0.1247795882
-0.07301982539
3.656899273
1810.459273
3163.111277
4056.287932
4587.48164
4857.329992
4944.356664
4904.453057
4776.037549
4585.253922
4349.93781
4082.369021
3791.112289
3482.232522
3160.095231
2827.895957
2488.014026
2142.252511
1792.003869
1438.366473
1082.228385
724.3292848
365.3079626
5.740525393
-0.07008670772
-0.07224332823
-0.07439994742
-0.07655656768
-0.0787131873
-0.08086980703
-0.08302642698
-0.08518304658
-0.01373859016
-0.02912026741
-0.04991592448
-0.0555769045
-0.08818793994
-0.05851507336
-0.1620427465
-0.1483988263
97.85405131
2797.400251
4438.24833
5330.517935
5751.269517
5881.81383
5832.669889
5670.516467
5435.922086
5153.95613
4840.407809
4505.428394
4155.682876
3795.637504
3428.341861
3055.9124
2679.837828
2301.17664
1920.688097
1538.921271
1156.27724
773.0539379
389.479831
5.740525393
-0.07008670771
-0.07224332823
-0.07439994742
-0.07655656768
-0.0787131873
-0.08086980703
-0.08302642698
-0.08518304658
-0.02187225471
-0.06663971806
-0.1149900448
-0.1540928478
-0.1913026051
-0.1753592715
-0.2227699174
0.1065917867
1066.934314
4843.044189
6461.970072
7076.263654
7205.294066
7086.00923
6834.016226
6509.043774
6143.199771
5754.263
5352.332265
4943.277482
4530.576713
4116.315782
3701.744632
3287.595041
2874.267587
2461.945374
2050.665532
1640.365652
1230.914939
822.1359143
413.8201818
5.740525394
-0.07008670771
-0.07224332823
-0.07439994742
-0.07655656768
-0.0787131873
-0.08086980703
-0.08302642698
-0.08518304657
0.002739378446
-0.0008486279189
0.00451041254
-0.02272346464
-0.05846035845
-0.02902210865
-0.2504806143
-0.2398523234
6041.321199
9045.556557
9490.334265
9307.288032
8907.631741
8422.918989
7908.356029
7388.459812
6873.589613
6367.585447
5871.403718
5384.795894
4907.053992
4437.327224
3974.748017
3518.47641
3067.711228
2621.688824
2179.677827
1740.973164
1304.890456
870.7610606
437.9277074
5.740525394
-0.0700867077
-0.07224332823
-0.07439994742
-0.07655656768
-0.0787131873
-0.08086980703
-0.08302642698
-0.08518304657
-0.04727918108
-0.1459071452
-0.2419690307
-0.3417632641
-0.3223953158
-0.5009073945
-0.1781381802
29.38591312
25096.8838
15807.55113
13146.49705
11754.93625
10695.04029
9789.696128
8988.047398
8262.86823
7595.133292
6971.107022
6380.923846
5817.471397
5275.539256
4751.213925
4241.465793
3743.871996
3256.431016
2777.437811
2305.398509
1838.970941
1376.922088
918.0965651
461.392276
5.740525394
-0.07008670769
-0.07224332822
-0.07439994742
-0.07655656768
-0.0787131873
-0.08086980703
-0.08302642698
-0.08518304657
0.04296622834
0.02251296135
0.1382367156
0.004329052825
-0.0745166971
0.05373154767
-0.9396688489
156.5975721
34304.95039
15942.10935
15533.18258
13870.92349
12327.90647
11052.79193
9991.28555
9079.850497
8272.988338
7540.806997
6863.735568
6228.649393
5626.440674
5050.546074
4496.050999
3959.135181
3436.721774
2926.249716
2425.522081
1932.602137
1445.739735
963.3171688
483.807482
5.740525394
-0.07008670769
-0.07224332822
-0.07439994742
-0.07655656768
-0.0787131873
-0.08086980702
-0.08302642698
-0.08518304657
-0.06044805217
-0.2203568719
-0.3688906523
-0.5207466955
-0.5225875651
-0.6415784727
-0.2061782358
2219.178936
25933.10231
24956.21614
19173.40901
15867.7033
13692.88089
12102.29317
10844.468
9792.277852
8876.182546
8055.418369
7304.584196
6606.97264
5951.050828
5328.501166
4733.07849
4159.916165
3605.089781
3065.333911
2537.8525
2020.187832
1510.126803
1005.631155
504.7830942
5.740525395
-0.07008670768
-0.07224332822
-0.07439994741
-0.07655656767
-0.0787131873
-0.08086980702
-0.08302642698
-0.08518304657
0.1152064239
0.006450265417
0.3907316692
-0.1042381319
0.3092647692
-0.5224017307
-4.122454265
449.4722392
25436.33485
27545.22366
20336.59155
16733.6092
14473.63157
12819.045
11492.03091
10368.62829
9384.065437
8500.120848
7692.232258
6943.628783
6242.311571
5579.351548
4947.866963
4342.381257
3758.405753
3192.160273
2640.380623
2100.181835
1568.957655
1044.303745
523.9563124
5.740525395
-0.07008670767
-0.07224332822
-0.07439994741
-0.07655656767
-0.07871318729
-0.08086980702
-0.08302642698
-0.08518304657
-0.03665775308
-0.2351812151
-0.305577519
-0.7733821332
-0.2975939997
-1.901092475
-1.046171688
-2.907230381
11320.35009
18857.40922
17894.12482
16256.51521
14649.00123
13208.23727
11935.99785
10806.15672
9791.349587
8868.788223
8020.617125
7233.021174
6495.237679
5798.748556
5136.677709
4503.356067
3894.010095
3304.537353
2731.342245
2171.213077
1621.22731
1078.675978
541.0009475
5.740525395
-0.07008670767
-0.07224332823
-0.07439994741
-0.07655656768
-0.07871318729
-0.08086980702
-0.08302642697
-0.08518304657
0.1388878967
0.1063527807
0.6034334297
0.185828214
1.40295007
-0.273206028
1.747140116
-3.878090161
6397.593208
13966.69228
16126.89839
15749.33133
14657.63064
13428.91773
12237.58199
11128.66879
10106.40735
9163.086114
8288.448642
7472.623442
6706.891743
5983.749141
5296.760246
4640.375025
4009.759528
3400.653267
2809.25219
2232.11266
1666.07151
1108.177962
555.6340051
5.740525396
-0.07008670766
-0.07224332823
-0.07439994741
-0.07655656768
-0.07871318729
-0.08086980702
-0.08302642698
-0.08518304657
0.0312425169
-0.1575606688
-0.0574146465
-0.6285831141
-0.1301903687
-2.144349758
-1.790055252
-1.223194789
11981.95947
17227.50349
16897.61894
15956.28771
14803.28235
13612.2339
12456.75899
11364.54668
10342.54421
9388.720937
8497.489534
7662.154323
6875.978806
6132.617678
5426.259977
4751.643991
4104.017969
3479.080374
2872.914746
2281.9255
1702.776998
1132.336349
567.6195859
5.740525396
-0.07008670765
-0.07224332823
-0.0743999474
-0.07655656768
-0.07871318729
-0.08086980702
-0.08302642698
-0.08518304657
0.1135120416
0.307960029
0.648842079
0.8023910143
1.910947118
0.8526201851
-4.694891354
1345.750517
22087.68263
22112.6295
18279.26663
16374.92442
14986.98715
13759.98928
12612.68866
11530.23215
10510.52109
9551.784419
8650.655661
7802.547375
7002.273352
6244.504282
5524.038742
4835.942636
4175.606129
3538.751785
2921.41496
2319.909124
1730.783437
1150.77678
576.7704366
5.740525396
-0.07008670764
-0.07224332824
-0.07439994739
-0.07655656769
-0.07871318729
-0.08086980702
-0.08302642698
-0.08518304657
0.01520476543
-0.007132637966
0.00853113284
-0.06538929112
0.04318302282
0.170857114
-0.09640700934
242.8426345
22089.4154
19618.90211
17731.89118
16277.1632
15009.76267
13828.06028
12703.78951
11633.18954
10617.54264
9657.260314
8750.822502
7895.12779
7086.084616
6319.108697
5589.468707
4892.501209
4223.730151
3578.921809
2954.098097
2345.524011
1749.679561
1163.222774
582.9477972
5.740525396
-0.07008670765
-0.07224332824
-0.07439994739
-0.07655656769
-0.07871318728
-0.08086980703
-0.08302642698
-0.08518304657
0.05843371198
0.1546120117
0.2768450602
0.3198691622
0.4479419775
0.1343478792
-0.9090310626
8.486357282
13227.04004
16532.7437
16752.23778
15992.08205
14946.85027
13838.71256
12741.23482
11681.2111
10669.21847
9708.911803
8800.267194
7941.078084
7127.850124
6356.398378
5622.246669
4920.882721
4247.909323
3599.12318
2970.545374
2358.420556
1759.196647
1169.492767
586.0603637
5.740525396
-0.07008670768
-0.07224332824
-0.0743999474
-0.07655656769
-0.07871318728
-0.08086980703
-0.08302642698
-0.08518304656
)
;

boundaryField
{
    lowerWall
    {
        type            calculated;
        value           nonuniform List<scalar> 
80
(
-0.08626135639
-0.08626135639
-0.08626135639
-0.08626135639
-0.08626135639
-0.08626135639
-0.08626135639
-0.08626135639
-0.08626135639
-0.0862613564
-0.0862613564
-0.0862613564
-0.0862613564
-0.0862613564
-0.08626135641
-0.08626135641
-0.08626135641
-0.08626135641
-0.08626135641
-0.08626135642
-0.08626135642
-0.08626135642
-0.08626135643
-0.08626135643
-0.08626135643
-0.08626135643
-0.08626135644
-0.08626135644
-0.08626135644
-0.08626135644
-0.08626135645
-0.08626135645
-0.08626135645
-0.08626135645
-0.08626135646
-0.08626135646
-0.08626135646
-0.08626135646
-0.08626135646
-0.08626135647
-0.08626135647
-0.08626135647
-0.08626135647
-0.08626135647
-0.08626135647
-0.08626135647
-0.08626135647
-0.08626135648
-0.08626135648
-0.08626135648
-0.08626135648
-0.08626135648
-0.08626135648
-0.08626135648
-0.08626135648
-0.08626135647
-0.08626135647
-0.08626135647
-0.08626135647
-0.08626135647
-0.08626135647
-0.08626135647
-0.08626135647
-0.08626135647
-0.08626135647
-0.08626135647
-0.08626135646
-0.08626135646
-0.08626135646
-0.08626135646
-0.08626135646
-0.08626135646
-0.08626135646
-0.08626135645
-0.08626135645
-0.08626135645
-0.08626135645
-0.08626135645
-0.08626135645
-0.08626135645
)
;
    }
    atmosphere
    {
        type            calculated;
        value           nonuniform List<scalar> 
80
(
0
0
0
0
0
0
0
0
0
-0.08431158493
-0.3358345626
-0.4126583561
-0.3959443011
-0.3356404405
-0.2615749103
-0.1758309882
-0.09209036828
-0.02938568169
-0.006357887518
-0.001469303584
-0.04447173498
-0.06661475697
-0.1257939976
-0.1755732325
-0.2336694064
-0.2626756135
-0.2719250377
-0.2655022785
-0.2458170789
-0.2068189447
-0.1487666897
-0.07721064066
-0.01389474954
0
0
0
0
0
0
0
0
0
0
0
0
0
0
0
0
0
0
0
0
0
0
0
0
0
0
0
0
0
0
0
0
-4.887102699e-08
0
-1.224393995e-05
-1.379897772e-06
-5.54585726e-05
-5.360410092e-05
-0.0001200025474
-0.0003349394961
-0.000240934962
-0.000986501685
-0.0002599158165
-2.758908296e-05
0
0
0
)
;
    }
    rightWall
    {
        type            empty;
    }
    leftWall
    {
        type            empty;
    }
    frontAndBack
    {
        type            calculated;
        value           nonuniform List<scalar> 
80
(
0.1304667253
0.3626103586
0.5803399706
0.7916414379
0.9806316892
1.13174456
1.341269916
1.196847763
-2.629370217
1724.981892
3348.587117
4785.496373
5984.733056
6925.916349
7611.851029
8059.887919
8294.753739
8343.566539
8232.829992
7986.88488
7627.290027
7172.733671
6639.219489
6040.377441
5387.811337
4691.435936
3959.783616
3200.275513
2419.458807
1623.215001
816.9454481
5.740525391
-0.07008670754
-0.07224332817
-0.07439994734
-0.07655656762
-0.07871318722
-0.08086980696
-0.08302642691
-0.0851830465
0.05843371198
0.1546120117
0.2768450602
0.3198691622
0.4479419775
0.1343478792
-0.9090310626
8.486357282
13227.04004
16532.7437
16752.23778
15992.08205
14946.85027
13838.71256
12741.23482
11681.2111
10669.21847
9708.911803
8800.267194
7941.078084
7127.850124
6356.398378
5622.246669
4920.882721
4247.909323
3599.12318
2970.545374
2358.420556
1759.196647
1169.492767
586.0603637
5.740525396
-0.07008670768
-0.07224332824
-0.0743999474
-0.07655656769
-0.07871318728
-0.08086980703
-0.08302642698
-0.08518304656
)
;
    }
}


// ************************************************************************* //
