/*--------------------------------*- C++ -*----------------------------------*\
| =========                 |                                                 |
| \\      /  F ield         | OpenFOAM: The Open Source CFD Toolbox           |
|  \\    /   O peration     | Version:  2506                                  |
|   \\  /    A nd           | Website:  www.openfoam.com                      |
|    \\/     M anipulation  |                                                 |
\*---------------------------------------------------------------------------*/
FoamFile
{
    version     2.0;
    format      ascii;
    arch        "LSB;label=32;scalar=64";
    class       volScalarField;
    location    "0.002";
    object      p_rgh;
}
// * * * * * * * * * * * * * * * * * * * * * * * * * * * * * * * * * * * * * //

dimensions      [1 -1 -2 0 0 0 0];

internalField   nonuniform List<scalar> 
3200
(
0.1315293649
0.3658000637
0.5856621162
0.7991049883
0.9902489729
1.143530556
1.355241155
1.213021803
80.75562797
1818.176892
3451.592117
4898.311373
6107.358056
7058.351349
7754.096029
8211.942919
8456.618739
8515.241539
8414.314992
8178.17988
7828.395027
7383.648671
6859.944489
6270.912441
5628.156337
4941.590936
4219.748616
3470.050513
2699.043807
1912.610001
1116.150448
314.7555254
3.495480607e-06
3.437415341e-06
3.437208808e-06
3.435976051e-06
3.435559066e-06
3.43512099e-06
3.434617797e-06
3.434633775e-06
0.1384432141
0.375277973
0.5976865718
0.8158791667
1.015352038
1.179996018
1.421202065
1.285971899
80.84433692
1922.178854
3638.288383
5135.987462
6365.418073
7313.608363
7992.000829
8425.128441
8642.693335
8674.810037
8549.537116
8291.843111
7923.374739
7462.627954
6925.293099
6324.654059
5671.979644
4976.87919
4247.614342
3491.368619
2714.480079
1922.64388
1121.091835
314.7555254
3.495852888e-06
3.437416055e-06
3.437218965e-06
3.435976996e-06
3.435555665e-06
3.435117749e-06
3.434613428e-06
3.434626833e-06
0.1539763949
0.3945913807
0.6249896625
0.8612372853
1.103608493
1.27072995
1.571149472
1.271628236
80.96649327
2151.389018
4043.40118
5641.942835
6904.733957
7838.687036
8475.193864
8853.901281
9014.241745
8991.794455
8817.209158
8516.313131
8110.667552
7618.228883
7053.975636
6430.45626
5758.250407
5046.350692
4302.478195
3533.345309
2744.877428
1942.403247
1130.822094
314.7555254
3.496059586e-06
3.437420803e-06
3.437216869e-06
3.435981966e-06
3.435552042e-06
3.435117092e-06
3.434612826e-06
3.434625039e-06
0.1790491733
0.4196424702
0.6585761071
0.9066687956
1.179067787
1.392160304
1.798607609
1.794528878
81.31836104
2559.020559
4741.989694
6483.659229
7772.901131
8661.226286
9216.193518
9501.054906
9568.601273
9460.94379
9211.219086
8845.560379
8384.781847
7845.671917
7241.949481
6584.967483
5884.235281
5147.813276
4382.618974
3594.671568
2789.292989
1971.277876
1145.041889
314.7555254
3.496380452e-06
3.437423725e-06
3.437210796e-06
3.435985534e-06
3.435548974e-06
3.435118675e-06
3.434613571e-06
3.434627027e-06
0.202896009
0.4137032821
0.6466605417
0.943237047
1.295679725
1.51823758
2.153420976
1.328101397
77.79559925
3261.263716
5881.884178
7777.810573
9042.000478
9817.141847
10227.31437
10365.54641
10298.19393
10072.18973
9721.18976
9269.953107
8737.253179
8137.752653
7483.207263
6783.252429
6045.932186
5278.068283
4485.530246
3673.443331
2846.356087
2008.38077
1163.315665
314.7555254
3.496685116e-06
3.437424628e-06
3.437204088e-06
3.435987679e-06
3.43554599e-06
3.435120311e-06
3.434614336e-06
3.434628365e-06
0.1796721986
0.4330757033
0.6469108197
1.000978518
1.451763155
1.857512705
2.727709264
4.07043123
-114.2639276
4526.453867
7746.476748
9703.706677
10800.17955
11338.05243
11510.3957
11435.6474
11186.46539
10808.45768
10331.42075
9775.832924
9156.550729
8484.904816
7769.900981
7018.928656
6238.197101
5433.018992
4608.008292
3767.229435
2914.317506
2052.580131
1185.087619
314.7555254
3.497018501e-06
3.437425546e-06
3.43719833e-06
3.435988728e-06
3.435543568e-06
3.435120641e-06
3.434614371e-06
3.434628305e-06
0.1577178274
0.5654903642
0.8546955311
1.338263797
1.67719642
1.615245253
2.453482257
0.7530790032
-1239.187565
7211.474974
10873.88443
12490.35987
13116.97978
13224.51183
13040.58842
12680.20779
12203.58547
11643.7767
11020.22451
10345.43122
9628.239087
8875.443335
8092.591335
7284.39125
6454.93387
5607.824529
4746.272731
3873.162603
2991.11437
2102.541027
1209.702096
314.7555254
3.497380303e-06
3.437426346e-06
3.43719441e-06
3.435988976e-06
3.435541797e-06
3.435120007e-06
3.434613862e-06
3.434627547e-06
-0.07793469354
0.08215190079
0.478355192
1.458295773
2.449397629
1.84082427
2.019936753
77.01860013
11043.67307
14684.59429
16047.21243
16266.88138
15952.89351
15402.4421
14747.25417
14041.03365
13303.91527
12542.86031
11760.29115
10957.45316
10135.55919
9296.067374
8440.658233
7571.138135
6689.347663
5797.09473
4896.113932
3988.048135
3074.446567
2156.774046
1236.427276
314.7555254
3.497750571e-06
3.437426533e-06
3.437192114e-06
3.435988531e-06
3.435540487e-06
3.435118908e-06
3.434613061e-06
3.434626401e-06
0.03645360724
-0.5511476056
-0.2164308055
1.159219762
3.194639954
0.3856634213
11.5188198
13127.81692
27552.88758
24432.25083
22363.48815
20577.06346
19025.28124
17685.12171
16504.97496
15432.7812
14428.20732
13463.48341
12520.65183
11588.55783
10660.50626
9732.638459
8802.864465
7870.181891
6934.248404
5995.114683
5053.058625
4108.484033
3161.860346
2213.688171
1264.480793
314.7555254
3.498105888e-06
3.437426124e-06
3.437190753e-06
3.435987537e-06
3.435539396e-06
3.435117527e-06
3.434612036e-06
3.434624977e-06
0.2331907991
-0.09456172838
0.3805094649
1.19529308
3.763034521
0.1645573119
1014.570539
32278.29699
32910.88686
32779.91638
28397.39556
24652.61714
21886.05746
19807.79837
18154.76844
16756.93441
15512.67467
14362.24056
13270.30169
12215.64771
11185.29911
10171.1458
9168.007968
8172.503209
7182.373875
6196.078918
5212.540583
4230.984024
3250.833692
2271.644714
1293.055831
314.7555254
3.49842455e-06
3.437425206e-06
3.437189775e-06
3.435986158e-06
3.435538326e-06
3.435115946e-06
3.434610798e-06
3.434623361e-06
0.2244852942
0.7431477192
1.580271146
2.624174277
5.30196698
2.759842837
8.710726274
22588.48378
32096.32272
36669.29709
33793.26052
27749.95635
24058.54233
21505.25677
19549.38581
17927.53673
16503.34093
15202.52966
13982.69441
12818.46028
11693.92635
10598.66803
9525.547687
8469.476475
7426.690146
6394.30909
5370.0601
4352.093378
3338.857281
2329.008769
1321.346144
314.7555254
3.498685755e-06
3.437423858e-06
3.437188871e-06
3.435984528e-06
3.435537156e-06
3.435114223e-06
3.434609364e-06
3.43462161e-06
0.1815788675
1.208880655
2.411615896
3.963566901
6.093563654
8.365036535
14.62396479
130.5579173
15871.84546
39694.54447
33666.67319
28495.41958
25092.91415
22605.32036
20610.00421
18900.50981
17370.64719
15961.87071
14639.51436
13381.60097
12173.30751
11004.08243
9866.067634
8753.192574
7660.626813
6584.430321
5521.317292
4468.488306
3423.505412
2384.194947
1348.568503
314.7555254
3.498870896e-06
3.437422198e-06
3.437187876e-06
3.435982735e-06
3.43553582e-06
3.435112393e-06
3.434607754e-06
3.434619755e-06
0.2545831695
1.547379313
3.023640271
4.894776719
7.364377414
10.11762551
14.13839412
56.19605954
86.56129664
22370.75379
30443.68063
27471.94661
25212.39444
23213.12288
21384.82233
19693.87416
18116.89099
16634.81976
15231.92006
13895.15065
12613.65022
11378.31671
10181.47713
9016.627109
7878.220022
6761.491491
5662.310784
4577.053807
3502.493693
2435.705472
1373.981644
314.7555254
3.498966798e-06
3.437420332e-06
3.437186707e-06
3.435980832e-06
3.435534299e-06
3.435110471e-06
3.434605985e-06
3.434617807e-06
0.2934326452
1.644949085
3.192128163
5.143535487
7.60955065
10.83731258
15.0816192
19.13097921
17.6680258
3114.59768
23821.51092
25735.61624
25071.60572
23649.96868
22022.30822
20373.29573
18768.24622
17228.62567
15758.22531
14353.46232
13007.858
11714.08883
10464.92739
9253.647061
8074.160871
6921.028552
5789.40123
4674.9395
3573.72304
2482.160295
1396.901498
314.7555254
3.498961533e-06
3.437418338e-06
3.437185329e-06
3.435978845e-06
3.435532595e-06
3.435108465e-06
3.434604076e-06
3.434615774e-06
0.2850953714
1.506473118
2.94370145
4.853329143
7.447314102
11.20293906
15.9622716
22.6883716
22.75680357
2722.664502
26428.15981
26578.09777
25688.45306
24292.85099
22681.16577
21008.77565
19354.19655
17753.24013
16218.92405
14752.64764
13350.26391
12005.28604
10710.52762
9458.901806
8243.774456
7059.084668
5899.347116
4759.597339
3635.311988
2522.32014
1416.713111
314.7555254
3.498847915e-06
3.437416245e-06
3.437183737e-06
3.435976785e-06
3.435530722e-06
3.435106373e-06
3.434602041e-06
3.434613655e-06
0.2156054993
1.119312237
2.223043137
3.815034763
6.155222027
9.975280529
15.0602684
27.73167213
31.49167059
4852.795734
31212.59487
28463.39244
26811.26751
25151.82963
23400.7491
21626.46404
19886.54725
18211.24113
16611.61332
15087.97313
13635.29797
12246.29716
10913.02681
9627.687364
8382.977397
7172.212918
5989.326593
4828.808513
3685.621069
2555.104388
1432.87999
314.7555254
3.498623349e-06
3.437414087e-06
3.437181947e-06
3.435974653e-06
3.435528695e-06
3.435104197e-06
3.434599891e-06
3.434611453e-06
0.08096774108
0.4780026019
0.9871087646
1.854864943
3.189185807
6.376072679
12.5459683
33.77097459
47.22375924
4309.744399
28798.9686
29253.76673
27941.40557
26102.4643
24143.55782
22209.80231
20354.31074
18593.59183
16928.3468
15352.36809
13856.69293
12431.61198
11067.62714
9755.873088
8488.2621
7257.487727
6056.959544
4880.707146
3723.273296
2579.605764
1444.95172
314.7555254
3.49828846e-06
3.437411856e-06
3.437179976e-06
3.435972445e-06
3.435526532e-06
3.435101935e-06
3.434597636e-06
3.434609165e-06
-0.1014915773
-0.3358790738
-0.6222055261
-1.114790378
-2.556970236
-3.686701487
-3.218598771
37.871871
63.90134359
2591.533928
32280.55617
31814.14914
29598.13394
27173.08106
24861.2379
22714.89704
20727.32475
18880.49658
17155.84656
15536.49508
14007.52984
12555.86552
11170.0292
9839.945805
8556.737844
7312.541485
6100.338828
4913.805646
3747.173343
2595.103184
1452.570396
314.7555254
3.497847262e-06
3.437409558e-06
3.437177844e-06
3.435970156e-06
3.435524245e-06
3.435099587e-06
3.434595283e-06
3.434606795e-06
-0.3112151966
-1.153858918
-2.406235026
-4.892880346
-9.400336371
-17.55094007
-38.06016292
-36.23036895
77.00699052
25284.70604
44743.99831
36129.38464
31463.9071
28130.51028
25413.43622
23061.24357
20959.61821
19045.2521
17278.08158
15630.27243
14081.10271
12614.32639
11216.71129
9877.173593
8586.230157
7335.627202
6118.071207
4927.022007
3756.525559
2601.07282
1455.475916
314.7555254
3.497305421e-06
3.437407186e-06
3.437175565e-06
3.435967784e-06
3.435521848e-06
3.435097153e-06
3.434592842e-06
3.434604345e-06
-0.4001445768
-1.825849576
-3.079300279
-4.639586427
-6.819306869
-22.29149167
-84.6180235
-263.0922064
16731.7294
57984.42572
41889.01556
36495.89908
31997.60405
28471.63779
25600.77386
23157.0436
21004.67709
19062.84253
17280.9906
15625.44807
14072.31974
12603.66182
11205.34937
9865.838159
8575.41078
7325.692232
6109.319856
4919.704666
3750.848517
2597.19621
1453.509624
314.7555254
3.496672626e-06
3.437404732e-06
3.43717315e-06
3.435965324e-06
3.435519352e-06
3.435094639e-06
3.434590319e-06
3.434601819e-06
-0.6250694054
-2.634775067
-5.37298061
-10.51239373
-20.51068174
-25.62826394
1119.053536
12566.97829
34531.29095
54372.93703
42398.95905
35967.60555
31559.01833
28157.68392
25360.99715
22961.50072
20839.23011
18920.48274
17157.62711
15518.24821
13979.10448
12522.68796
11135.22008
9805.450565
8523.91209
7282.438035
6073.834887
4891.647628
3729.982186
2583.36345
1446.615503
314.7555254
3.49595913e-06
3.437402199e-06
3.43717061e-06
3.435962781e-06
3.435516768e-06
3.43509205e-06
3.434587723e-06
3.434599224e-06
-0.548011015
-1.934194246
-2.628763665
-3.682980301
-3.708534899
0.5384086749
9423.344609
34439.57034
33472.97018
39839.5584
37051.91388
33416.56185
30113.20284
27239.10272
24724.04872
22488.75403
20470.28824
18622.26568
16910.82526
15310.8526
13803.20044
12372.80193
11007.42682
9696.86435
8432.379305
7206.340561
6011.958062
4843.088358
3694.083775
2559.669448
1434.838056
314.7555254
3.495175561e-06
3.437399599e-06
3.437167958e-06
3.43596016e-06
3.435514109e-06
3.435089394e-06
3.434585065e-06
3.434596571e-06
-0.5843212187
-1.714852156
-2.783476718
-3.923991725
-4.819784559
-3.974209743
54.12311988
27247.62642
33485.34377
33661.45036
32552.63655
30533.54409
28238.14937
25961.49321
23807.35978
21799.20268
19930.93422
18187.50308
16552.59515
15011.17635
13550.08133
12157.92925
10824.85593
9542.233977
8302.431392
7098.615132
5924.592877
4774.683736
3643.609777
2526.402057
1418.316407
314.7555254
3.494334758e-06
3.437396932e-06
3.437165204e-06
3.43595747e-06
3.435511386e-06
3.435086684e-06
3.434582356e-06
3.434593868e-06
-0.5639951677
-1.402621379
-2.15264226
-2.642752302
-3.461797505
-2.602618529
-1.932760279
14561.41571
25906.51716
28768.61968
28963.64922
27926.84639
26344.37396
24561.37738
22744.71513
20969.79
19266.77672
17644.25557
16100.9161
14631.21624
13228.05779
11884.01486
10591.86938
9344.818438
8136.529183
6961.124589
5813.139344
4687.463834
3579.284253
2484.022165
1397.274696
314.7555254
3.493447984e-06
3.437394222e-06
3.437162364e-06
3.435954724e-06
3.435508612e-06
3.43508393e-06
3.434579609e-06
3.434591129e-06
-0.5599906243
-1.216903625
-1.935720832
-1.981707505
-3.563691553
-1.731655325
-3.026614961
12723.81104
25369.80889
26544.32463
26606.50708
25865.83216
24651.13687
23194.94485
21640.35717
20068.49613
18522.16325
17021.86573
15575.63777
14184.75442
12846.95721
11558.24051
10313.82482
9108.676339
7937.77512
6796.244097
5679.401105
4582.768031
3502.056022
2433.137301
1372.009462
314.7555254
3.492528243e-06
3.437391471e-06
3.437159452e-06
3.435951936e-06
3.435505803e-06
3.435081146e-06
3.434576835e-06
3.434588365e-06
-0.5362777807
-1.040550152
-1.625276818
-1.498710647
-2.99953078
-1.097950766
-2.371734966
11822.03456
25523.96353
25433.83658
25052.23166
24278.84973
23199.4115
21926.92878
20553.30007
19141.70762
17731.55209
16345.44595
14995.05484
13685.24585
12416.81475
11188.20322
9996.550405
8838.322912
7709.684267
6606.705333
5525.478176
4462.171319
3413.049417
2374.471344
1342.875208
314.7555254
3.491586856e-06
3.437388715e-06
3.437156493e-06
3.435949124e-06
3.435502973e-06
3.435078348e-06
3.43457405e-06
3.43458559e-06
-0.5140180402
-0.937338876
-1.433629425
-1.292833958
-2.51902022
-0.6112839126
-1.477848125
11110.85458
25282.49957
24616.25732
23889.74063
22997.93574
21940.74858
20760.08325
19504.2373
18213.51755
16916.92971
15633.35043
14373.92932
13144.39871
11946.89175
10781.24601
9645.8888
8538.417167
7455.967469
6395.44474
5353.660296
4327.409946
3313.514078
2308.833432
1310.269522
314.7555254
3.490634955e-06
3.437385979e-06
3.437153507e-06
3.435946304e-06
3.43550014e-06
3.43507555e-06
3.434571267e-06
3.434582819e-06
-0.49770364
-0.8997172078
-1.347261754
-1.309937712
-2.265328441
-0.6890631468
-0.8069389117
10353.30758
24860.84883
23860.38046
22892.54593
21882.4187
20805.5851
19668.44578
18490.08069
17291.23161
16089.33666
14897.13542
13722.9525
12571.56743
11445.14725
10344.03989
9267.380411
8213.526383
7180.3576
6165.475851
5166.333743
4180.314547
3204.778842
2237.088996
1274.619091
314.7555254
3.489682921e-06
3.437383269e-06
3.437150511e-06
3.435943493e-06
3.435497319e-06
3.435072768e-06
3.434568501e-06
3.434580066e-06
-0.4952544588
-0.9483568171
-1.393833667
-1.517054386
-2.305427709
-1.134677886
-0.7483446203
9511.926403
24295.08999
23073.31423
21937.65408
20833.62528
19730.75087
18618.06301
17496.44093
16372.02729
15252.08725
14142.94042
13049.21715
11973.81136
10918.13049
9882.426236
8866.105819
7867.987395
6886.494575
5919.797282
4965.909771
4022.756308
3088.21334
2160.135079
1236.367635
314.7555254
3.488739906e-06
3.437380602e-06
3.437147525e-06
3.435940707e-06
3.435494526e-06
3.435070016e-06
3.434565767e-06
3.434577343e-06
-0.491847477
-1.035380619
-1.573879003
-1.912426586
-2.714399108
-1.912766582
-1.402537426
8578.390763
23586.58669
22201.62013
20951.14269
19783.69619
18665.7545
17576.64348
16505.6251
15448.38456
14404.08155
13373.36031
12357.20416
11356.37124
10371.17836
9401.469585
8446.668619
7505.859762
6577.869761
5661.338841
4754.777349
3856.608451
2965.199001
2078.881045
1195.966288
314.7555254
3.48781498e-06
3.437378009e-06
3.437144573e-06
3.435937962e-06
3.435491776e-06
3.435067307e-06
3.434563077e-06
3.434574666e-06
-0.4855480629
-1.166673182
-1.876839303
-2.505935125
-3.580915376
-3.503986744
-2.980381126
7409.079178
22644.61431
21196.94025
19881.61293
18684.28131
17571.95164
16517.15965
15501.06295
14511.83913
13542.5311
12589.2541
11649.90858
10723.33263
9808.783841
8905.646045
8013.278519
7130.949956
6257.819397
5392.940844
4535.278055
3683.722259
2837.109295
1994.234715
1153.866487
314.7555254
3.486915432e-06
3.437375494e-06
3.437141669e-06
3.43593527e-06
3.435489082e-06
3.435064655e-06
3.434560444e-06
3.434572045e-06
-0.4702938033
-1.331853649
-2.2993659
-3.340218626
-5.179549753
-6.167386461
-5.79132757
6294.734733
21701.49071
20061.4578
18694.10003
17499.88293
16420.63446
15419.00811
14469.65881
13555.41261
12664.98713
11791.25622
10929.88485
10078.30896
9235.020219
8399.093016
7569.888333
6746.878502
5929.550375
5117.356952
4309.697628
3505.914554
2705.29754
1907.093082
1110.515014
314.7555254
3.486047431e-06
3.437373064e-06
3.437138829e-06
3.435932645e-06
3.435486457e-06
3.435062072e-06
3.43455788e-06
3.434569492e-06
-0.4445273626
-1.481636245
-2.817214547
-4.709819504
-8.235847256
-10.29373449
-9.651338605
5011.657403
20349.91024
18654.77538
17333.45851
16200.53356
15191.71761
14268.60652
13403.1825
12575.20011
11770.78669
10980.93938
10200.10757
9425.040446
8653.936821
7885.857914
7120.341793
6357.16142
5596.179884
4837.268866
4080.266943
3324.962261
2571.089686
1818.336176
1066.350566
314.7555254
3.485216083e-06
3.43737073e-06
3.437136066e-06
3.435930097e-06
3.435483912e-06
3.435059568e-06
3.434555395e-06
3.434567019e-06
-0.4089888863
-1.483515233
-3.10551543
-5.46619399
-12.08493729
-16.81661557
-14.54050233
2821.310381
17827.33529
16875.5972
15784.43649
14777.09233
13877.11805
13060.54446
12299.29601
11571.45371
10862.05842
10161.6477
9464.607457
8767.850457
8069.870062
7370.100034
6668.497649
5965.281379
5260.772066
4555.301647
3849.165087
3142.599396
2435.779253
1728.822481
1021.801124
314.7555254
3.484425793e-06
3.437368499e-06
3.437133394e-06
3.435927638e-06
3.435481458e-06
3.435057153e-06
3.434553001e-06
3.434564635e-06
-0.3018847073
-1.09921039
-2.221785314
-4.36657709
-9.97012758
-16.65453031
-15.40574029
2589.751305
16390.79757
15237.92008
14151.60926
13246.29818
12479.14064
11797.18394
11162.03486
10549.29579
9944.384121
9339.02608
8728.865619
8111.925426
7487.633812
6856.21412
6218.305279
5574.730161
4926.358549
4274.030559
3618.518434
2960.512475
2300.621861
1639.384403
977.2814384
314.7555254
3.483679762e-06
3.437366386e-06
3.437130827e-06
3.435925276e-06
3.435479104e-06
3.435054837e-06
3.434550704e-06
3.434562349e-06
-0.1852845648
-0.6353623288
-1.118471561
-1.734015469
-3.961379099
-8.181960426
-5.83182234
3801.511459
15858.67626
13533.29729
12337.79399
11577.36701
10995.98543
10487.04343
10002.39538
9519.345873
9027.194483
8521.246991
7999.944483
7463.392858
6912.566089
6348.856666
5773.816932
5189.01118
4595.934607
3995.97356
3390.391589
2780.331554
2166.827568
1550.822733
933.1901336
314.7555254
3.482980766e-06
3.437364383e-06
3.43712837e-06
3.435923018e-06
3.435476857e-06
3.435052626e-06
3.434548512e-06
3.434560167e-06
-0.07832668789
-0.240933456
-0.3856465837
-0.5246649025
-0.973672941
-1.583054231
2.049655257
782.7120163
11911.43433
10694.58279
10088.91384
9729.407045
9440.412801
9152.636116
8841.188693
8498.532772
8123.83861
7718.86235
7286.312827
6829.175994
6350.421125
5852.868647
5339.132277
4811.598747
4272.428282
3723.567309
3166.768575
2603.615693
2035.550161
1463.899568
889.9061832
314.7555254
3.48233056e-06
3.437362496e-06
3.437126032e-06
3.435920871e-06
3.435474723e-06
3.435050527e-06
3.434546432e-06
3.434558095e-06
0.02276715685
0.1121781981
0.2973889009
0.6870940924
1.513761332
2.947298014
3.397635247
24.72938403
7075.775742
7239.719894
7593.881251
7810.951608
7883.644889
7841.926421
7711.221423
7509.792255
7250.8018
6944.089745
6597.308311
6216.617331
5807.113626
5373.103513
4918.2824
4445.858906
3958.645468
3459.128412
2949.525185
2431.833288
1907.8736
1379.329765
847.7847691
314.7555254
3.481730294e-06
3.437360721e-06
3.437123819e-06
3.43591884e-06
3.435472707e-06
3.435048546e-06
3.434544469e-06
3.434556141e-06
0.09707345075
0.3397772442
0.6786220771
1.210301102
2.099990716
3.461905796
3.404715849
15.79671116
-365.5662571
3587.463593
5235.95343
6036.890064
6441.310514
6620.229585
6652.008654
6578.646695
6425.522886
6209.424732
5942.252736
5632.911239
5288.352182
4914.188242
4515.07241
4094.944514
3657.199033
3204.804951
2740.395584
2266.33916
1784.796718
1297.771533
807.152795
314.7555254
3.481179687e-06
3.437359064e-06
3.437121736e-06
3.435916931e-06
3.435470816e-06
3.435046687e-06
3.434542628e-06
3.434554308e-06
0.1378365532
0.448484162
0.8264502455
1.326989225
1.99560652
2.775445268
2.71915037
7.299979319
52.88966495
2234.017967
3725.664096
4659.361121
5224.498801
5545.6985
5697.966604
5727.296008
5663.254039
5525.871301
5329.405665
5084.462245
4799.235031
4480.263536
4132.911793
3761.682943
3370.433617
2962.525653
2540.937782
2108.351212
1667.217887
1219.817127
768.3044873
314.7555254
3.480679195e-06
3.43735752e-06
3.437119787e-06
3.435915146e-06
3.435469051e-06
3.435044954e-06
3.434540913e-06
3.434552601e-06
0.1519585329
0.4744913569
0.83368948
1.252818764
1.728891449
2.173862481
2.372842809
3.89634904
81.88950748
1568.662865
2773.363249
3650.407563
4251.64591
4640.12421
4866.892347
4969.349151
4974.361187
4901.438057
4765.074975
4576.336224
4343.901259
4074.757465
3774.665276
3448.476722
3100.358845
2733.95472
2352.503047
1958.929898
1555.921603
1145.984767
731.4975943
314.7555254
3.480227866e-06
3.437356092e-06
3.437117976e-06
3.43591349e-06
3.435467418e-06
3.435043352e-06
3.434539328e-06
3.434551024e-06
0.1487665569
0.4524295531
0.7703648451
1.109188939
1.456683663
1.750750556
1.955962014
2.343200584
81.34671232
1184.522872
2148.738417
2917.275638
3491.573439
3896.284752
4160.157976
4308.879015
4363.438237
4340.481559
4253.158068
4111.945146
3925.315008
3700.237778
3442.551705
3157.234247
2848.601866
2520.459378
2176.213815
1818.963367
1451.568828
1076.71283
696.9506633
314.7555254
3.479823807e-06
3.437354774e-06
3.437116306e-06
3.435911965e-06
3.435465919e-06
3.435041883e-06
3.434537877e-06
3.434549579e-06
0.1359070879
0.4059488238
0.6771299087
0.9476222298
1.205356639
1.403910479
1.562958906
1.591483229
80.90618646
938.9702209
1719.804624
2378.398385
2901.107337
3293.307538
3568.603838
3742.602129
3830.065368
3843.928085
3795.16813
3693.009477
3545.214039
3358.364431
3138.105593
2889.340609
2616.386063
2323.094743
2012.953191
1689.160364
1354.692368
1012.357099
664.841756
314.7555254
3.47946566e-06
3.437353572e-06
3.437114782e-06
3.435910577e-06
3.435464557e-06
3.435040551e-06
3.434536562e-06
3.434548272e-06
0.1189542034
0.3505846714
0.5766315945
0.7914958499
0.9850320053
1.121684364
1.241230141
1.160344122
80.58128716
770.4765346
1413.121618
1975.420741
2441.16937
2807.257881
3078.375229
3262.891144
3370.326555
3410.032827
3390.613778
3319.74818
3204.20485
3049.937239
2862.201126
2645.669892
2404.537607
2142.607575
1863.367281
1570.051792
1265.697943
953.1914451
635.3087883
314.7555254
3.479152139e-06
3.437352487e-06
3.437113407e-06
3.435909328e-06
3.435463337e-06
3.435039359e-06
3.434535386e-06
3.434547103e-06
0.1011641209
0.2952348879
0.4808872307
0.6512172166
0.7983893847
0.8949180697
0.986415522
0.8804542803
80.32778706
649.1453343
1186.79362
1669.007943
2080.91044
2416.202542
2674.775002
2860.290855
2978.349706
3035.29772
3037.542182
2991.201547
2901.95691
2775.014832
2615.126646
2426.632995
2213.516953
1979.457493
1727.879707
1462.000651
1184.870828
899.4119141
608.4514808
314.7555254
3.478882056e-06
3.437351525e-06
3.437112186e-06
3.435908222e-06
3.43546226e-06
3.435038309e-06
3.434534353e-06
3.434546076e-06
0.08424782834
0.2442569456
0.3952358984
0.5302903167
0.6435733201
0.7135847318
0.7844670917
0.6833281944
80.12929639
558.9316218
1015.908098
1432.920927
1797.280385
2101.889478
2344.257715
2525.177074
2647.515803
2715.300288
2733.091199
2705.595172
2637.442696
2533.074123
2396.691819
2232.250622
2043.46922
1833.852099
1606.716191
1365.219097
1112.387308
851.1437917
584.3347296
314.7555254
3.478653008e-06
3.437350692e-06
3.437111122e-06
3.435907263e-06
3.43546133e-06
3.435037405e-06
3.434533465e-06
3.434545193e-06
0.06909320707
0.1995258176
0.3214533391
0.4285647591
0.5165363101
0.5684878547
0.6238317527
0.5363963881
79.97244308
490.5101541
884.9944798
1249.500908
1573.418752
1849.83938
2075.215029
2248.672768
2371.267577
2445.32988
2473.962
2460.680809
2409.180149
2323.182009
2206.349364
2062.239926
1894.286113
1705.791335
1499.936208
1279.790701
1048.329767
808.4509489
562.9930748
314.7555254
3.478463305e-06
3.437349989e-06
3.43711022e-06
3.435906455e-06
3.43546055e-06
3.435036649e-06
3.434532722e-06
3.434544456e-06
0.05604677123
0.1614228175
0.2592931801
0.3441698176
0.4128694752
0.4520922662
0.4955225139
0.422925078
79.84750507
438.1188554
784.0669022
1106.682817
1397.072002
1648.85588
1858.115416
2023.059637
2143.582674
2220.82247
2256.780288
2254.020774
2215.449918
2144.158521
2043.316456
1916.104399
1765.672258
1595.116197
1407.468425
1205.69573
992.7039761
771.3466192
544.4358694
314.7555254
3.478311663e-06
3.437349426e-06
3.437109484e-06
3.435905799e-06
3.435459919e-06
3.43503604e-06
3.434532127e-06
3.434543864e-06
0.04506018527
0.1295185896
0.2076321123
0.2747749678
0.3285893356
0.3585546445
0.3927510903
0.3335337814
79.74757916
398.0343576
706.4795532
996.1045586
1259.347874
1490.417909
1685.355791
1841.895403
1959.211251
2037.629223
2078.349405
2083.206208
2054.474307
1994.719064
1906.685565
1793.219069
1657.209987
1501.557467
1329.146831
1142.837278
945.4571588
739.8047305
528.6527341
314.7555254
3.47819712e-06
3.437349005e-06
3.437108913e-06
3.435905298e-06
3.435459441e-06
3.435035581e-06
3.434531679e-06
3.43454342e-06
0.03593076426
0.1031308129
0.1651429609
0.2181331013
0.2603310537
0.2833829272
0.3103654997
0.2624388675
79.66754853
367.7796048
647.7204694
911.9208866
1153.814042
1368.1329
1551.018658
1699.982131
1813.767352
1892.165287
1935.814658
1946.013689
1924.555314
1873.590433
1795.518934
1692.905734
1568.418196
1424.781003
1264.744901
1091.066323
906.495488
713.7709633
515.6189059
314.7555254
3.478118716e-06
3.437348716e-06
3.437108508e-06
3.435904952e-06
3.435459114e-06
3.435035271e-06
3.434531378e-06
3.434543122e-06
0.02843483006
0.08154880588
0.1305256303
0.1722177587
0.2052797402
0.2230578313
0.2443657167
0.2057032663
79.60351033
345.6875133
604.7098896
850.0571921
1075.871251
1277.301435
1450.627579
1593.273755
1703.739736
1781.480683
1826.762181
1840.511043
1824.175211
1779.600112
1708.924412
1614.495354
1498.802422
1364.427055
1214.005752
1050.204128
875.6998809
693.1728084
505.30013
314.7555254
3.478075494e-06
3.437348569e-06
3.437108267e-06
3.435904758e-06
3.435458938e-06
3.435035109e-06
3.434531224e-06
3.43454297e-06
0.02235036022
0.06407214589
0.1025484253
0.1352182128
0.1610532725
0.1747435851
0.1915622561
0.1604116366
79.55244937
330.6510316
575.3824124
807.7392779
1022.328796
1214.594063
1380.939731
1518.771591
1626.465407
1703.285453
1749.273345
1765.124578
1752.065763
1711.741094
1646.112663
1557.376484
1447.894576
1320.141995
1176.666789
1020.060745
852.9391616
677.9280078
497.6567911
314.7555254
3.478067109e-06
3.437348566e-06
3.43710819e-06
3.435904716e-06
3.43545891e-06
3.435035093e-06
3.434531213e-06
3.434542959e-06
0.01745352145
0.05001933859
0.08006388332
0.1055255385
0.1256197432
0.1361060372
0.1493596337
0.1242749972
79.51197066
321.9776751
558.4374266
783.2010456
991.1267313
1177.825903
1339.788384
1474.432798
1580.092303
1655.951414
1701.951209
1718.678624
1707.252508
1669.215496
1606.436994
1521.029824
1415.281758
1291.60158
1152.477921
1000.448761
838.0798931
667.9508897
492.6470247
314.7555254
3.478093268e-06
3.437348687e-06
3.437108272e-06
3.435904822e-06
3.435459027e-06
3.435035218e-06
3.434531342e-06
3.434543088e-06
0.01352704954
0.03875335364
0.06203469378
0.08173171512
0.0972493962
0.105204924
0.1156214422
0.09543658189
79.47899033
319.3077435
553.1964614
775.5128428
981.1669644
1165.813568
1325.97721
1459.103553
1563.546275
1638.504901
1683.930612
1700.415718
1689.07953
1651.460131
1589.41738
1505.049422
1400.624121
1278.525429
1141.212884
991.191823
830.9924407
663.1562615
490.2286208
314.7555254
3.478154107e-06
3.437348946e-06
3.437108511e-06
3.435905072e-06
3.435459285e-06
3.435035482e-06
3.434531607e-06
3.434543352e-06
0.01037407422
0.02970805967
0.04755431233
0.0626280603
0.07448073301
0.08042423418
0.08857937744
0.07236604329
79.45281917
322.5765646
559.5355983
784.498732
992.2301271
1178.302859
1339.224887
1472.481941
1576.510353
1650.618819
1694.879082
1710.002868
1697.218373
1658.156231
1594.749843
1509.151044
1403.661907
1280.682646
1142.673515
992.1277318
831.5530897
663.4607139
490.3596289
314.7555254
3.478249676e-06
3.437349338e-06
3.437108901e-06
3.435905461e-06
3.435459678e-06
3.435035877e-06
3.434532002e-06
3.434543745e-06
0.007825708246
0.02239947275
0.03585064882
0.04719312661
0.05608713688
0.06041779191
0.06676361152
0.05378765743
79.43192059
332.0097273
577.878254
810.7279201
1024.967
1215.961075
1380.158583
1515.112423
1619.419783
1692.607857
1734.991933
1747.526437
1731.662786
1689.224241
1622.301526
1533.167715
1424.211535
1297.888446
1156.6869
1003.106094
839.642216
668.7813456
492.9976816
314.7555254
3.478380721e-06
3.437349842e-06
3.437109431e-06
3.43590598e-06
3.435460199e-06
3.435036398e-06
3.43453252e-06
3.434544261e-06
0.005738113483
0.01641746021
0.02626768501
0.03456160449
0.04103024326
0.04405124558
0.04893269303
0.03862247953
79.41502119
348.1524807
609.2472263
855.5789763
1080.963558
1280.433633
1450.356472
1588.412252
1693.473225
1765.427108
1804.981651
1813.475583
1792.709055
1744.803297
1672.090976
1577.031891
1462.150237
1329.991425
1183.095174
1023.980452
855.1385371
679.0319873
498.0981126
314.7555254
3.478548106e-06
3.437350453e-06
3.437110093e-06
3.435906621e-06
3.435460839e-06
3.435037036e-06
3.434533154e-06
3.434544891e-06
0.00399628572
0.01143265176
0.01827381073
0.02403034383
0.02846054797
0.03039525035
0.03406814786
0.02595934055
79.40115091
371.9388471
655.386465
921.3881765
1162.888891
1374.470681
1552.441343
1694.72906
1800.657629
1870.670945
1906.05851
1908.711733
1880.920089
1825.214158
1744.25281
1640.743675
1517.388778
1376.851085
1221.737713
1054.594754
877.9094208
694.1169652
505.61092
314.7555254
3.478751748e-06
3.437351174e-06
3.437110877e-06
3.435907375e-06
3.435461588e-06
3.435037782e-06
3.434533894e-06
3.434545628e-06
0.002479169948
0.007119840775
0.0113379117
0.01490347417
0.01753105349
0.01854134021
0.02115276945
0.01496775055
79.38939294
404.8166642
718.9786603
1011.708998
1274.74695
1502.135532
1690.228428
1837.426526
1943.780307
2010.564722
2039.89561
2034.418776
1997.069688
1930.90359
1838.985948
1724.324962
1589.832465
1438.305899
1272.425947
1094.764337
907.7973654
713.9224783
515.4766017
314.7555254
3.47899256e-06
3.437351982e-06
3.437111768e-06
3.435908231e-06
3.435462436e-06
3.435038627e-06
3.43453473e-06
3.434546461e-06
0.001124970882
0.003286161615
0.005150335793
0.006743720207
0.007737441779
0.007897409436
0.009541104102
0.005005660303
79.37924039
448.9615169
804.0093187
1131.732474
1422.267753
1669.112252
1868.929094
2020.989531
2126.49499
2187.935466
2208.566327
2192.024804
2142.060827
2062.366763
1956.484106
1827.759662
1679.33136
1514.133074
1334.911879
1144.252269
944.6032377
738.3059289
527.6209866
314.7555254
3.479270377e-06
3.437352863e-06
3.437112748e-06
3.435909177e-06
3.435463368e-06
3.435039558e-06
3.434535652e-06
3.434547381e-06
-0.0002012961545
-0.0003344449977
-0.0007754471287
-0.001041147955
-0.001706486633
-0.002364100762
-0.001764888672
-0.004628579427
79.37000922
507.6429293
916.3712144
1288.953846
1613.492483
1883.132581
2095.404724
2251.128977
2353.297501
2406.138725
2414.435552
2383.081635
2316.808671
2220.042046
2096.845806
1950.919339
1785.620406
1604.001414
1408.851891
1202.742477
988.0673682
767.083926
541.949406
314.7555254
3.479585546e-06
3.437353812e-06
3.4371138e-06
3.435910201e-06
3.435464371e-06
3.435040566e-06
3.434536647e-06
3.434548377e-06
-0.001562950417
-0.003914932482
-0.006796004911
-0.008848558678
-0.01130330777
-0.01284640893
-0.01348588959
-0.01439495539
79.36124567
585.8713784
1064.885247
1494.229142
1859.628881
2154.53671
2378.446394
2534.845833
2629.450183
2668.907944
2659.980316
2609.085956
2522.078342
2404.1725
2259.96103
2093.473283
1908.249728
1707.41833
1493.76725
1269.811103
1037.849734
800.0198437
558.3406842
314.7555254
3.479937928e-06
3.437354817e-06
3.437114904e-06
3.43591129e-06
3.435465428e-06
3.435041637e-06
3.434537702e-06
3.434549438e-06
-0.003029112318
-0.006989187909
-0.01268553873
-0.01608264648
-0.02071587926
-0.02297854477
-0.0250644372
-0.02492606482
79.35317573
691.5990308
1263.075719
1763.45844
2176.270219
2496.95445
2729.015079
2880.379081
2960.771464
2980.081753
2947.513069
2871.228701
2758.27261
2614.633853
2445.376302
2254.785372
2046.507414
1823.673083
1589.003145
1344.897654
1093.510486
836.8118186
576.6414223
314.7555254
3.480326407e-06
3.437355857e-06
3.43711603e-06
3.435912429e-06
3.435466519e-06
3.435042758e-06
3.434538803e-06
3.434550554e-06
-0.00499537434
-0.0113171547
-0.02076027039
-0.02614821743
-0.03380413758
-0.03638425727
-0.04233523067
-0.03761240344
79.34382909
838.0990217
1532.366553
2120.268191
2585.05178
2928.010786
3160.295025
3296.905537
3353.196808
3343.153307
3278.781008
3170.065292
3025.172876
2850.737198
2652.147645
2433.806334
2199.341769
1951.781497
1693.69003
1427.278579
1154.492575
877.0822741
596.6610869
314.7555254
3.480749238e-06
3.437356913e-06
3.437117147e-06
3.435913601e-06
3.435467617e-06
3.435043914e-06
3.434539931e-06
3.43455171e-06
-0.006505517624
-0.01409408832
-0.02693944584
-0.03399865271
-0.04393546333
-0.04668356073
-0.05648662812
-0.04900163136
79.38812261
1049.090643
1908.029508
2600.205038
3115.670661
3469.757812
3687.262126
3793.77557
3811.982187
3760.576585
3654.415728
3505.102845
3321.640331
3111.017507
2878.693132
2628.972052
2365.291818
2090.438944
1806.712222
1516.0467
1220.108759
920.3703284
618.1685232
314.7555254
3.48120398e-06
3.437357988e-06
3.437118225e-06
3.435914792e-06
3.435468694e-06
3.435045087e-06
3.434541064e-06
3.43455289e-06
-0.01023468622
-0.01782436682
-0.03957578321
-0.04566482684
-0.06304406916
-0.06092872766
-0.08382412909
-0.06971246994
80.193509
1370.84873
2450.462089
3256.860829
3807.682116
4148.105891
4325.233494
4378.976966
4340.406313
4232.780311
4073.228257
3874.316136
3645.29324
3393.023216
3122.658088
2838.11849
2542.434376
2237.987924
1926.688427
1610.099816
1289.535174
966.1284232
640.8905229
314.7555254
3.481686938e-06
3.437359065e-06
3.437119232e-06
3.435915984e-06
3.435469715e-06
3.435046258e-06
3.434542176e-06
3.434554076e-06
-0.01132819556
-0.02265166947
-0.04470046525
-0.06092662905
-0.08340514488
-0.07906147066
-0.1108438876
-0.05689182512
87.04189905
1903.654273
3266.116277
4169.102932
4710.10664
4989.764992
5086.601664
5056.508057
4937.902549
4756.928922
4531.42281
4273.664021
3992.217289
3693.147522
3380.820231
3058.430957
2728.359026
2392.407511
2051.968869
1708.141473
1361.813385
1013.724285
664.5129626
314.7555254
3.482193646e-06
3.437360141e-06
3.43712016e-06
3.435917173e-06
3.435470651e-06
3.43504741e-06
3.434543242e-06
3.434555255e-06
-0.01267122198
-0.0259187776
-0.04458199979
-0.04811275075
-0.07859494417
-0.04679095852
-0.1481753876
-0.1323538476
181.2390509
2890.595251
4541.25333
5443.332935
5873.894517
6014.24883
5974.914889
5822.571467
5597.787086
5325.63113
5021.892809
4696.723394
4356.787876
4006.552504
3649.066861
3286.4474
2920.182828
2551.33164
2180.653097
1808.696271
1435.86224
1062.448938
688.684831
314.7555254
3.482718066e-06
3.437361228e-06
3.437121049e-06
3.435918378e-06
3.435471494e-06
3.435048536e-06
3.43454424e-06
3.434556418e-06
-0.02080777222
-0.06344745589
-0.1096735089
-0.1466576453
-0.1817556862
-0.1637068932
-0.2090122217
0.1224739292
1150.319312
4936.239189
6564.975072
7189.078654
7327.919066
7218.44423
6976.261226
6661.098774
6305.064771
5925.938
5533.817265
5134.572482
4731.681713
4327.230782
3922.469632
3518.130041
3114.612587
2712.100374
2310.630532
1910.140652
1510.499939
1111.530914
713.0251818
314.7555254
3.483253384e-06
3.437362396e-06
3.437122029e-06
3.435919673e-06
3.43547229e-06
3.435049656e-06
3.434545158e-06
3.434557559e-06
0.003800663132
0.002333333019
0.009807238588
-0.01532187025
-0.04896882566
-0.01746052167
-0.2368736196
-0.1382180578
6124.706165
9138.751557
9593.339265
9420.103032
9030.256741
8555.353989
8050.601029
7540.514812
7035.454613
6539.260447
6052.888718
5576.090894
5108.158992
4648.242224
4195.473017
3749.01141
3308.056228
2871.843824
2439.642827
2010.748164
1584.475456
1160.156061
737.1327074
314.7555254
3.483792034e-06
3.437363713e-06
3.437123326e-06
3.435921186e-06
3.435473182e-06
3.435050854e-06
3.434546031e-06
3.434558688e-06
-0.04622125651
-0.1427360274
-0.2366930271
-0.3343973579
-0.3129630463
-0.4894438499
-0.1646945634
33.40145877
25180.2688
15900.74613
13249.50205
11867.75125
10817.66529
9922.131128
9130.292398
8414.92323
7756.998292
7142.782022
6562.408846
6008.766397
5476.644256
4962.128925
4462.190793
3974.406996
3496.776016
3027.592811
2565.363509
2108.745941
1656.507088
1207.491565
760.597276
314.7555254
3.484324762e-06
3.437365177e-06
3.437125216e-06
3.435923063e-06
3.435474423e-06
3.435052304e-06
3.434546985e-06
3.434559869e-06
0.04402082105
0.02567337358
0.1434923191
0.01166036432
-0.06514082491
0.06510468146
-0.9263643688
163.8859281
34388.31644
16035.30435
15636.18758
13983.73849
12450.53147
11185.22693
10133.53055
9231.905497
8434.853338
7712.481997
7045.220568
6419.944393
5827.545674
5261.461074
4716.775999
4189.670181
3677.066774
3176.404716
2685.487081
2202.377137
1725.324735
1252.712169
783.012482
314.7555254
3.484842096e-06
3.437366609e-06
3.43712784e-06
3.435925285e-06
3.435476288e-06
3.435054201e-06
3.434548233e-06
3.434561266e-06
-0.05939656141
-0.2172063034
-0.3636533567
-0.5134453573
-0.5132592043
-0.6302813449
-0.1930026936
2241.665802
26016.34345
25049.41114
19276.41401
15980.5183
13815.50589
12234.72817
10986.713
9944.332852
9038.047546
8227.093369
7486.069196
6798.26764
6152.155828
5539.416166
4953.80349
4390.451165
3845.434781
3315.488911
2797.8175
2289.962832
1789.711803
1295.026155
803.9880942
314.7555254
3.485333685e-06
3.437367428e-06
3.437130867e-06
3.435927263e-06
3.435478637e-06
3.435056431e-06
3.434549851e-06
3.434563004e-06
0.1162552165
0.009592434399
0.3959539661
-0.09695979837
0.3185608516
-0.5111438615
-4.109305234
459.1987448
25518.9595
27638.41866
20439.59655
16846.4242
14596.25657
12951.48
11634.27591
10520.68329
9545.930437
8671.795848
7873.717258
7134.923783
6443.416571
5790.266548
5168.591963
4572.916257
3998.750753
3442.315273
2900.345623
2369.956835
1848.542655
1333.698745
823.1613124
314.7555254
3.485788367e-06
3.437366698e-06
3.437133509e-06
3.435927672e-06
3.435480529e-06
3.435057989e-06
3.434551312e-06
3.434564819e-06
-0.03561114054
-0.2320456029
-0.3003659656
-0.7661173693
-0.288309862
-1.889834071
-1.032992335
-2.892188203
11376.06072
18950.60422
17997.12982
16369.33021
14771.62623
13340.67227
12078.24285
10958.21172
9953.214587
9040.463223
8202.102125
7424.316174
6696.342679
6009.663556
5357.402709
4733.891067
4134.355095
3554.692353
2991.307245
2440.988077
1900.81231
1368.070978
840.2059475
314.7555254
3.486197905e-06
3.437363902e-06
3.437135316e-06
3.435925423e-06
3.43548139e-06
3.435057824e-06
3.434551649e-06
3.434565938e-06
0.139932881
0.1094836406
0.6086377066
0.1930846706
1.412228483
-0.2619446174
1.760338054
-3.863020035
6442.218471
14059.88728
16229.90339
15862.14633
14780.25564
13561.35273
12379.82699
11280.72379
10268.27235
9334.761114
8469.933642
7663.918442
6907.996743
6194.664141
5517.485246
4870.910025
4250.104528
3650.808267
3069.21719
2501.88766
1945.65651
1397.572962
854.8390051
314.7555254
3.486555704e-06
3.437359997e-06
3.437137976e-06
3.43592156e-06
3.435482273e-06
3.435056346e-06
3.434551072e-06
3.434565797e-06
0.03228640235
-0.154432852
-0.05221449621
-0.6213302751
-0.1209128049
-2.133083728
-1.776841502
-1.208051147
12043.20408
17320.69849
17000.62394
16069.10271
14925.90735
13744.6689
12599.00399
11516.60168
10504.40921
9560.395937
8678.974534
7853.449323
7077.083806
6343.532678
5646.984977
4982.178991
4344.362969
3729.235374
3132.879746
2551.7005
1982.361998
1421.731349
866.8245859
314.7555254
3.486851443e-06
3.437356862e-06
3.437144406e-06
3.435918491e-06
3.435485271e-06
3.435055114e-06
3.434550713e-06
3.434564921e-06
0.1145552873
0.3110862678
0.6540407801
0.809644239
1.920228155
0.8638908577
-4.681690466
1363.432125
22170.91999
22205.8245
18382.27163
16487.73942
15109.61215
13892.42428
12754.93366
11682.28715
10672.38609
9723.459419
8832.140661
7993.842375
7203.378352
6455.419282
5744.763742
5066.477636
4415.951129
3788.906785
3181.37996
2589.684124
2010.368437
1440.17178
875.9754366
314.7555254
3.487064079e-06
3.437354435e-06
3.437153001e-06
3.43591595e-06
3.435489468e-06
3.435054016e-06
3.434550657e-06
3.43456434e-06
0.01624774101
-0.004006682838
0.01373150583
-0.05812760805
0.05249010486
0.1821919632
-0.08307890696
252.0602436
22172.75334
19712.09711
17834.89618
16389.9782
15132.38767
13960.49528
12846.03451
11785.24454
10779.40764
9828.935314
8932.307502
8086.42279
7287.189616
6530.023697
5810.193707
5123.036209
4464.075151
3829.076809
3214.063097
2615.299011
2029.264561
1452.617774
882.1527972
314.7555254
3.487209743e-06
3.437350684e-06
3.437156601e-06
3.435911025e-06
3.435492066e-06
3.435052947e-06
3.434549902e-06
3.43456481e-06
0.05947660866
0.1577380934
0.2820472314
0.3271384361
0.457273956
0.1457599895
-0.8954518937
12.3916662
13310.42171
16625.9387
16855.24278
16104.89705
15069.47527
13971.14756
12883.47982
11833.2661
10831.08347
9880.586803
8981.752194
8132.373084
7328.955124
6567.313378
5842.971669
5151.417721
4488.254323
3849.27818
3230.510374
2628.195556
2038.781647
1458.887767
885.2653637
314.7555254
3.487048355e-06
3.437349311e-06
3.437145563e-06
3.435907693e-06
3.435491725e-06
3.435051983e-06
3.434550625e-06
3.434567292e-06
)
;

boundaryField
{
    lowerWall
    {
        type            fixedFluxPressure;
        gradient        uniform 0;
        value           nonuniform List<scalar> 
80
(
3.434633775e-06
3.434626833e-06
3.434625039e-06
3.434627027e-06
3.434628365e-06
3.434628305e-06
3.434627547e-06
3.434626401e-06
3.434624977e-06
3.434623361e-06
3.43462161e-06
3.434619755e-06
3.434617807e-06
3.434615774e-06
3.434613655e-06
3.434611453e-06
3.434609165e-06
3.434606795e-06
3.434604345e-06
3.434601819e-06
3.434599224e-06
3.434596571e-06
3.434593868e-06
3.434591129e-06
3.434588365e-06
3.43458559e-06
3.434582819e-06
3.434580066e-06
3.434577343e-06
3.434574666e-06
3.434572045e-06
3.434569492e-06
3.434567019e-06
3.434564635e-06
3.434562349e-06
3.434560167e-06
3.434558095e-06
3.434556141e-06
3.434554308e-06
3.434552601e-06
3.434551024e-06
3.434549579e-06
3.434548272e-06
3.434547103e-06
3.434546076e-06
3.434545193e-06
3.434544456e-06
3.434543864e-06
3.43454342e-06
3.434543122e-06
3.43454297e-06
3.434542959e-06
3.434543088e-06
3.434543352e-06
3.434543745e-06
3.434544261e-06
3.434544891e-06
3.434545628e-06
3.434546461e-06
3.434547381e-06
3.434548377e-06
3.434549438e-06
3.434550554e-06
3.43455171e-06
3.43455289e-06
3.434554076e-06
3.434555255e-06
3.434556418e-06
3.434557559e-06
3.434558688e-06
3.434559869e-06
3.434561266e-06
3.434563004e-06
3.434564819e-06
3.434565938e-06
3.434565797e-06
3.434564921e-06
3.43456434e-06
3.43456481e-06
3.434567292e-06
)
;
    }
    atmosphere
    {
        type            totalPressure;
        rho             rho;
        psi             none;
        gamma           1;
        p0              uniform 0;
        value           nonuniform List<scalar> 
80
(
0
0
0
0
0
0
0
0
0
-0.08431158493
-0.3358345626
-0.4126583561
-0.3959443011
-0.3356404405
-0.2615749103
-0.1758309882
-0.09209036828
-0.02938568169
-0.006357887518
-0.001469303584
-0.04447173498
-0.06661475697
-0.1257939976
-0.1755732325
-0.2336694064
-0.2626756135
-0.2719250377
-0.2655022785
-0.2458170789
-0.2068189447
-0.1487666897
-0.07721064066
-0.01389474954
0
0
0
0
0
0
0
0
0
0
0
0
0
0
0
0
0
0
0
0
0
0
0
0
0
0
0
0
0
0
0
0
-4.887102699e-08
0
-1.224393995e-05
-1.379897772e-06
-5.54585726e-05
-5.360410092e-05
-0.0001200025474
-0.0003349394961
-0.000240934962
-0.000986501685
-0.0002599158165
-2.758908296e-05
0
0
0
)
;
    }
    rightWall
    {
        type            empty;
    }
    leftWall
    {
        type            empty;
    }
    frontAndBack
    {
        type            fixedFluxPressure;
        gradient        nonuniform List<scalar> 
80
(
2.182725002e-06
6.548175006e-06
1.0913625e-05
1.527907498e-05
1.9644525e-05
2.400997502e-05
2.837542664e-05
3.274326427e-05
0
0
0
0
0
0
0
0
0
0
0
0
0
0
0
0
0
0
0
0
0
0
0
0
0.000141877239
0.000146242575
0.000150608025
0.000154973475
0.0001593389251
0.000163704375
0.0001680698248
0.000172435275
2.182725002e-06
6.548175006e-06
1.0913625e-05
1.5279075e-05
1.9644525e-05
2.400997497e-05
2.8375425e-05
-1806.370705
0
0
0
0
0
0
0
0
0
0
0
0
0
0
0
0
0
0
0
0
0
0
0
0
0.0001418772223
0.000146242575
0.000150608025
0.0001549734748
0.000159338925
0.000163704375
0.0001680698248
0.000172435275
)
;
        value           nonuniform List<scalar> 
80
(
0.131529365
0.3658000641
0.5856621169
0.7991049893
0.9902489741
1.143530558
1.355241157
1.213021805
80.75562797
1818.176892
3451.592117
4898.311373
6107.358056
7058.351349
7754.096029
8211.942919
8456.618739
8515.241539
8414.314992
8178.17988
7828.395027
7383.648671
6859.944489
6270.912441
5628.156337
4941.590936
4219.748616
3470.050513
2699.043807
1912.610001
1116.150448
314.7555254
3.504347935e-06
3.446555502e-06
3.446621809e-06
3.445661893e-06
3.445517749e-06
3.445352514e-06
3.445122161e-06
3.44541098e-06
0.0594766088
0.1577380938
0.282047232
0.327138437
0.4572739573
0.145759991
-0.8954518919
12.27876803
13310.42171
16625.9387
16855.24278
16104.89705
15069.47527
13971.14756
12883.47982
11833.2661
10831.08347
9880.586803
8981.752194
8132.373084
7328.955124
6567.313378
5842.971669
5151.417721
4488.254323
3849.27818
3230.510374
2628.195556
2038.781647
1458.887767
885.2653637
314.7555254
3.495915681e-06
3.446489472e-06
3.446558565e-06
3.445593535e-06
3.445450407e-06
3.445283506e-06
3.445054989e-06
3.445344496e-06
)
;
    }
}


// ************************************************************************* //
