/*--------------------------------*- C++ -*----------------------------------*\
| =========                 |                                                 |
| \\      /  F ield         | OpenFOAM: The Open Source CFD Toolbox           |
|  \\    /   O peration     | Version:  2506                                  |
|   \\  /    A nd           | Website:  www.openfoam.com                      |
|    \\/     M anipulation  |                                                 |
\*---------------------------------------------------------------------------*/
FoamFile
{
    version     2.0;
    format      ascii;
    arch        "LSB;label=32;scalar=64";
    class       volScalarField;
    location    "0.002";
    object      Qv;
}
// * * * * * * * * * * * * * * * * * * * * * * * * * * * * * * * * * * * * * //

dimensions      [1 0 -3 0 0 0 0];

internalField   nonuniform List<scalar> 
3200
(
697186.2715
627505.1074
500638.7872
341953.9121
187835.6987
74487.81918
17453.16526
1633.563118
1484.322792
1473.511817
1472.362679
1472.264299
1472.257154
1472.256703
1472.256678
1472.256677
1472.256677
1472.256677
1472.256677
1472.256677
1472.256677
1472.256677
1472.256677
1472.256677
1472.256677
1472.256676
1472.256668
1472.256581
1472.255789
1472.249883
1472.215391
1472.067984
1472.068565
1472.088546
1472.105711
1472.120036
1472.131505
1472.14011
1472.145847
1472.148716
812248.9274
735609.7015
592831.9609
409700.4748
227272.4218
90095.57225
20355.46277
1648.448935
1486.238948
1473.794426
1472.392723
1472.266866
1472.257343
1472.256716
1472.256679
1472.256677
1472.256677
1472.256677
1472.256677
1472.256677
1472.256677
1472.256677
1472.256677
1472.256677
1472.256677
1472.256676
1472.256668
1472.256581
1472.255789
1472.249883
1472.215391
1472.067984
1472.068565
1472.088546
1472.105711
1472.120036
1472.131505
1472.14011
1472.145847
1472.148716
1071049.471
982209.2001
808248.687
573204.2707
326517.3766
131002.0571
28010.35263
1686.434801
1494.32171
1475.192161
1472.546102
1472.279583
1472.258236
1472.256773
1472.256683
1472.256677
1472.256677
1472.256677
1472.256677
1472.256677
1472.256677
1472.256677
1472.256677
1472.256677
1472.256677
1472.256676
1472.256668
1472.256581
1472.255789
1472.249883
1472.215391
1472.067984
1472.068565
1472.088546
1472.105711
1472.120036
1472.131505
1472.14011
1472.145847
1472.148716
1524710.559
1424498.058
1211260.934
899183.9201
541830.684
227896.4304
47048.73665
1793.805071
1541.656907
1484.226746
1473.56359
1472.364407
1472.264257
1472.257173
1472.256709
1472.256679
1472.256677
1472.256677
1472.256677
1472.256677
1472.256677
1472.256677
1472.256677
1472.256677
1472.256677
1472.256676
1472.256668
1472.256581
1472.255789
1472.249883
1472.215391
1472.067984
1472.068565
1472.088546
1472.105711
1472.120036
1472.131505
1472.14011
1472.145847
1472.148716
2223519.013
2124783.093
1891207.115
1509453.984
1003144.291
475282.0221
104389.2036
2120.540776
1741.868715
1523.06443
1478.263105
1472.809079
1472.301627
1472.260126
1472.256929
1472.256694
1472.256678
1472.256677
1472.256677
1472.256677
1472.256677
1472.256677
1472.256677
1472.256677
1472.256677
1472.256676
1472.256668
1472.256581
1472.255789
1472.249883
1472.215391
1472.067984
1472.068565
1472.088546
1472.105711
1472.120036
1472.131505
1472.14011
1472.145847
1472.148716
3187662.901
3127379.102
2957591.802
2614048.057
2021358.006
1192862.232
346102.6739
2662.472801
1770.286771
1551.841585
1487.173245
1474.405165
1472.506328
1472.28091
1472.258694
1472.256824
1472.256687
1472.256678
1472.256677
1472.256677
1472.256677
1472.256677
1472.256677
1472.256677
1472.256677
1472.256676
1472.256668
1472.256581
1472.255789
1472.249883
1472.215391
1472.067984
1472.068565
1472.088546
1472.105711
1472.120036
1472.131505
1472.14011
1472.145847
1472.148716
4417610.549
4472823.068
4532083.211
4486339.059
4164931.121
3366912.442
1877188.509
38376.52312
3980.289672
2073.734836
1582.671187
1488.373788
1474.147283
1472.440523
1472.271945
1472.257785
1472.256749
1472.256681
1472.256677
1472.256677
1472.256677
1472.256677
1472.256677
1472.256677
1472.256677
1472.256676
1472.256668
1472.256581
1472.255789
1472.249883
1472.215391
1472.067984
1472.068565
1472.088546
1472.105711
1472.120036
1472.131505
1472.14011
1472.145847
1472.148716
5866709.632
6096023.342
6533309.543
7106304.184
7739938.08
8417657.096
9284717.049
8045186.967
96294.06582
9234.412187
2271.557749
1573.298184
1483.717955
1473.354688
1472.346854
1472.263161
1472.257092
1472.256701
1472.256678
1472.256677
1472.256677
1472.256677
1472.256677
1472.256677
1472.256677
1472.256676
1472.256668
1472.256581
1472.255789
1472.249883
1472.215391
1472.067984
1472.068565
1472.088546
1472.105711
1472.120036
1472.131505
1472.14011
1472.145847
1472.148716
7294845.017
7682120.597
8469677.48
9736023.35
11673386.36
14713396.57
18207663.52
15861834.41
5251600.938
285231.9054
8272.106775
1965.638523
1522.70817
1476.955867
1472.636213
1472.283613
1472.258384
1472.256775
1472.256682
1472.256677
1472.256677
1472.256677
1472.256677
1472.256677
1472.256677
1472.256676
1472.256668
1472.256581
1472.255789
1472.249883
1472.215391
1472.067984
1472.068565
1472.088546
1472.105711
1472.120036
1472.131505
1472.14011
1472.145847
1472.148716
8612428.817
9025237.39
9929344.649
11460968.98
13873693.61
17578370.19
18577633.68
18524100.79
17953866.79
4331241.227
71420.71273
3214.436172
1613.735747
1484.76781
1473.239893
1472.325024
1472.260937
1472.256918
1472.256689
1472.256678
1472.256677
1472.256677
1472.256677
1472.256677
1472.256677
1472.256676
1472.256668
1472.256581
1472.255789
1472.249883
1472.215391
1472.067984
1472.068565
1472.088546
1472.105711
1472.120036
1472.131505
1472.14011
1472.145847
1472.148716
9855800.723
10244571.31
11110455.32
12538093.87
14598870.91
17084337
18574436.14
18430056.08
16667527.25
11970566.5
260649.7451
4591.892797
1674.230138
1488.762268
1473.48166
1472.337939
1472.261556
1472.256945
1472.256691
1472.256678
1472.256677
1472.256677
1472.256677
1472.256677
1472.256677
1472.256676
1472.256668
1472.256581
1472.255789
1472.249883
1472.215391
1472.067984
1472.068565
1472.088545
1472.105711
1472.120036
1472.131505
1472.14011
1472.145847
1472.148716
10997076.3
11353666.14
12132065.39
13370152.85
15057654.97
16986920.98
18678992.78
19193727.18
18793739.45
18602930.56
536733.3308
6070.503819
1725.604448
1491.517506
1473.580696
1472.337745
1472.261189
1472.256909
1472.256688
1472.256678
1472.256677
1472.256677
1472.256677
1472.256677
1472.256677
1472.256676
1472.256668
1472.256581
1472.255789
1472.249883
1472.215391
1472.067984
1472.068565
1472.088545
1472.105711
1472.120036
1472.131505
1472.14011
1472.145847
1472.148716
12003886.6
12333643.8
13032101.19
14121949.61
15578484.07
17272329.16
18966572.63
19807753.04
21009619.06
21676009.53
709170.8026
5965.047291
1695.875442
1487.915425
1473.252866
1472.313629
1472.259668
1472.256824
1472.256684
1472.256677
1472.256677
1472.256677
1472.256677
1472.256677
1472.256677
1472.256676
1472.256668
1472.256581
1472.255789
1472.249883
1472.215391
1472.067984
1472.068565
1472.088545
1472.105711
1472.120036
1472.131505
1472.14011
1472.145847
1472.148716
12860838.19
13169277.2
13813601.91
14808264.76
16138959.52
17731120.61
19428190.19
20928075.1
23296854.13
23849258.45
700096.7858
5346.362258
1650.557934
1483.448463
1472.897232
1472.29013
1472.258311
1472.256753
1472.25668
1472.256677
1472.256677
1472.256677
1472.256677
1472.256677
1472.256677
1472.256676
1472.256668
1472.256581
1472.255789
1472.249883
1472.215391
1472.067984
1472.068565
1472.088545
1472.105711
1472.120036
1472.131505
1472.14011
1472.145847
1472.148716
13573495.85
13868487.84
14477493.82
15410761.35
16668332.97
18241394.81
20123305.64
22235015.53
24809568.42
25172657.21
806571.64
4721.061093
1608.853407
1479.803551
1472.636211
1472.274304
1472.257457
1472.25671
1472.256678
1472.256677
1472.256677
1472.256677
1472.256677
1472.256677
1472.256677
1472.256676
1472.256668
1472.256581
1472.255789
1472.249883
1472.215391
1472.067984
1472.068565
1472.088545
1472.105711
1472.120036
1472.131505
1472.14011
1472.145847
1472.148716
14149336.99
14437026.46
15024026.98
15913288.76
17107684.58
18637972.48
20580052.49
22932860.2
25645900.26
26015938.86
1825408.704
4563.704742
1573.678937
1476.977598
1472.461478
1472.264985
1472.257002
1472.25669
1472.256678
1472.256677
1472.256677
1472.256677
1472.256677
1472.256677
1472.256677
1472.256676
1472.256668
1472.256581
1472.255789
1472.249883
1472.215391
1472.067984
1472.068565
1472.088546
1472.105711
1472.120036
1472.131505
1472.14011
1472.145847
1472.148716
14590119.63
14875504.42
15450404.39
16304982.31
17431688.12
18869604.51
20732979.2
23012999.05
25322500.41
25438002.04
1903787.674
3588.072701
1538.251099
1474.972377
1472.359038
1472.260251
1472.256798
1472.256681
1472.256677
1472.256677
1472.256677
1472.256677
1472.256677
1472.256677
1472.256677
1472.256676
1472.256668
1472.256581
1472.255789
1472.249883
1472.215391
1472.067984
1472.068565
1472.088546
1472.105711
1472.120036
1472.131505
1472.14011
1472.145847
1472.148716
14891242.46
15179283.05
15752076.7
16582206.03
17625627.33
18917338.39
20613818.77
23023835.75
26444986.78
27372382.9
3210352.801
3254.52597
1515.444483
1473.709479
1472.302794
1472.25804
1472.256716
1472.256678
1472.256677
1472.256677
1472.256677
1472.256677
1472.256677
1472.256677
1472.256677
1472.256676
1472.256668
1472.256581
1472.255789
1472.249883
1472.215391
1472.067984
1472.068565
1472.088546
1472.105711
1472.120036
1472.131505
1472.14011
1472.145847
1472.148716
15041806.25
15338884.82
15921224.75
16714835.92
17631842.33
18629715.55
19803566.21
21837385.79
25593696.64
28271609.57
1794279.445
2316.129923
1492.655857
1472.863268
1472.273259
1472.257095
1472.256687
1472.256677
1472.256677
1472.256677
1472.256677
1472.256677
1472.256677
1472.256677
1472.256677
1472.256676
1472.256668
1472.256581
1472.255789
1472.249883
1472.215391
1472.067984
1472.068565
1472.088546
1472.105711
1472.120036
1472.131505
1472.14011
1472.145847
1472.148716
15024070.78
15316206.28
15868399.97
16599285.64
17397276.72
18115717.24
18595340.56
20125550.05
20261993.32
21783829.76
26742.99253
1695.714066
1478.72924
1472.427445
1472.260723
1472.256767
1472.256679
1472.256677
1472.256677
1472.256677
1472.256677
1472.256677
1472.256677
1472.256677
1472.256677
1472.256676
1472.256668
1472.256581
1472.255789
1472.249883
1472.215391
1472.067984
1472.068565
1472.088546
1472.105711
1472.120036
1472.131505
1472.14011
1472.145847
1472.148716
14832797.22
15122803.55
15658863.71
16337848.73
17053840.72
17804966.74
18012329.37
18956062.56
24854182.87
6124450.394
4552.428966
1528.31877
1473.683647
1472.290156
1472.257419
1472.256693
1472.256677
1472.256677
1472.256677
1472.256677
1472.256677
1472.256677
1472.256677
1472.256677
1472.256677
1472.256676
1472.256668
1472.256581
1472.255789
1472.249883
1472.215391
1472.067984
1472.068565
1472.088546
1472.105711
1472.120036
1472.131505
1472.14011
1472.145847
1472.148716
14467058.82
14782651.41
15369139.51
16114129.72
16833836.12
17177030.15
17118494.67
16716877.7
4288781.055
14414.88439
1699.649806
1480.550595
1472.525777
1472.264367
1472.256874
1472.256682
1472.256677
1472.256677
1472.256677
1472.256677
1472.256677
1472.256677
1472.256677
1472.256677
1472.256677
1472.256676
1472.256668
1472.256581
1472.255789
1472.249883
1472.215391
1472.067984
1472.068565
1472.088546
1472.105711
1472.120036
1472.131505
1472.14011
1472.145847
1472.148716
13912079.25
14278485.63
14980540.24
15929320.71
16985852.13
17937773.56
18291662.44
19548055.32
686947.8585
4200.006225
1570.155604
1476.311985
1472.396424
1472.260757
1472.256781
1472.256679
1472.256677
1472.256677
1472.256677
1472.256677
1472.256677
1472.256677
1472.256677
1472.256677
1472.256677
1472.256676
1472.256668
1472.256581
1472.255789
1472.249883
1472.215391
1472.067984
1472.068565
1472.088546
1472.105711
1472.120036
1472.131505
1472.14011
1472.145847
1472.148716
13145991.74
13579430.99
14431360.95
15638306
17102672.5
18696623.85
20656461.77
20970557.47
520673.759
3536.103162
1546.162473
1475.12599
1472.349113
1472.2592
1472.256737
1472.256678
1472.256677
1472.256677
1472.256677
1472.256677
1472.256677
1472.256677
1472.256677
1472.256677
1472.256677
1472.256676
1472.256668
1472.256581
1472.255789
1472.249883
1472.215391
1472.067984
1472.068565
1472.088546
1472.105711
1472.120036
1472.131505
1472.14011
1472.145847
1472.148716
12153371.65
12657429.08
13663138.72
15121968.95
16943125.35
18969647.95
21110734.57
21240675.09
390926.2433
3070.377296
1528.332145
1474.282708
1472.31746
1472.258227
1472.256711
1472.256678
1472.256677
1472.256677
1472.256677
1472.256677
1472.256677
1472.256677
1472.256677
1472.256677
1472.256677
1472.256676
1472.256668
1472.256581
1472.255789
1472.249883
1472.215391
1472.067984
1472.068565
1472.088546
1472.105711
1472.120036
1472.131505
1472.14011
1472.145847
1472.148716
10938443.01
11510694.96
12666937.54
14366575.32
16511865.83
18907125.82
21237999.38
21368987.89
277580.9957
2688.672051
1514.024807
1473.666448
1472.296334
1472.257634
1472.256697
1472.256677
1472.256677
1472.256677
1472.256677
1472.256677
1472.256677
1472.256677
1472.256677
1472.256677
1472.256677
1472.256676
1472.256668
1472.256581
1472.255789
1472.249883
1472.215391
1472.067984
1472.068565
1472.088546
1472.105711
1472.120036
1472.131505
1472.14011
1472.145847
1472.148716
9536276.222
10166988.68
11460072.62
13385143.71
15839614.32
18605038.82
21257922.51
21408603.33
187209.9246
2383.859062
1502.781257
1473.220403
1472.282061
1472.257252
1472.256688
1472.256677
1472.256677
1472.256677
1472.256677
1472.256677
1472.256677
1472.256677
1472.256677
1472.256677
1472.256677
1472.256676
1472.256668
1472.256581
1472.255789
1472.249883
1472.215391
1472.067984
1472.068565
1472.088546
1472.105711
1472.120036
1472.131505
1472.14011
1472.145847
1472.148716
8014623.472
8686887.56
10090616.31
12221825.49
14975217.31
18127444.89
21193250.78
21372255.28
124527.5272
2157.067317
1494.39165
1472.907163
1472.27255
1472.257006
1472.256683
1472.256677
1472.256677
1472.256677
1472.256677
1472.256677
1472.256677
1472.256677
1472.256677
1472.256677
1472.256677
1472.256676
1472.256668
1472.256581
1472.255789
1472.249883
1472.215391
1472.067984
1472.068565
1472.088546
1472.105711
1472.120036
1472.131505
1472.14011
1472.145847
1472.148716
6468654.674
7158710.469
8633932.758
10935587.29
13984626.62
17543905.89
21057489.64
21268914.95
83569.93438
1990.778657
1488.271408
1472.694654
1472.266649
1472.25687
1472.25668
1472.256677
1472.256677
1472.256677
1472.256677
1472.256677
1472.256677
1472.256677
1472.256677
1472.256677
1472.256677
1472.256676
1472.256668
1472.256581
1472.255789
1472.249883
1472.215391
1472.067984
1472.068565
1472.088546
1472.105711
1472.120036
1472.131505
1472.14011
1472.145847
1472.148716
5002355.12
5688427.804
7191990.156
9614033.781
12929159.85
16891626.45
20851933.37
21099040.66
56194.069
1863.899722
1483.670644
1472.544109
1472.262667
1472.25678
1472.256678
1472.256677
1472.256677
1472.256677
1472.256677
1472.256677
1472.256677
1472.256677
1472.256677
1472.256677
1472.256677
1472.256676
1472.256668
1472.256581
1472.255789
1472.249883
1472.215391
1472.067984
1472.068565
1472.088546
1472.105711
1472.120036
1472.131505
1472.14011
1472.145847
1472.148716
3704917.095
4365541.402
5853720.39
8337281.765
11859972.95
16180200.14
20563089.47
20852251.56
37636.96713
1765.042858
1480.226781
1472.44089
1472.260211
1472.256733
1472.256677
1472.256677
1472.256677
1472.256677
1472.256677
1472.256677
1472.256677
1472.256677
1472.256677
1472.256677
1472.256677
1472.256676
1472.256668
1472.256581
1472.255789
1472.249883
1472.215391
1472.067984
1472.068565
1472.088546
1472.105711
1472.120036
1472.131505
1472.14011
1472.145847
1472.148716
2634500.153
3254601.663
4696416.793
7197671.54
10864087.57
15459624.79
20176914.55
20505998.73
25157.37815
1687.408234
1477.682772
1472.373298
1472.258902
1472.256719
1472.256678
1472.256677
1472.256677
1472.256677
1472.256677
1472.256677
1472.256677
1472.256677
1472.256677
1472.256677
1472.256677
1472.256676
1472.256668
1472.256581
1472.255789
1472.249883
1472.215391
1472.067984
1472.068565
1472.088546
1472.105711
1472.120036
1472.131505
1472.14011
1472.145847
1472.148716
1806840.987
2380741.278
3771806.067
6296429.175
10078670.92
14820446.72
19667419.47
20033688.88
16589.51833
1625.434236
1475.750949
1472.322606
1472.257706
1472.256688
1472.256677
1472.256677
1472.256677
1472.256677
1472.256677
1472.256677
1472.256677
1472.256677
1472.256677
1472.256677
1472.256677
1472.256676
1472.256668
1472.256581
1472.255789
1472.249883
1472.215391
1472.067984
1472.068565
1472.088546
1472.105711
1472.120036
1472.131505
1472.14011
1472.145847
1472.148716
1195870.11
1718006.298
3061499.439
5646489.714
9556744.77
14283678.96
18915499.37
19348801.32
11094.18257
1578.673393
1474.41114
1472.291699
1472.257089
1472.256675
1472.256676
1472.256677
1472.256677
1472.256677
1472.256677
1472.256677
1472.256677
1472.256677
1472.256677
1472.256677
1472.256677
1472.256676
1472.256668
1472.256581
1472.255789
1472.249883
1472.215391
1472.067984
1472.068565
1472.088546
1472.105711
1472.120036
1472.131505
1472.14011
1472.145847
1472.148716
737853.9446
1183215.533
2444189.86
5022315.836
8867977.134
13328760.64
17605389.94
17966437.55
7620.723313
1542.14705
1473.480303
1472.273435
1472.256794
1472.256671
1472.256676
1472.256677
1472.256677
1472.256677
1472.256677
1472.256677
1472.256677
1472.256677
1472.256677
1472.256677
1472.256677
1472.256676
1472.256668
1472.256581
1472.255789
1472.249883
1472.215391
1472.067984
1472.068565
1472.088546
1472.105711
1472.120036
1472.131505
1472.14011
1472.145847
1472.148716
386037.4232
667095.4859
1544442.043
3577199.929
6946253.63
11224850.48
15770052.82
16145859.11
4605.727302
1508.207292
1472.780396
1472.262266
1472.256649
1472.256669
1472.256676
1472.256677
1472.256677
1472.256677
1472.256677
1472.256677
1472.256677
1472.256677
1472.256677
1472.256677
1472.256677
1472.256676
1472.256668
1472.256581
1472.255789
1472.249883
1472.215391
1472.067984
1472.068565
1472.088546
1472.105711
1472.120036
1472.131505
1472.14011
1472.145847
1472.148716
163413.4868
282546.4506
667633.7751
1670759.024
3749927.521
7296546.784
12924588.31
14626745.71
2455.354535
1480.615429
1472.330214
1472.256542
1472.256588
1472.256668
1472.256676
1472.256677
1472.256677
1472.256677
1472.256677
1472.256677
1472.256677
1472.256677
1472.256677
1472.256677
1472.256677
1472.256676
1472.256668
1472.256581
1472.255789
1472.249883
1472.215391
1472.067984
1472.068565
1472.088546
1472.105711
1472.120036
1472.131505
1472.14011
1472.145847
1472.148716
59561.00516
96390.89769
210969.3547
507302.7599
1140350.349
2339162.623
5160919.47
11398007.57
1657.742386
1473.086843
1472.256467
1472.255854
1472.256582
1472.256668
1472.256676
1472.256677
1472.256677
1472.256677
1472.256677
1472.256677
1472.256677
1472.256677
1472.256677
1472.256677
1472.256677
1472.256676
1472.256668
1472.256581
1472.255789
1472.249883
1472.215391
1472.067984
1472.068565
1472.088546
1472.105711
1472.120036
1472.131505
1472.14011
1472.145847
1472.148716
21283.74127
30801.80537
57138.14461
116465.7525
220638.7034
331128.0069
313875.7304
12284.49407
1482.271517
1472.301074
1472.25091
1472.255801
1472.256581
1472.256668
1472.256676
1472.256677
1472.256677
1472.256677
1472.256677
1472.256677
1472.256677
1472.256677
1472.256677
1472.256677
1472.256677
1472.256676
1472.256668
1472.256581
1472.255789
1472.249883
1472.215391
1472.067984
1472.068565
1472.088546
1472.105711
1472.120036
1472.131505
1472.14011
1472.145847
1472.148716
8595.327922
10982.13945
16623.70325
26812.61369
39787.24598
44092.00338
24799.45251
1772.786968
1473.75187
1472.239565
1472.250218
1472.255792
1472.256581
1472.256668
1472.256676
1472.256677
1472.256677
1472.256677
1472.256677
1472.256677
1472.256677
1472.256677
1472.256677
1472.256677
1472.256677
1472.256676
1472.256668
1472.256581
1472.255789
1472.249883
1472.215391
1472.067984
1472.068565
1472.088546
1472.105711
1472.120036
1472.131505
1472.14011
1472.145847
1472.148716
4300.32326
4951.238427
6277.303001
8186.389652
9881.033537
9429.471456
5622.816962
1546.389945
1472.676099
1472.224757
1472.25002
1472.25579
1472.256581
1472.256668
1472.256676
1472.256677
1472.256677
1472.256677
1472.256677
1472.256677
1472.256677
1472.256677
1472.256677
1472.256677
1472.256677
1472.256676
1472.256668
1472.256581
1472.255789
1472.249883
1472.215391
1472.067984
1472.068565
1472.088546
1472.105711
1472.120036
1472.131505
1472.14011
1472.145847
1472.148716
2699.313397
2899.423594
3263.049278
3697.062395
3961.02455
3679.771165
2692.122301
1501.564283
1472.32095
1472.220822
1472.250129
1472.255804
1472.256582
1472.256668
1472.256676
1472.256677
1472.256677
1472.256677
1472.256677
1472.256677
1472.256677
1472.256677
1472.256677
1472.256677
1472.256677
1472.256676
1472.256668
1472.256581
1472.255789
1472.249883
1472.215391
1472.067984
1472.068565
1472.088546
1472.105711
1472.120036
1472.131505
1472.14011
1472.145847
1472.148716
2035.875559
2103.402531
2216.403381
2332.26144
2374.142116
2247.679177
1916.033395
1484.50262
1472.240319
1472.232017
1472.251631
1472.255924
1472.256589
1472.256669
1472.256676
1472.256677
1472.256677
1472.256677
1472.256677
1472.256677
1472.256677
1472.256677
1472.256677
1472.256677
1472.256677
1472.256676
1472.256668
1472.256581
1472.255789
1472.249883
1472.215391
1472.067984
1472.068565
1472.088546
1472.105711
1472.120036
1472.131505
1472.14011
1472.145847
1472.148716
1739.241647
1762.993186
1800.214377
1833.090044
1834.760118
1776.603248
1648.092283
1477.561073
1472.416152
1472.28084
1472.257312
1472.256369
1472.256616
1472.25667
1472.256676
1472.256677
1472.256677
1472.256677
1472.256677
1472.256677
1472.256677
1472.256677
1472.256677
1472.256677
1472.256677
1472.256676
1472.256668
1472.256581
1472.255789
1472.249883
1472.215391
1472.067984
1472.068565
1472.088546
1472.105711
1472.120036
1472.131505
1472.14011
1472.145847
1472.148716
1601.516077
1609.734379
1621.745023
1630.287285
1625.507733
1597.911423
1544.460089
1474.340111
1472.158005
1472.230827
1472.251617
1472.255924
1472.256589
1472.256669
1472.256676
1472.256677
1472.256677
1472.256677
1472.256677
1472.256677
1472.256677
1472.256677
1472.256677
1472.256677
1472.256677
1472.256676
1472.256668
1472.256581
1472.255789
1472.249883
1472.215391
1472.067984
1472.068565
1472.088546
1472.105711
1472.120036
1472.131505
1472.14011
1472.145847
1472.148716
1537.410262
1539.961979
1543.254246
1544.406051
1539.781163
1526.168242
1502.79731
1473.02127
1472.084959
1472.217324
1472.250085
1472.255804
1472.256582
1472.256668
1472.256676
1472.256677
1472.256677
1472.256677
1472.256677
1472.256677
1472.256677
1472.256677
1472.256677
1472.256677
1472.256677
1472.256676
1472.256668
1472.256581
1472.255789
1472.249883
1472.215392
1472.067984
1472.068565
1472.088546
1472.105711
1472.120036
1472.131505
1472.14011
1472.145847
1472.148716
1508.828261
1509.28864
1509.51271
1508.410124
1504.683053
1497.288708
1486.120676
1472.502571
1472.073228
1472.215626
1472.249894
1472.255789
1472.256581
1472.256668
1472.256676
1472.256677
1472.256677
1472.256677
1472.256677
1472.256677
1472.256677
1472.256677
1472.256677
1472.256677
1472.256677
1472.256676
1472.256668
1472.256581
1472.255789
1472.249883
1472.215392
1472.067984
1472.068565
1472.088546
1472.105711
1472.120036
1472.131505
1472.14011
1472.145847
1472.148716
1498.141431
1497.765391
1496.780828
1494.821599
1491.478015
1486.472619
1479.888418
1472.310988
1472.07204
1472.215532
1472.24988
1472.255788
1472.256581
1472.256668
1472.256676
1472.256677
1472.256677
1472.256677
1472.256677
1472.256677
1472.256677
1472.256677
1472.256677
1472.256677
1472.256677
1472.256676
1472.256668
1472.256581
1472.255789
1472.249883
1472.215392
1472.067984
1472.068565
1472.088546
1472.105711
1472.120036
1472.131505
1472.14011
1472.145847
1472.148716
1497.374604
1496.530879
1494.807241
1492.136672
1488.459805
1483.788132
1478.27676
1472.26294
1472.073307
1472.215687
1472.249894
1472.255789
1472.256581
1472.256668
1472.256676
1472.256677
1472.256677
1472.256677
1472.256677
1472.256677
1472.256677
1472.256677
1472.256677
1472.256677
1472.256677
1472.256676
1472.256668
1472.256581
1472.255789
1472.249883
1472.215392
1472.067984
1472.068565
1472.088546
1472.105711
1472.120036
1472.131505
1472.14011
1472.145847
1472.148716
1503.387953
1502.090541
1499.55285
1495.848978
1491.08365
1485.411017
1479.051105
1472.292904
1472.079019
1472.21676
1472.250034
1472.255802
1472.256582
1472.256668
1472.256676
1472.256677
1472.256677
1472.256677
1472.256677
1472.256677
1472.256677
1472.256677
1472.256677
1472.256677
1472.256677
1472.256676
1472.256668
1472.256581
1472.255789
1472.249883
1472.215392
1472.067984
1472.068565
1472.088546
1472.105711
1472.120036
1472.131505
1472.14011
1472.145847
1472.148716
1515.677675
1513.769418
1510.070303
1504.748765
1498.026728
1490.180142
1481.529588
1472.410136
1472.117553
1472.225921
1472.251314
1472.255926
1472.256591
1472.256669
1472.256676
1472.256677
1472.256677
1472.256677
1472.256677
1472.256677
1472.256677
1472.256677
1472.256677
1472.256677
1472.256677
1472.256676
1472.256668
1472.256581
1472.255789
1472.249883
1472.215392
1472.067984
1472.068565
1472.088546
1472.105711
1472.120036
1472.131505
1472.14011
1472.145847
1472.148716
1535.464222
1532.658984
1527.223889
1519.424202
1509.613707
1498.229859
1485.775971
1472.762735
1472.342838
1472.282657
1472.259339
1472.256708
1472.256649
1472.256672
1472.256677
1472.256677
1472.256677
1472.256677
1472.256677
1472.256677
1472.256677
1472.256677
1472.256677
1472.256677
1472.256677
1472.256676
1472.256668
1472.256581
1472.255789
1472.249883
1472.215392
1472.067984
1472.068565
1472.088546
1472.105711
1472.120036
1472.131505
1472.14011
1472.145847
1472.148716
1565.493775
1561.353289
1553.319625
1541.784497
1527.282938
1510.491061
1492.229132
1473.533234
1472.982046
1472.445775
1472.282462
1472.25896
1472.256816
1472.256682
1472.256677
1472.256677
1472.256677
1472.256677
1472.256677
1472.256677
1472.256677
1472.256677
1472.256677
1472.256677
1472.256677
1472.256676
1472.256668
1472.256581
1472.255789
1472.249883
1472.215392
1472.067984
1472.068565
1472.088546
1472.105711
1472.120036
1472.131505
1472.14011
1472.145847
1472.148716
1610.333315
1604.199925
1592.279611
1575.144406
1553.5913
1528.629538
1501.436775
1473.255953
1472.363146
1472.284024
1472.259423
1472.256713
1472.25665
1472.256672
1472.256677
1472.256677
1472.256677
1472.256677
1472.256677
1472.256677
1472.256677
1472.256677
1472.256677
1472.256677
1472.256677
1472.256676
1472.256668
1472.256581
1472.255789
1472.249883
1472.215392
1472.067984
1472.068565
1472.088546
1472.105711
1472.120036
1472.131505
1472.14011
1472.145847
1472.148716
1677.164624
1668.042365
1650.288141
1624.74539
1592.618726
1555.458008
1515.086702
1473.46452
1472.161262
1472.228895
1472.251496
1472.255937
1472.256592
1472.256669
1472.256676
1472.256677
1472.256677
1472.256677
1472.256677
1472.256677
1472.256677
1472.256677
1472.256677
1472.256677
1472.256677
1472.256676
1472.256668
1472.256581
1472.255789
1472.249883
1472.215392
1472.067984
1472.068565
1472.088546
1472.105711
1472.120036
1472.131505
1472.14011
1472.145847
1472.148716
1777.304513
1763.655942
1737.063111
1698.789288
1650.692546
1595.217113
1535.280935
1474.05255
1472.152959
1472.221884
1472.250349
1472.25582
1472.256583
1472.256668
1472.256676
1472.256677
1472.256677
1472.256677
1472.256677
1472.256677
1472.256677
1472.256677
1472.256677
1472.256677
1472.256677
1472.256676
1472.256668
1472.256581
1472.255789
1472.249883
1472.215391
1472.067984
1472.068565
1472.088546
1472.105711
1472.120036
1472.131505
1472.14011
1472.145847
1472.148716
1929.022021
1908.41426
1868.225071
1810.378626
1737.805226
1654.460539
1565.125385
1474.96335
1472.189527
1472.223897
1472.250405
1472.255817
1472.256583
1472.256668
1472.256676
1472.256677
1472.256677
1472.256677
1472.256677
1472.256677
1472.256677
1472.256677
1472.256677
1472.256677
1472.256677
1472.256676
1472.256668
1472.256581
1472.255789
1472.249883
1472.215391
1472.067984
1472.068565
1472.088546
1472.105711
1472.120036
1472.131505
1472.14011
1472.145847
1472.148716
2162.902753
2131.372678
2069.819926
1981.220283
1870.3119
1743.703093
1609.485691
1476.30038
1472.249838
1472.228391
1472.250698
1472.255834
1472.256583
1472.256668
1472.256676
1472.256677
1472.256677
1472.256677
1472.256677
1472.256677
1472.256677
1472.256677
1472.256677
1472.256677
1472.256677
1472.256676
1472.256668
1472.256581
1472.255789
1472.249883
1472.215391
1472.067984
1472.068565
1472.088546
1472.105711
1472.120036
1472.131505
1472.14011
1472.145847
1472.148716
2532.50725
2483.394707
2387.358698
2249.034262
2076.28462
1880.586464
1676.237461
1478.266357
1472.344795
1472.236273
1472.251282
1472.255872
1472.256586
1472.256668
1472.256676
1472.256677
1472.256677
1472.256677
1472.256677
1472.256677
1472.256677
1472.256677
1472.256677
1472.256677
1472.256677
1472.256676
1472.256668
1472.256581
1472.255789
1472.249883
1472.215391
1472.067984
1472.068565
1472.088546
1472.105711
1472.120036
1472.131505
1472.14011
1472.145847
1472.148716
3136.539099
3058.323895
2904.872237
2683.278655
2406.869591
2096.480511
1778.764629
1481.211683
1472.524749
1472.256648
1472.253221
1472.256021
1472.256595
1472.256669
1472.256676
1472.256677
1472.256677
1472.256677
1472.256677
1472.256677
1472.256677
1472.256677
1472.256677
1472.256677
1472.256677
1472.256676
1472.256668
1472.256581
1472.255789
1472.249883
1472.215391
1472.067984
1472.068565
1472.088546
1472.105711
1472.120036
1472.131505
1472.14011
1472.145847
1472.148716
4167.030733
4039.431624
3787.369164
3420.773585
2962.276042
2451.489398
1941.421946
1485.80114
1472.983015
1472.330814
1472.261693
1472.256734
1472.256642
1472.256671
1472.256676
1472.256677
1472.256677
1472.256677
1472.256677
1472.256677
1472.256677
1472.256677
1472.256677
1472.256677
1472.256677
1472.256676
1472.256668
1472.256581
1472.255789
1472.249883
1472.215391
1472.067984
1472.068565
1472.088546
1472.105711
1472.120036
1472.131505
1472.14011
1472.145847
1472.148716
6018.081486
5805.803872
5380.653152
4752.076069
3956.473773
3072.157537
2212.807124
1492.918847
1473.806655
1472.482247
1472.280613
1472.258433
1472.256759
1472.256678
1472.256677
1472.256677
1472.256677
1472.256677
1472.256677
1472.256677
1472.256677
1472.256677
1472.256677
1472.256677
1472.256677
1472.256676
1472.256668
1472.256581
1472.255789
1472.249883
1472.215391
1472.067984
1472.068565
1472.088546
1472.105711
1472.120036
1472.131505
1472.14011
1472.145847
1472.148716
9537.278969
9183.991053
8457.316444
7345.575305
5893.877804
4258.347606
2703.545396
1503.039279
1473.718261
1472.379594
1472.264584
1472.256903
1472.256652
1472.256672
1472.256677
1472.256677
1472.256677
1472.256677
1472.256677
1472.256677
1472.256677
1472.256677
1472.256677
1472.256677
1472.256677
1472.256676
1472.256668
1472.256581
1472.255789
1472.249883
1472.215391
1472.067984
1472.068565
1472.088546
1472.105711
1472.120036
1472.131505
1472.14011
1472.145847
1472.148716
16606.25139
16048.41077
14840.09814
12862.35428
10098.71354
6831.189075
3718.645739
1523.604747
1474.981162
1472.427356
1472.264248
1472.256692
1472.256633
1472.256671
1472.256676
1472.256677
1472.256677
1472.256677
1472.256677
1472.256677
1472.256677
1472.256677
1472.256677
1472.256677
1472.256677
1472.256676
1472.256668
1472.256581
1472.255789
1472.249883
1472.215391
1472.067984
1472.068565
1472.088546
1472.105711
1472.120036
1472.131505
1472.14011
1472.145847
1472.148716
31424.79716
30710.3335
28970.32613
25691.10976
20428.52731
13443.55007
6344.972132
1643.064769
1539.83881
1473.747131
1472.305594
1472.258072
1472.256684
1472.256673
1472.256677
1472.256677
1472.256677
1472.256677
1472.256677
1472.256677
1472.256677
1472.256677
1472.256677
1472.256677
1472.256677
1472.256676
1472.256668
1472.256581
1472.255789
1472.249883
1472.215391
1472.067984
1472.068565
1472.088546
1472.105711
1472.120036
1472.131505
1472.14011
1472.145847
1472.148716
63048.36954
62828.25224
61574.72382
57673.66796
48937.44033
34090.97096
15883.61906
3014.928848
2742.161126
1501.927237
1473.059599
1472.278009
1472.257234
1472.256689
1472.256677
1472.256677
1472.256677
1472.256677
1472.256677
1472.256677
1472.256677
1472.256677
1472.256677
1472.256677
1472.256677
1472.256676
1472.256668
1472.256581
1472.255789
1472.249883
1472.215391
1472.067984
1472.068565
1472.088546
1472.105711
1472.120036
1472.131505
1472.14011
1472.145847
1472.148716
129353.3103
132310.8335
136758.2219
139151.0913
132717.9649
108252.391
61472.14437
13555.17019
12182.37143
1638.976656
1478.103039
1472.450287
1472.262672
1472.256854
1472.256682
1472.256677
1472.256677
1472.256677
1472.256677
1472.256677
1472.256677
1472.256677
1472.256677
1472.256677
1472.256677
1472.256676
1472.256668
1472.256581
1472.255789
1472.249883
1472.215391
1472.067984
1472.068565
1472.088546
1472.105711
1472.120036
1472.131505
1472.14011
1472.145847
1472.148716
260557.9694
274261.1809
300791.8464
336585.4331
370271.1393
375541.375
306594.3556
140241.5564
131163.7381
2129.342107
1497.705331
1473.281048
1472.294749
1472.257998
1472.25672
1472.256678
1472.256677
1472.256677
1472.256677
1472.256677
1472.256677
1472.256677
1472.256677
1472.256677
1472.256677
1472.256676
1472.256668
1472.256581
1472.255789
1472.249883
1472.215391
1472.067984
1472.068565
1472.088546
1472.105711
1472.120036
1472.131505
1472.14011
1472.145847
1472.148716
496759.5651
536741.4218
621229.8892
757366.5164
947141.2869
1169935.053
1341653.283
1266536.57
1240161.039
3825.965929
1555.932386
1476.164181
1472.426579
1472.263519
1472.256935
1472.256686
1472.256677
1472.256677
1472.256677
1472.256677
1472.256677
1472.256677
1472.256677
1472.256677
1472.256677
1472.256676
1472.256668
1472.256581
1472.255789
1472.249883
1472.215391
1472.067984
1472.068565
1472.088546
1472.105711
1472.120036
1472.131505
1472.14011
1472.145847
1472.148716
873596.1538
962553.7179
1158746.894
1499720.706
2040032.691
2841905.219
3950692.407
5346125.343
5226668.479
10216.71982
1700.471017
1484.163337
1472.850085
1472.283955
1472.257844
1472.256724
1472.256679
1472.256677
1472.256677
1472.256677
1472.256677
1472.256677
1472.256677
1472.256677
1472.256677
1472.256676
1472.256668
1472.256581
1472.255789
1472.249883
1472.215391
1472.067984
1472.068565
1472.088546
1472.105711
1472.120036
1472.131505
1472.14011
1472.145847
1472.148716
1399721.13
1559547.21
1917544.323
2553847.062
3595017.037
5204517.99
7544678.72
8799547.805
11054120.66
35271.35855
2017.375533
1502.810734
1473.979995
1472.346067
1472.260968
1472.25687
1472.256685
1472.256677
1472.256677
1472.256677
1472.256677
1472.256677
1472.256677
1472.256677
1472.256677
1472.256676
1472.256668
1472.256581
1472.255789
1472.249883
1472.215391
1472.067984
1472.068565
1472.088546
1472.105711
1472.120036
1472.131505
1472.14011
1472.145847
1472.148716
2042442.733
2283315.136
2822672.508
3776463.436
5310961.468
7606392.027
10675259
11580429.53
12543143.68
106538.012
2642.895442
1540.245068
1476.560441
1472.506582
1472.270007
1472.257337
1472.256708
1472.256678
1472.256677
1472.256677
1472.256677
1472.256677
1472.256677
1472.256677
1472.256677
1472.256676
1472.256668
1472.256581
1472.255789
1472.249883
1472.215391
1472.067984
1472.068565
1472.088546
1472.105711
1472.120036
1472.131505
1472.14011
1472.145847
1472.148716
2734065.512
3047271.981
3741340.887
4944575.193
6845913.338
9638134.515
13390577.3
13949874.59
15752462.76
253372.3733
3748.179856
1605.222638
1481.652183
1472.863902
1472.292338
1472.258602
1472.256773
1472.256682
1472.256677
1472.256677
1472.256677
1472.256677
1472.256677
1472.256677
1472.256677
1472.256676
1472.256668
1472.256581
1472.255789
1472.249883
1472.215391
1472.067984
1472.068565
1472.088546
1472.105711
1472.120036
1472.131505
1472.14011
1472.145847
1472.148716
3396025.813
3758859.115
4549583.606
5883638.623
7902100.899
10657553.46
13901202.56
14654767.95
16634478.95
505213.9382
5630.899768
1705.570722
1490.368053
1473.547689
1472.339297
1472.261482
1472.256934
1472.25669
1472.256678
1472.256677
1472.256677
1472.256677
1472.256677
1472.256677
1472.256677
1472.256676
1472.256668
1472.256581
1472.255789
1472.249883
1472.215391
1472.067984
1472.068565
1472.088546
1472.105711
1472.120036
1472.131505
1472.14011
1472.145847
1472.148716
3964169.629
4344461.808
5151190.681
6448589.806
8293664.754
10643636.31
13299124.69
16008959.39
16489963.83
782344.8513
8540.372096
1844.321999
1503.30656
1474.663052
1472.422365
1472.266929
1472.257254
1472.256707
1472.256678
1472.256677
1472.256677
1472.256677
1472.256677
1472.256677
1472.256677
1472.256676
1472.256668
1472.256581
1472.255789
1472.249883
1472.215391
1472.067984
1472.068565
1472.088546
1472.105711
1472.120036
1472.131505
1472.14011
1472.145847
1472.148716
4404415.769
4782158.382
5566876.636
6797072.967
8480950.34
10565539.22
12921354.91
15569808.89
15786523.09
967712.7672
12202.28949
2010.010981
1519.659619
1476.191651
1472.544463
1472.275406
1472.257777
1472.256736
1472.25668
1472.256677
1472.256677
1472.256677
1472.256677
1472.256677
1472.256677
1472.256676
1472.256668
1472.256581
1472.255789
1472.249883
1472.215391
1472.067984
1472.068565
1472.088546
1472.105711
1472.120036
1472.131505
1472.14011
1472.145847
1472.148716
4708001.424
5067293.625
5804944.992
6949168.659
8508570.347
10445274.6
12595755.24
14376716.37
14725405.37
1122620.934
15767.52606
2168.94873
1536.277115
1477.869389
1472.687477
1472.285871
1472.25845
1472.256775
1472.256682
1472.256677
1472.256677
1472.256677
1472.256677
1472.256677
1472.256677
1472.256676
1472.256668
1472.256581
1472.255789
1472.249883
1472.215391
1472.067984
1472.068565
1472.088546
1472.105711
1472.120036
1472.131505
1472.14011
1472.145847
1472.148716
4886898.116
5216546.854
5889124.846
6933328.777
8395503.114
10324984.41
12860056.53
13438281.76
13067367.99
1161322.064
17563.26415
2261.13007
1546.89598
1479.041058
1472.794667
1472.294166
1472.259008
1472.256808
1472.256684
1472.256677
1472.256677
1472.256677
1472.256677
1472.256677
1472.256677
1472.256676
1472.256668
1472.256581
1472.255789
1472.249883
1472.215391
1472.067984
1472.068565
1472.088546
1472.105711
1472.120036
1472.131505
1472.14011
1472.145847
1472.148716
4962786.433
5243332.108
5792003.749
6577330.133
7539858.005
8626517.606
10144681.4
11064727.25
8822756.321
702353.302
13218.19102
2148.17156
1538.701166
1478.405586
1472.751488
1472.291616
1472.258876
1472.256802
1472.256683
1472.256677
1472.256677
1472.256677
1472.256677
1472.256677
1472.256677
1472.256676
1472.256668
1472.256581
1472.255789
1472.249883
1472.215391
1472.067984
1472.068565
1472.088546
1472.105711
1472.120036
1472.131505
1472.14011
1472.145847
1472.148716
4984986.33
5231278.787
5687946.467
6259277.963
6722851.921
6552158.414
4520744.477
2067531.313
1285313.528
67681.40384
4278.358033
1745.300294
1501.869366
1475.067653
1472.486449
1472.273125
1472.257725
1472.256737
1472.25668
1472.256677
1472.256677
1472.256677
1472.256677
1472.256677
1472.256677
1472.256676
1472.256668
1472.256581
1472.255789
1472.249883
1472.215391
1472.067984
1472.068565
1472.088546
1472.105711
1472.120036
1472.131505
1472.14011
1472.145847
1472.148716
)
;

boundaryField
{
    lowerWall
    {
        type            calculated;
        value           nonuniform List<scalar> 
80
(
1472.148716
1472.148716
1472.148716
1472.148716
1472.148716
1472.148716
1472.148716
1472.148716
1472.148716
1472.148716
1472.148716
1472.148716
1472.148716
1472.148716
1472.148716
1472.148716
1472.148716
1472.148716
1472.148716
1472.148716
1472.148716
1472.148716
1472.148716
1472.148716
1472.148716
1472.148716
1472.148716
1472.148716
1472.148716
1472.148716
1472.148716
1472.148716
1472.148716
1472.148716
1472.148716
1472.148716
1472.148716
1472.148716
1472.148716
1472.148716
1472.148716
1472.148716
1472.148716
1472.148716
1472.148716
1472.148716
1472.148716
1472.148716
1472.148716
1472.148716
1472.148716
1472.148716
1472.148716
1472.148716
1472.148716
1472.148716
1472.148716
1472.148716
1472.148716
1472.148716
1472.148716
1472.148716
1472.148716
1472.148716
1472.148716
1472.148716
1472.148716
1472.148716
1472.148716
1472.148716
1472.148716
1472.148716
1472.148716
1472.148716
1472.148716
1472.148716
1472.148716
1472.148716
1472.148716
1472.148716
)
;
    }
    atmosphere
    {
        type            calculated;
        value           nonuniform List<scalar> 
80
(
697186.2715
812248.9274
1071049.471
1524710.559
2223519.013
3187662.901
4417610.549
5866709.632
7294845.017
8612428.817
9855800.723
10997076.3
12003886.6
12860838.19
13573495.85
14149336.99
14590119.63
14891242.46
15041806.25
15024070.78
14832797.22
14467058.82
13912079.25
13145991.74
12153371.65
10938443.01
9536276.222
8014623.472
6468654.674
5002355.12
3704917.095
2634500.153
1806840.987
1195870.11
737853.9446
386037.4232
163413.4868
59561.00516
21283.74127
8595.327922
4300.32326
2699.313397
2035.875559
1739.241647
1601.516077
1537.410262
1508.828261
1498.141431
1497.374604
1503.387953
1515.677675
1535.464222
1565.493775
1610.333315
1677.164624
1777.304513
1929.022021
2162.902753
2532.50725
3136.539099
4167.030733
6018.081486
9537.278969
16606.25139
31424.79716
63048.36954
129353.3103
260557.9694
496759.5651
873596.1538
1399721.13
2042442.733
2734065.512
3396025.813
3964169.629
4404415.769
4708001.424
4886898.116
4962786.433
4984986.33
)
;
    }
    rightWall
    {
        type            empty;
    }
    leftWall
    {
        type            empty;
    }
    frontAndBack
    {
        type            calculated;
        value           nonuniform List<scalar> 
80
(
697169.8315
627489.6459
500625.2789
341943.259
187828.5121
74484.05447
17451.89142
1633.370564
1484.144818
1473.33491
1472.185885
1472.087515
1472.08037
1472.07992
1472.079895
1472.079894
1472.079894
1472.079894
1472.079894
1472.079894
1472.079894
1472.079894
1472.079894
1472.079894
1472.079894
1472.079893
1472.079885
1472.079798
1472.079006
1472.0731
1472.038612
1471.891219
1471.8918
1471.911779
1471.928943
1471.943266
1471.954734
1471.963338
1471.969075
1471.971943
4984947.861
5231239.952
5687907.075
6259238.071
6722811.764
6552118.341
4520706.837
2067502.606
1285290.591
67677.8909
4277.937039
1745.096998
1501.689663
1474.890592
1472.309643
1472.09634
1472.080942
1472.079954
1472.079897
1472.079894
1472.079894
1472.079894
1472.079894
1472.079894
1472.079894
1472.079893
1472.079885
1472.079798
1472.079006
1472.0731
1472.038612
1471.891219
1471.8918
1471.911779
1471.928943
1471.943266
1471.954734
1471.963338
1471.969075
1471.971943
)
;
    }
}


// ************************************************************************* //
