/*--------------------------------*- C++ -*----------------------------------*\
| =========                 |                                                 |
| \\      /  F ield         | OpenFOAM: The Open Source CFD Toolbox           |
|  \\    /   O peration     | Version:  2506                                  |
|   \\  /    A nd           | Website:  www.openfoam.com                      |
|    \\/     M anipulation  |                                                 |
\*---------------------------------------------------------------------------*/
FoamFile
{
    version     2.0;
    format      ascii;
    arch        "LSB;label=32;scalar=64";
    class       volScalarField;
    location    "0.002";
    object      T;
}
// * * * * * * * * * * * * * * * * * * * * * * * * * * * * * * * * * * * * * //

dimensions      [0 0 0 1 0 0 0];

internalField   nonuniform List<scalar> 
3200
(
659.1785531
645.5270122
618.1534683
577.0683405
522.847851
457.133812
382.4975925
302.7307887
300.2125668
300.0221782
300.0018737
300.0001347
300.0000084
300.0000005
300
300
300
300
300
300
300
300
300
300
300
300
299.9999998
299.9999983
299.9999843
299.9998799
299.9992702
299.9966645
299.9966747
299.9970279
299.9973314
299.9975846
299.9977874
299.9979395
299.9980409
299.9980916
680.0975576
666.3695466
638.4014906
595.8142946
538.9113911
469.2175799
389.2024851
302.9714638
300.2461925
300.0271698
300.0024047
300.0001801
300.0000118
300.0000007
300
300
300
300
300
300
300
300
300
300
300
300
299.9999998
299.9999983
299.9999843
299.9998799
299.9992702
299.9966645
299.9966747
299.9970279
299.9973314
299.9975846
299.9977874
299.9979395
299.9980409
299.9980916
721.7687341
708.1546515
679.3996194
634.2580171
572.4733002
495.0392837
403.9186426
303.5776355
300.3876418
300.0518455
300.0051155
300.0004049
300.0000276
300.0000017
300.0000001
300
300
300
300
300
300
300
300
300
300
300
299.9999998
299.9999983
299.9999843
299.9998799
299.9992702
299.9966645
299.9966747
299.9970279
299.9973314
299.9975846
299.9977874
299.9979395
299.9980409
299.9980916
783.5581679
770.8054997
742.0907786
694.8152613
627.4552745
539.149995
430.438861
305.2324454
301.2036062
300.2108804
300.0230927
300.0019042
300.000134
300.0000088
300.0000006
300
300
300
300
300
300
300
300
300
300
300
299.9999998
299.9999983
299.9999843
299.9998799
299.9992702
299.9966645
299.9966747
299.9970279
299.9973314
299.9975846
299.9977874
299.9979395
299.9980409
299.9980916
863.3885303
852.8685592
827.1041926
781.6435994
711.4204513
612.1944472
479.0353289
309.8129103
304.4424427
300.8855989
300.1059927
300.0097628
300.0007945
300.000061
300.0000044
300.0000003
300
300
300
300
300
300
300
300
300
300
299.9999998
299.9999983
299.9999843
299.9998799
299.9992702
299.9966645
299.9966747
299.9970279
299.9973314
299.9975846
299.9977874
299.9979395
299.9980409
299.9980916
957.836405
952.2740453
936.4029454
903.2340408
841.6218839
739.4966669
578.2806635
316.2731798
304.8770641
301.3764715
300.2625751
300.0379542
300.0044126
300.0004283
300.0000357
300.0000026
300.0000002
300
300
300
300
300
300
300
300
300
299.9999998
299.9999983
299.9999843
299.9998799
299.9992702
299.9966645
299.9966747
299.9970279
299.9973314
299.9975846
299.9977874
299.9979395
299.9980409
299.9980916
1065.099238
1069.701847
1074.626524
1070.826443
1043.846234
974.1696738
825.5143109
419.6028522
328.3878242
309.1938288
301.8941223
300.2836138
300.033401
300.0032495
300.0002699
300.0000196
300.0000013
300.0000001
300
300
300
300
300
300
300
300
299.9999998
299.9999983
299.9999843
299.9998799
299.9992702
299.9966645
299.9966747
299.9970279
299.9973314
299.9975846
299.9977874
299.9979395
299.9980409
299.9980916
1182.327071
1200.389856
1234.616601
1279.16885
1328.25068
1380.767719
1448.342576
1351.888334
473.6015552
357.1001886
311.7371016
301.7376261
300.2019454
300.0194026
300.0015939
300.0001146
300.0000073
300.0000004
300
300
300
300
300
300
300
300
299.9999998
299.9999983
299.9999843
299.9998799
299.9992702
299.9966645
299.9966747
299.9970279
299.9973314
299.9975846
299.9977874
299.9979395
299.9980409
299.9980916
1293.78411
1323.774541
1384.806219
1483.816416
1639.929341
1905.270876
2262.455855
2015.032912
1133.338503
559.4539823
353.0561528
307.7192241
300.8794743
300.0829547
300.006708
300.0004761
300.0000302
300.0000017
300.0000001
300
300
300
300
300
300
300
299.9999998
299.9999983
299.9999843
299.9998799
299.9992702
299.9966645
299.9966747
299.9970279
299.9973314
299.9975846
299.9977874
299.9979395
299.9980409
299.9980916
1395.896701
1428.051819
1499.094238
1622.433786
1828.733656
2192.519913
2304.985393
2298.763292
2233.898785
1057.870544
454.5492221
321.8334001
302.4074058
300.2203794
300.0173747
300.0012081
300.0000753
300.0000043
300.0000002
300
300
300
300
300
300
300
299.9999998
299.9999983
299.9999843
299.9998799
299.9992702
299.9966645
299.9966747
299.9970279
299.9973314
299.9975846
299.9977874
299.9979395
299.9980409
299.9980916
1493.275887
1524.126907
1593.793548
1712.358749
1894.659925
2139.567881
2304.613082
2287.889178
2096.119216
1664.52543
551.1112293
332.926606
303.3841082
300.2904187
300.0216456
300.0014364
300.0000862
300.0000047
300.0000002
300
300
300
300
300
300
300
299.9999998
299.9999983
299.9999843
299.9998799
299.9992702
299.9966645
299.9966747
299.9970279
299.9973314
299.9975846
299.9977874
299.9979395
299.9980409
299.9980916
1584.587268
1613.636572
1678.095558
1784.145446
1937.51643
2129.315884
2316.831321
2378.354288
2330.346159
2307.933726
626.3278929
342.171866
304.1910772
300.3386394
300.0233949
300.0014329
300.0000798
300.0000041
300.0000002
300
300
300
300
300
300
300
299.9999998
299.9999983
299.9999843
299.9998799
299.9992702
299.9966645
299.9966747
299.9970279
299.9973314
299.9975846
299.9977874
299.9979395
299.9980409
299.9980916
1667.374419
1695.047276
1754.709882
1851.06536
1987.353277
2159.525424
2350.916233
2454.955531
2616.568484
2713.994737
661.4454171
341.5760039
303.7265474
300.275583
300.0176039
300.0010067
300.0000529
300.0000026
300.0000001
300
300
300
300
300
300
300
299.9999998
299.9999983
299.9999843
299.9998799
299.9992702
299.9966645
299.9966747
299.9970279
299.9973314
299.9975846
299.9977874
299.9979395
299.9980409
299.9980916
1739.941067
1766.608087
1823.363666
1914.103899
2042.513784
2209.230447
2407.173302
2605.058379
2980.769279
3083.71034
659.7311288
337.900449
303.0054179
300.1972118
300.0113205
300.0005913
300.0000289
300.0000013
300.0000001
300
300
300
300
300
300
300
299.9999998
299.9999983
299.9999843
299.9998799
299.9992702
299.9966645
299.9966747
299.9970279
299.9973314
299.9975846
299.9977874
299.9979395
299.9980409
299.9980916
1802.040868
1828.267911
1883.47555
1971.160642
2096.202302
2266.288414
2495.803501
2800.790815
3281.667758
3364.043585
679.1064401
333.822423
302.3272749
300.1331191
300.006708
300.0003116
300.0000138
300.0000006
300
300
300
300
300
300
300
300
299.9999998
299.9999983
299.9999843
299.9998799
299.9992702
299.9966645
299.9966747
299.9970279
299.9973314
299.9975846
299.9977874
299.9979395
299.9980409
299.9980916
1853.543725
1879.76048
1934.342942
2020.10418
2142.033993
2312.026926
2556.870918
2916.619232
3478.890676
3575.471759
819.5948768
332.7284339
301.7439983
300.0833378
300.0036199
300.0001469
300.0000058
300.0000002
300
300
300
300
300
300
300
300
299.9999998
299.9999983
299.9999843
299.9998799
299.9992702
299.9966645
299.9966747
299.9970279
299.9973314
299.9975846
299.9977874
299.9979395
299.9980409
299.9980916
1893.851434
1920.388634
1974.975361
2059.178939
2176.626497
2339.343387
2577.861731
2930.509158
3399.438826
3427.320104
828.5264853
325.1722612
301.1455897
300.0479667
300.0018093
300.0000632
300.0000021
300.0000001
300
300
300
300
300
300
300
300
299.9999998
299.9999983
299.9999843
299.9998799
299.9992702
299.9966645
299.9966747
299.9970279
299.9973314
299.9975846
299.9977874
299.9979395
299.9980409
299.9980916
1921.862554
1949.038411
2004.261843
2087.356447
2197.67215
2345.029983
2561.481454
2932.397311
3696.18404
3998.162807
959.9206539
322.206232
300.754344
300.0256695
300.0008152
300.0000241
300.0000007
300
300
300
300
300
300
300
300
300
299.9999998
299.9999983
299.9999843
299.9998799
299.9992702
299.9966645
299.9966747
299.9970279
299.9973314
299.9975846
299.9977874
299.9979395
299.9980409
299.9980916
1936.020129
1964.263802
2020.88759
2100.996978
2198.35091
2311.061556
2454.420568
2738.548188
3465.768355
4369.925654
815.9994634
312.285046
300.3585408
300.0107204
300.0002931
300.0000074
300.0000002
300
300
300
300
300
300
300
300
300
299.9999998
299.9999983
299.9999843
299.9998799
299.9992702
299.9966645
299.9966747
299.9970279
299.9973314
299.9975846
299.9977874
299.9979395
299.9980409
299.9980916
1934.347071
1962.092911
2015.679225
2089.107132
2172.919271
2252.053539
2307.048653
2496.097851
2514.096306
2730.355808
401.7134849
303.7240076
300.1142035
300.0030184
300.0000715
300.0000016
300
300
300
300
300
300
300
300
300
300
299.9999998
299.9999983
299.9999843
299.9998799
299.9992702
299.9966645
299.9966747
299.9970279
299.9973314
299.9975846
299.9977874
299.9979395
299.9980409
299.9980916
1916.394554
1943.67944
1995.163427
2062.496409
2136.351957
2217.368644
2240.433803
2349.657899
3291.543783
1202.622932
332.6488862
300.9757916
300.0252133
300.0005918
300.0000131
300.0000003
300
300
300
300
300
300
300
300
300
300
299.9999998
299.9999983
299.9999843
299.9998799
299.9992702
299.9966645
299.9966747
299.9970279
299.9973314
299.9975846
299.9977874
299.9979395
299.9980409
299.9980916
1882.516917
1911.71517
1967.163794
2040.034565
2113.326318
2149.379491
2143.177012
2101.207794
1054.303529
374.4850596
303.785892
300.1462658
300.0047563
300.0001359
300.0000035
300.0000001
300
300
300
300
300
300
300
300
300
300
299.9999998
299.9999983
299.9999843
299.9998799
299.9992702
299.9966645
299.9966747
299.9970279
299.9973314
299.9975846
299.9977874
299.9979395
299.9980409
299.9980916
1832.17108
1865.271191
1930.246786
2021.687136
2129.203734
2232.104332
2272.016313
2422.108896
657.2240716
330.0790475
301.6849846
300.0716011
300.0024701
300.0000721
300.0000018
300
300
300
300
300
300
300
300
300
300
300
299.9999998
299.9999983
299.9999843
299.9998799
299.9992702
299.9966645
299.9966747
299.9970279
299.9973314
299.9975846
299.9977874
299.9979395
299.9980409
299.9980916
1764.583987
1802.565405
1879.240909
1993.162801
2141.504291
2318.900654
2567.323577
2611.044188
622.7332354
324.7251876
301.2801949
300.0506778
300.0016339
300.0000446
300.0000011
300
300
300
300
300
300
300
300
300
300
300
299.9999998
299.9999983
299.9999843
299.9998799
299.9992702
299.9966645
299.9966747
299.9970279
299.9973314
299.9975846
299.9977874
299.9979395
299.9980409
299.9980916
1679.881976
1722.520279
1809.976927
1943.600362
2124.726488
2351.284616
2630.961026
2649.65547
590.8281947
320.4618259
300.9760209
300.0357921
300.0010744
300.0000274
300.0000006
300
300
300
300
300
300
300
300
300
300
300
299.9999998
299.9999983
299.9999843
299.9998799
299.9992702
299.9966645
299.9966747
299.9970279
299.9973314
299.9975846
299.9977874
299.9979395
299.9980409
299.9980916
1579.836893
1626.519707
1723.331783
1873.309056
2080.164637
2343.811674
2649.268225
2668.340845
556.9094719
316.5573318
300.7298299
300.0249095
300.000701
300.0000169
300.0000004
300
300
300
300
300
300
300
300
300
300
300
299.9999998
299.9999983
299.9999843
299.9998799
299.9992702
299.9966645
299.9966747
299.9970279
299.9973314
299.9975846
299.9977874
299.9979395
299.9980409
299.9980916
1468.084565
1517.951272
1622.360187
1785.459769
2012.847253
2308.179825
2652.153957
2674.155915
522.5754364
313.1014424
300.5350125
300.0170304
300.0004487
300.0000102
300.0000002
300
300
300
300
300
300
300
300
300
300
300
299.9999998
299.9999983
299.9999843
299.9998799
299.9992702
299.9966645
299.9966747
299.9970279
299.9973314
299.9975846
299.9977874
299.9979395
299.9980409
299.9980916
1349.520788
1401.686764
1511.881512
1685.629932
1929.745997
2253.376731
2642.806305
2668.819628
491.3717699
310.2883254
300.388863
300.011496
300.0002806
300.0000058
300.0000001
300
300
300
300
300
300
300
300
300
300
300
299.9999998
299.9999983
299.9999843
299.9998799
299.9992702
299.9966645
299.9966747
299.9970279
299.9973314
299.9975846
299.9977874
299.9979395
299.9980409
299.9980916
1229.571119
1283.232777
1397.568497
1579.605709
1838.683073
2188.772253
2623.365582
2653.748455
464.3635209
308.0679842
300.2818203
300.0077408
300.0001763
300.0000034
300.0000001
300
300
300
300
300
300
300
300
300
300
300
299.9999998
299.9999983
299.9999843
299.9998799
299.9992702
299.9966645
299.9966747
299.9970279
299.9973314
299.9975846
299.9977874
299.9979395
299.9980409
299.9980916
1113.20371
1168.216562
1285.812854
1474.202456
1745.821487
2119.34527
2594.387393
2629.289678
440.368871
306.2694564
300.2011144
300.0050803
300.0001059
300.0000018
300
300
300
300
300
300
300
300
300
300
300
300
299.9999998
299.9999983
299.9999843
299.9998799
299.9992702
299.9966645
299.9966747
299.9970279
299.9973314
299.9975846
299.9977874
299.9979395
299.9980409
299.9980916
1004.224899
1060.745609
1181.30112
1374.530764
1655.389189
2046.639117
2554.559869
2594.431834
418.59724
304.7972969
300.140568
300.003256
300.0000625
300.000001
300
300
300
300
300
300
300
300
300
300
300
300
299.9999998
299.9999983
299.9999843
299.9998799
299.9992702
299.9966645
299.9966747
299.9970279
299.9973314
299.9975846
299.9977874
299.9979395
299.9980409
299.9980916
905.25301
963.9709734
1088.204322
1286.253268
1573.822899
1975.86372
2502.849301
2546.806824
398.8402037
303.5930215
300.0957673
300.0020613
300.0000393
300.0000007
300
300
300
300
300
300
300
300
300
300
300
300
299.9999998
299.9999983
299.9999843
299.9998799
299.9992702
299.9966645
299.9966747
299.997028
299.9973314
299.9975846
299.9977874
299.9979395
299.9980409
299.9980916
817.4537132
879.7453607
1010.070563
1216.107121
1510.932981
1915.241023
2437.122063
2484.095038
380.3373427
302.5985992
300.061705
300.0011653
300.0000182
300.0000002
300
300
300
300
300
300
300
300
300
300
300
300
299.9999998
299.9999983
299.9999843
299.9998799
299.9992702
299.9966645
299.9966747
299.997028
299.9973314
299.9975846
299.9977874
299.9979395
299.9980409
299.9980916
739.9221665
807.0669215
946.1527663
1164.88774
1469.694264
1865.744185
2344.810529
2397.357259
364.058546
301.8274666
300.0380597
300.000619
300.0000073
300
300
300
300
300
300
300
300
300
300
300
300
300
299.9999998
299.9999983
299.9999843
299.9998799
299.9992702
299.9966645
299.9966747
299.997028
299.9973314
299.9975846
299.9977874
299.9979395
299.9980409
299.9980916
666.7828205
738.1282697
886.2205503
1114.823367
1415.785853
1780.520428
2195.463842
2235.301809
350.1027208
301.2119469
300.0216216
300.0002962
300.0000021
299.9999999
300
300
300
300
300
300
300
300
300
300
300
300
299.9999998
299.9999983
299.9999843
299.9998799
299.9992702
299.9966645
299.9966747
299.997028
299.9973314
299.9975846
299.9977874
299.9979395
299.9980409
299.9980916
589.5052894
653.3856319
786.0206293
992.9736015
1266.748486
1603.11042
2006.021626
2043.2033
333.0235109
300.6291787
300.009256
300.0000988
299.9999995
299.9999999
300
300
300
300
300
300
300
300
300
300
300
300
299.9999998
299.9999983
299.9999843
299.9998799
299.9992702
299.9966645
299.9966747
299.997028
299.9973314
299.9975846
299.9977874
299.9979395
299.9980409
299.9980916
511.7228792
558.5659787
653.4905786
801.4412088
1008.161949
1293.915965
1745.427553
1897.237342
313.9429915
300.1474065
300.0012998
299.9999976
299.9999984
299.9999998
300
300
300
300
300
300
300
300
300
300
300
300
299.9999998
299.9999983
299.9999843
299.9998799
299.9992702
299.9966645
299.9966747
299.997028
299.9973314
299.9975846
299.9977874
299.9979395
299.9980409
299.9980916
443.7256165
473.6684293
532.5166586
619.688911
731.9765138
875.4640832
1126.034898
1617.268662
303.120818
300.0146707
299.9999963
299.9999855
299.9999983
299.9999998
300
300
300
300
300
300
300
300
300
300
300
300
299.9999998
299.9999983
299.9999843
299.9998799
299.9992702
299.9966645
299.9966747
299.997028
299.9973314
299.9975846
299.9977874
299.9979395
299.9980409
299.9980916
391.1916551
408.5220351
441.3245926
486.6143381
536.3474881
573.8600397
568.6054846
368.04525
300.1765304
300.0007847
299.9998981
299.9999845
299.9999983
299.9999998
300
300
300
300
300
300
300
300
300
300
300
300
299.9999998
299.9999983
299.9999843
299.9998799
299.9992702
299.9966645
299.9966747
299.997028
299.9973314
299.9975846
299.9977874
299.9979395
299.9980409
299.9980916
354.4539824
363.6663317
380.4244783
401.8366531
421.4817115
426.9246433
398.1726846
304.9150273
300.0264182
299.9996975
299.9998858
299.9999844
299.9999983
299.9999998
300
300
300
300
300
300
300
300
300
300
300
300
299.9999998
299.9999983
299.9999843
299.9998799
299.9992702
299.9966645
299.9966747
299.997028
299.9973314
299.9975846
299.9977874
299.9979395
299.9980409
299.9980916
330.8276539
335.3712116
343.3168239
352.6782376
359.6348606
357.8791034
339.5826339
301.2840568
300.0074129
299.9994358
299.9998823
299.9999843
299.9999983
299.9999998
300
300
300
300
300
300
300
300
300
300
300
300
299.9999998
299.9999983
299.9999843
299.9998799
299.9992702
299.9966645
299.9966747
299.997028
299.9973314
299.9975846
299.9977874
299.9979395
299.9980409
299.9980916
316.6721037
318.7648501
322.2850188
326.0931479
328.2359818
325.9485231
316.5945847
300.5138541
300.0011361
299.9993662
299.9998843
299.9999846
299.9999983
299.9999998
300
300
300
300
300
300
300
300
300
300
300
300
299.9999998
299.9999983
299.9999843
299.9998799
299.9992702
299.9966645
299.9966747
299.997028
299.9973314
299.9975846
299.9977874
299.9979395
299.9980409
299.9980916
308.684674
309.5875375
311.0467964
312.4812401
312.9854864
311.4399372
307.0202286
300.2157241
299.9997109
299.9995641
299.9999108
299.9999867
299.9999984
299.9999999
300
300
300
300
300
300
300
300
300
300
300
300
299.9999998
299.9999983
299.9999843
299.9998799
299.9992702
299.9966645
299.9966747
299.997028
299.9973314
299.9975846
299.9977874
299.9979395
299.9980409
299.9980916
304.4019718
304.7660658
305.3286331
305.8176492
305.8422987
304.9728896
302.9657184
300.0936226
300.0028188
300.0004271
300.0000112
299.9999946
299.9999989
299.9999999
300
300
300
300
300
300
300
300
300
300
300
300
299.9999998
299.9999983
299.9999843
299.9998799
299.9992702
299.9966645
299.9966747
299.997028
299.9973314
299.9975846
299.9977874
299.9979395
299.9980409
299.9980916
302.2064753
302.3417485
302.5384272
302.6775832
302.5997968
302.1469627
301.2512782
300.0368056
299.9982558
299.9995431
299.9999106
299.9999867
299.9999984
299.9999999
300
300
300
300
300
300
300
300
300
300
300
300
299.9999998
299.9999983
299.9999843
299.9998799
299.9992702
299.9966645
299.9966747
299.997028
299.9973314
299.9975846
299.9977874
299.9979395
299.9980409
299.9980916
301.1312502
301.174747
301.2307799
301.2503599
301.1716667
300.9389079
300.5352915
300.0135122
299.9969646
299.9993044
299.9998835
299.9999846
299.9999983
299.9999998
300
300
300
300
300
300
300
300
300
300
300
300
299.9999998
299.9999983
299.9999843
299.9998799
299.9992702
299.9966645
299.9966747
299.997028
299.9973314
299.9975846
299.9977874
299.9979395
299.9980409
299.9980916
300.6399375
300.6479117
300.651792
300.6326933
300.568049
300.4394067
300.2441181
300.0043462
299.9967572
299.9992744
299.9998801
299.9999843
299.9999983
299.9999998
300
300
300
300
300
300
300
300
300
300
300
300
299.9999998
299.9999983
299.9999843
299.9998799
299.9992702
299.9966645
299.9966747
299.997028
299.9973314
299.9975846
299.9977874
299.9979395
299.9980409
299.9980916
300.4542685
300.4477155
300.4305518
300.3963692
300.3379487
300.2502907
300.1346129
300.00096
299.9967362
299.9992727
299.9998799
299.9999843
299.9999983
299.9999998
300
300
300
300
300
300
300
300
300
300
300
300
299.9999998
299.9999983
299.9999843
299.9998799
299.9992702
299.9966645
299.9966747
299.997028
299.9973314
299.9975846
299.9977874
299.9979395
299.9980409
299.9980916
300.4409041
300.426193
300.3961186
300.3494656
300.2851207
300.203178
300.1062333
300.0001107
299.9967586
299.9992754
299.9998801
299.9999843
299.9999983
299.9999998
300
300
300
300
300
300
300
300
300
300
300
300
299.9999998
299.9999983
299.9999843
299.9998799
299.9992702
299.9966645
299.9966747
299.997028
299.9973314
299.9975846
299.9977874
299.9979395
299.9980409
299.9980916
300.5455553
300.5230054
300.4788523
300.4142984
300.3310511
300.2316679
300.1198719
300.0006403
299.9968595
299.9992944
299.9998826
299.9999845
299.9999983
299.9999998
300
300
300
300
300
300
300
300
300
300
300
300
299.9999998
299.9999983
299.9999843
299.9998799
299.9992702
299.9966645
299.9966747
299.997028
299.9973314
299.9975846
299.9977874
299.9979395
299.9980409
299.9980916
300.7583688
300.725418
300.6614461
300.5691899
300.4522698
300.3152427
300.1634862
300.0027124
299.9975407
299.9994563
299.9999052
299.9999867
299.9999985
299.9999999
300
300
300
300
300
300
300
300
300
300
300
300
299.9999998
299.9999983
299.9999843
299.9998799
299.9992702
299.9966645
299.9966747
299.997028
299.9973314
299.9975846
299.9977874
299.9979395
299.9980409
299.9980916
301.0980378
301.050101
300.9570186
300.8229628
300.6535409
300.4558093
300.2380712
300.0089439
300.001523
300.0004592
300.0000471
300.0000006
299.9999995
299.9999999
300
300
300
300
300
300
300
300
300
300
300
300
299.9999998
299.9999983
299.9999843
299.9998799
299.9992702
299.9966645
299.9966747
299.997028
299.9973314
299.9975846
299.9977874
299.9979395
299.9980409
299.9980916
301.6067344
301.5370743
301.4014808
301.2057776
300.9580314
300.6687291
300.3510819
300.0225566
300.0128191
300.0033423
300.0004558
300.0000404
300.0000025
300.0000001
300
300
300
300
300
300
300
300
300
300
300
300
299.9999998
299.9999983
299.9999843
299.9998799
299.9992702
299.9966645
299.9966747
299.997028
299.9973314
299.9975846
299.9977874
299.9979395
299.9980409
299.9980916
302.3515848
302.250714
302.0537609
301.768512
301.4060756
300.9811181
300.5116364
300.0176584
300.0018819
300.0004834
300.0000485
300.0000006
299.9999995
299.9999999
300
300
300
300
300
300
300
300
300
300
300
300
299.9999998
299.9999983
299.9999843
299.9998799
299.9992702
299.9966645
299.9966747
299.997028
299.9973314
299.9975846
299.9977874
299.9979395
299.9980409
299.9980916
303.4307453
303.2855472
303.0010763
302.5873725
302.0593806
301.437629
300.7481678
300.0213428
299.9983134
299.9995089
299.9999084
299.9999869
299.9999985
299.9999999
300
300
300
300
300
300
300
300
300
300
300
300
299.9999998
299.9999983
299.9999843
299.9998799
299.9992702
299.9966645
299.9966747
299.997028
299.9973314
299.9975846
299.9977874
299.9979395
299.9980409
299.9980916
304.9835111
304.7761676
304.3683727
303.7723716
303.0075839
302.1024078
301.094908
300.0317282
299.9981666
299.999385
299.9998881
299.9999848
299.9999983
299.9999998
300
300
300
300
300
300
300
300
300
300
300
300
299.9999998
299.9999983
299.9999843
299.9998799
299.9992702
299.9966645
299.9966747
299.997028
299.9973314
299.9975846
299.9977874
299.9979395
299.9980409
299.9980916
307.2046717
306.9115576
306.3323949
305.4805993
304.3798221
303.0681544
301.6005427
300.0478074
299.998813
299.9994206
299.9998891
299.9999848
299.9999983
299.9999998
300
300
300
300
300
300
300
300
300
300
300
300
299.9999998
299.9999983
299.9999843
299.9998799
299.9992702
299.9966645
299.9966747
299.997028
299.9973314
299.9975846
299.9977874
299.9979395
299.9980409
299.9980916
310.3636672
309.9545869
309.1415324
307.9358109
306.3627178
304.4706722
302.3376635
300.0713964
299.9998791
299.9995
299.9998943
299.9999851
299.9999983
299.9999998
300
300
300
300
300
300
300
300
300
300
300
300
299.9999998
299.9999983
299.9999843
299.9998799
299.9992702
299.9966645
299.9966747
299.997028
299.9973314
299.9975846
299.9977874
299.9979395
299.9980409
299.9980916
314.8290442
314.2676028
313.1431106
311.4568698
309.2278461
306.5116109
303.4160174
300.10605
300.0015575
299.9996393
299.9999046
299.9999858
299.9999984
299.9999998
300
300
300
300
300
300
300
300
300
300
300
300
299.9999998
299.9999983
299.9999843
299.9998799
299.9992702
299.9966645
299.9966747
299.997028
299.9973314
299.9975846
299.9977874
299.9979395
299.9980409
299.9980916
321.0980747
320.3447205
318.8201717
316.4990205
313.3745083
309.4960856
305.0056152
300.1578953
300.0047381
299.9999995
299.9999389
299.9999884
299.9999985
299.9999999
300
300
300
300
300
300
300
300
300
300
300
300
299.9999998
299.9999983
299.9999843
299.9998799
299.9992702
299.9966645
299.9966747
299.997028
299.9973314
299.9975846
299.9977874
299.9979395
299.9980409
299.9980916
329.8298331
328.8502996
326.8397383
323.7137827
319.3979554
313.8980098
307.3798092
300.2385128
300.0128362
300.0013104
300.0000887
300.000001
299.9999994
299.9999999
300
300
300
300
300
300
300
300
300
300
300
300
299.9999998
299.9999983
299.9999843
299.9998799
299.9992702
299.9966645
299.9966747
299.997028
299.9973314
299.9975846
299.9977874
299.9979395
299.9980409
299.9980916
341.8767027
340.6601281
338.1128239
334.0345911
328.2000271
320.4790904
311.0013014
300.3631367
300.0273858
300.003987
300.0004231
300.000031
300.0000015
300
300
300
300
300
300
300
300
300
300
300
300
300
299.9999998
299.9999983
299.9999843
299.9998799
299.9992702
299.9966645
299.9966747
299.997028
299.9973314
299.9975846
299.9977874
299.9979395
299.9980409
299.9980916
358.304183
356.8967439
353.8622855
348.7949223
341.169116
330.5161399
316.7176457
300.5394967
300.0258246
300.0021726
300.0001398
300.000004
299.9999996
299.9999999
300
300
300
300
300
300
300
300
300
300
300
300
299.9999998
299.9999983
299.9999843
299.9998799
299.9992702
299.9966645
299.9966747
299.997028
299.9973314
299.9975846
299.9977874
299.9979395
299.9980409
299.9980916
380.3800117
378.9392784
375.6806704
369.8728419
360.4588246
346.2421908
326.2729089
300.8948854
300.0481217
300.0030168
300.0001338
300.0000003
299.9999992
299.9999999
300
300
300
300
300
300
300
300
300
300
300
300
299.9999998
299.9999983
299.9999843
299.9998799
299.9992702
299.9966645
299.9966747
299.997028
299.9973314
299.9975846
299.9977874
299.9979395
299.9980409
299.9980916
409.5061695
408.3762797
405.5392729
399.8223298
389.3615399
371.6476354
343.6849623
302.8846189
301.1726488
300.0263345
300.0008646
300.0000247
300.0000001
299.9999999
300
300
300
300
300
300
300
300
300
300
300
300
299.9999998
299.9999983
299.9999843
299.9998799
299.9992702
299.9966645
299.9966747
299.997028
299.9973314
299.9975846
299.9977874
299.9979395
299.9980409
299.9980916
447.059536
446.8531289
445.6675396
441.8616003
432.5991108
413.5593775
378.5062813
319.919994
317.1305505
300.5201659
300.0141894
300.0003771
300.0000098
300.0000002
300
300
300
300
300
300
300
300
300
300
300
300
299.9999998
299.9999983
299.9999843
299.9998799
299.9992702
299.9966645
299.9966747
299.997028
299.9973314
299.9975846
299.9977874
299.9979395
299.9980409
299.9980916
494.1175319
495.7652505
498.1955665
499.4805812
495.9900657
481.5239495
445.5697448
371.9816348
367.715336
302.8185228
300.1031727
300.0034221
300.000106
300.0000031
300.0000001
300
300
300
300
300
300
300
300
300
300
300
299.9999998
299.9999983
299.9999843
299.9998799
299.9992702
299.9966645
299.9966747
299.997028
299.9973314
299.9975846
299.9977874
299.9979395
299.9980409
299.9980916
551.0791605
555.791166
564.4953236
575.4856048
585.1657385
586.6290646
566.3320612
500.0611145
495.1292386
309.9280728
300.4466688
300.0181017
300.000673
300.0000234
300.0000008
300
300
300
300
300
300
300
300
300
300
300
299.9999998
299.9999983
299.9999843
299.9998799
299.9992702
299.9966645
299.9966747
299.997028
299.9973314
299.9975846
299.9977874
299.9979395
299.9980409
299.9980916
617.2539342
626.3296875
644.2549551
670.3461562
702.5985602
736.2349182
759.9252078
749.7647856
746.1248972
327.1544582
301.4456426
300.0689943
300.0030031
300.0001209
300.0000046
300.0000002
300
300
300
300
300
300
300
300
300
300
299.9999998
299.9999983
299.9999843
299.9998799
299.9992702
299.9966645
299.9966747
299.997028
299.9973314
299.9975846
299.9977874
299.9979395
299.9980409
299.9980916
690.568808
705.0540073
734.6311753
780.4172557
843.6707467
925.4017844
1025.556914
1140.926792
1131.332794
360.8996953
303.7987897
300.209767
300.0104874
300.0004822
300.0000206
300.0000008
300
300
300
300
300
300
300
300
300
300
299.9999998
299.9999983
299.9999843
299.9998799
299.9992702
299.9966645
299.9966747
299.997028
299.9973314
299.9975846
299.9977874
299.9979395
299.9980409
299.9980916
767.5851956
787.8955152
830.0769345
897.2553083
994.5505254
1129.549379
1313.133646
1410.455129
1589.215783
415.278166
308.4330547
300.5355248
300.0304469
300.00158
300.0000759
300.0000034
300.0000001
300
300
300
300
300
300
300
300
300
299.9999998
299.9999983
299.9999843
299.9998799
299.9992702
299.9966645
299.9966747
299.997028
299.9973314
299.9975846
299.9977874
299.9979395
299.9980409
299.9980916
843.9345638
869.664137
923.5571013
1010.476432
1138.106753
1317.9117
1558.599672
1632.259245
1712.705615
480.4273946
316.0593609
301.1795689
300.0759826
300.004417
300.0002356
300.0000117
300.0000005
300
300
300
300
300
300
300
300
300
299.9999998
299.9999983
299.9999843
299.9998799
299.9992702
299.9966645
299.9966747
299.997028
299.9973314
299.9975846
299.9977874
299.9979395
299.9980409
299.9980916
914.9973379
944.8247839
1007.411974
1108.507828
1258.953611
1476.10026
1785.936349
1835.56114
2004.299583
548.5431823
326.5175315
302.2675557
300.1656419
300.0107316
300.0006303
300.000034
300.0000017
300.0000001
300
300
300
300
300
300
300
300
299.9999998
299.9999983
299.9999843
299.9998799
299.9992702
299.9966645
299.9966747
299.997028
299.9973314
299.9975846
299.9977874
299.9979395
299.9980409
299.9980916
976.7950129
1008.941511
1076.077891
1183.663726
1340.806274
1557.175861
1831.196506
1899.831765
2092.71997
619.2089511
339.6308144
303.8787697
300.3185312
300.0228119
300.0014604
300.0000849
300.0000045
300.0000002
300
300
300
300
300
300
300
300
299.9999998
299.9999983
299.9999843
299.9998799
299.9992702
299.9966645
299.9966747
299.997028
299.9973314
299.9975846
299.9977874
299.9979395
299.9980409
299.9980916
1026.715408
1058.979397
1125.249886
1228.004362
1371.147504
1556.057085
1777.92862
2029.570846
2077.931238
674.8321985
354.2192739
305.983075
300.5441411
300.0425068
300.0029286
300.0001812
300.0000102
300.0000005
300
300
300
300
300
300
300
300
299.9999998
299.9999983
299.9999843
299.9998799
299.9992702
299.9966645
299.9966747
299.9970279
299.9973314
299.9975846
299.9977874
299.9979395
299.9980409
299.9980916
1063.997205
1095.24532
1158.557773
1255.156831
1385.681567
1549.785745
1745.148967
1986.512298
2007.635468
705.8711442
367.7798514
308.3323642
300.8270173
300.0694788
300.0050865
300.0003311
300.0000194
300.000001
300.0000001
300
300
300
300
300
300
300
299.9999998
299.9999983
299.9999843
299.9998799
299.9992702
299.9966645
299.9966747
299.9970279
299.9973314
299.9975846
299.9977874
299.9979395
299.9980409
299.9980916
1089.157312
1118.468215
1177.445732
1266.974836
1387.8266
1540.150234
1717.263342
1874.236436
1906.386809
729.396842
378.1991541
310.4415526
301.1119154
300.0990558
300.007614
300.000516
300.0000313
300.0000017
300.0000001
300
300
300
300
300
300
300
299.9999998
299.9999983
299.9999843
299.9998799
299.9992702
299.9966645
299.9966747
299.9970279
299.9973314
299.9975846
299.9977874
299.9979395
299.9980409
299.9980916
1103.808895
1130.518042
1184.096785
1265.744811
1379.048285
1530.53844
1739.873875
1790.124959
1757.762886
735.0010191
382.7670273
311.6076459
301.2926462
300.119695
300.0095082
300.0006627
300.0000412
300.0000023
300.0000001
300
300
300
300
300
300
300
299.9999998
299.9999983
299.9999843
299.9998799
299.9992702
299.9966645
299.9966747
299.9970279
299.9973314
299.9975846
299.9977874
299.9979395
299.9980409
299.9980916
1109.989105
1132.673508
1176.42203
1238.049275
1312.760394
1396.99198
1516.177415
1590.07718
1412.262672
660.1586276
370.9666748
310.1731506
301.1532624
300.1085027
300.0087451
300.0006176
300.0000389
300.0000022
300.0000001
300
300
300
300
300
300
300
299.9999998
299.9999983
299.9999843
299.9998799
299.9992702
299.9966645
299.9966747
299.9970279
299.9973314
299.9975846
299.9977874
299.9979395
299.9980409
299.9980916
1111.793295
1131.703807
1168.178377
1213.197785
1249.383341
1236.086662
1073.68545
846.6729153
752.3325641
451.2873739
330.6649495
304.495232
300.5191596
300.0496482
300.0040612
300.0002907
300.0000185
300.0000011
300.0000001
300
300
300
300
300
300
300
299.9999998
299.9999983
299.9999843
299.9998799
299.9992702
299.9966645
299.9966747
299.9970279
299.9973314
299.9975846
299.9977874
299.9979395
299.9980409
299.9980916
)
;

boundaryField
{
    lowerWall
    {
        type            zeroGradient;
    }
    atmosphere
    {
        type            zeroGradient;
    }
    rightWall
    {
        type            empty;
    }
    leftWall
    {
        type            empty;
    }
    frontAndBack
    {
        type            fixedGradient;
        gradient        uniform -50;
    }
}


// ************************************************************************* //
