/*--------------------------------*- C++ -*----------------------------------*\
| =========                 |                                                 |
| \\      /  F ield         | OpenFOAM: The Open Source CFD Toolbox           |
|  \\    /   O peration     | Version:  2506                                  |
|   \\  /    A nd           | Website:  www.openfoam.com                      |
|    \\/     M anipulation  |                                                 |
\*---------------------------------------------------------------------------*/
FoamFile
{
    version     2.0;
    format      ascii;
    arch        "LSB;label=32;scalar=64";
    class       volScalarField;
    location    "0.002";
    object      TLiquidus;
}
// * * * * * * * * * * * * * * * * * * * * * * * * * * * * * * * * * * * * * //

dimensions      [0 0 0 1 0 0 0];

internalField   nonuniform List<scalar> 
3200
(
10
10
10
10
10
10
10.00000002
10.00002783
1723
1723
1723
1723
1723
1723
1723
1723
1723
1723
1723
1723
1723
1723
1723
1723
1723
1723
1723
1723
1723
1723
1723
1723
10.00000031
10
10
10
10
10
10
10
10
10
10
10
10
10
10.00000002
10.0002078
1723
1723
1723
1723
1723
1723
1723
1723
1723
1723
1723
1723
1723
1723
1723
1723
1723
1723
1723
1723
1723
1723
1723
1723
10.00000031
10
10
10
10
10
10
10
10
10
10
10
10
10
10
10.00071895
1723
1723
1723
1723
1723
1723
1723
1723
1723
1723
1723
1723
1723
1723
1723
1723
1723
1723
1723
1723
1723
1723
1723
1723
10.00000031
10
10
10
10
10
10
10
10
10
10
10
10
10
10
10.00148913
1723
1723
1723
1723
1723
1723
1723
1723
1723
1723
1723
1723
1723
1723
1723
1723
1723
1723
1723
1723
1723
1723
1723
1723
10.00000031
10
10
10
10
10
10
10
10
10
10
10
10
10
10
10.00241452
1723
1723
1723
1723
1723
1723
1723
1723
1723
1723
1723
1723
1723
1723
1723
1723
1723
1723
1723
1723
1723
1723
1723
1723
10.00000031
10
10
10
10
10
10
10
10
10
10
10
10
10
10
10.00313298
1723
1723
1723
1723
1723
1723
1723
1723
1723
1723
1723
1723
1723
1723
1723
1723
1723
1723
1723
1723
1723
1723
1723
1723
10.00000031
10
10
10
10
10
10
10
10
10
10
10
10
10
10
12.896109
1723
1723
1723
1723
1723
1723
1723
1723
1723
1723
1723
1723
1723
1723
1723
1723
1723
1723
1723
1723
1723
1723
1723
1723
10.00000032
10
10
10
10
10
10
10
10
10
10
10
10
10
10
1723
1723
1723
1723
1723
1723
1723
1723
1723
1723
1723
1723
1723
1723
1723
1723
1723
1723
1723
1723
1723
1723
1723
1723
1723
10.00000032
10
10
10
10
10
10
10
10
10
10
10
10
10
39.53577872
1723
1723
1723
1723
1723
1723
1723
1723
1723
1723
1723
1723
1723
1723
1723
1723
1723
1723
1723
1723
1723
1723
1723
1723
1723
10.00000032
10
10
10
10
10
10
10
10
10
10
10
10
10
1723
1723
1723
1723
1723
1723
1723
1723
1723
1723
1723
1723
1723
1723
1723
1723
1723
1723
1723
1723
1723
1723
1723
1723
1723
1723
10.00000032
10
10
10
10
10
10
10
10
10
10
10
10
10
17.06664333
1723
1723
1723
1723
1723
1723
1723
1723
1723
1723
1723
1723
1723
1723
1723
1723
1723
1723
1723
1723
1723
1723
1723
1723
1723
10.00000032
10
10
10
10
10
10
10
10
10
10
10
10
10
10
1723
1723
1723
1723
1723
1723
1723
1723
1723
1723
1723
1723
1723
1723
1723
1723
1723
1723
1723
1723
1723
1723
1723
1723
1723
10.00000032
10
10
10
10
10
10
10
10
10
10
10
10
10
10
65.57865594
81.88208062
1723
1723
1723
1723
1723
1723
1723
1723
1723
1723
1723
1723
1723
1723
1723
1723
1723
1723
1723
1723
1723
1723
1723
10.00000032
10
10
10
10
10
10
10
10
10
10
10
10
10.00000001
10.00000001
10
10
1723
1723
1723
1723
1723
1723
1723
1723
1723
1723
1723
1723
1723
1723
1723
1723
1723
1723
1723
1723
1723
1723
1723
10.00000032
10
10
10
10
10
10
10
10
10
10
10
10.00000001
10.00000001
10.00000001
10
10.00000001
1723
1723
1723
1723
1723
1723
1723
1723
1723
1723
1723
1723
1723
1723
1723
1723
1723
1723
1723
1723
1723
1723
1723
10.00000032
10
10
10
10
10
10
10
10
10
10
10.00000001
10.00000001
10.00000002
10.00000002
10.00000001
10.00000002
1723
1723
1723
1723
1723
1723
1723
1723
1723
1723
1723
1723
1723
1723
1723
1723
1723
1723
1723
1723
1723
1723
1723
10.00000032
10
10
10
10
10
10
10
10
10
10
10.00000002
10.00000003
10.00000003
10.00000003
10.00000003
10.00000002
1723
1723
1723
1723
1723
1723
1723
1723
1723
1723
1723
1723
1723
1723
1723
1723
1723
1723
1723
1723
1723
1723
1723
10.00000032
10
10
10
10
10
10
10
10
10
10.00000001
10.00000003
10.00000003
10.00000003
10.00000003
10.00000003
10.00000003
1723
1723
1723
1723
1723
1723
1723
1723
1723
1723
1723
1723
1723
1723
1723
1723
1723
1723
1723
1723
1723
1723
1723
10.00000032
10
10
10
10
10
10
10
10
10
10.00000003
10.00000003
10.00000003
10.00000003
10.00000003
10.00000002
10.00000001
1723
1723
1723
1723
1723
1723
1723
1723
1723
1723
1723
1723
1723
1723
1723
1723
1723
1723
1723
1723
1723
1723
1723
10.00000032
10
10
10
10
10
10
10
10
10.00000001
10.00000004
10.00000003
10.00000003
10.00000002
10.00000001
17.09347062
1723
1723
1723
1723
1723
1723
1723
1723
1723
1723
1723
1723
1723
1723
1723
1723
1723
1723
1723
1723
1723
1723
1723
1723
10.00000031
10
10
10
10
10
10
10
10
10.00000001
10.00000004
10.00000005
10.00000007
10.00000003
1723
1723
1723
1723
1723
1723
1723
1723
1723
1723
1723
1723
1723
1723
1723
1723
1723
1723
1723
1723
1723
1723
1723
1723
1723
1723
10.00000031
10
10
10
10
10
10
10
10
10.00000002
10.00000006
10.00000013
10.00000014
10.00000009
1723
1723
1723
1723
1723
1723
1723
1723
1723
1723
1723
1723
1723
1723
1723
1723
1723
1723
1723
1723
1723
1723
1723
1723
1723
1723
10.0000003
10
10
10
10
10
10
10
10
10.00000002
10.00000008
10.00000018
10.00000021
10.00000014
82.27783393
1723
1723
1723
1723
1723
1723
1723
1723
1723
1723
1723
1723
1723
1723
1723
1723
1723
1723
1723
1723
1723
1723
1723
1723
1723
10.0000003
10
10
10
10
10
10
10
10
10.00000003
10.0000001
10.0000002
10.00000029
10.0000002
10.00000007
1723
1723
1723
1723
1723
1723
1723
1723
1723
1723
1723
1723
1723
1723
1723
1723
1723
1723
1723
1723
1723
1723
1723
1723
1723
10.0000003
10
10
10
10
10
10
10
10
10.00000003
10.00000009
10.00000018
10.00000027
10.00000023
10.0000001
1723
1723
1723
1723
1723
1723
1723
1723
1723
1723
1723
1723
1723
1723
1723
1723
1723
1723
1723
1723
1723
1723
1723
1723
1723
10.00000029
10
10
10
10
10
10
10
10
10.00000001
10.00000005
10.00000012
10.0000002
10.00000023
10.00000011
1723
1723
1723
1723
1723
1723
1723
1723
1723
1723
1723
1723
1723
1723
1723
1723
1723
1723
1723
1723
1723
1723
1723
1723
1723
10.00000029
10
10
10
10
10
10
10
10
10
10.00000002
10.00000006
10.00000011
10.00000022
10.00000014
1723
1723
1723
1723
1723
1723
1723
1723
1723
1723
1723
1723
1723
1723
1723
1723
1723
1723
1723
1723
1723
1723
1723
1723
1723
10.00000028
10
10
10
10
10
10
10
10
10
10.00000001
10.00000003
10.00000006
10.00000017
10.00000015
1723
1723
1723
1723
1723
1723
1723
1723
1723
1723
1723
1723
1723
1723
1723
1723
1723
1723
1723
1723
1723
1723
1723
1723
1723
10.00000028
10
10
10
10
10
10
10
10
10
10
10.00000002
10.00000006
10.00000012
10.00000014
1723
1723
1723
1723
1723
1723
1723
1723
1723
1723
1723
1723
1723
1723
1723
1723
1723
1723
1723
1723
1723
1723
1723
1723
1723
10.00000027
10
10
10
10
10
10
10
10
10
10
10.00000003
10.00000008
10.00000011
10.00000014
1723
1723
1723
1723
1723
1723
1723
1723
1723
1723
1723
1723
1723
1723
1723
1723
1723
1723
1723
1723
1723
1723
1723
1723
1723
10.00000027
10
10
10
10
10
10
10
10
10
10.00000001
10.00000004
10.0000001
10.00000014
10.00000014
1723
1723
1723
1723
1723
1723
1723
1723
1723
1723
1723
1723
1723
1723
1723
1723
1723
1723
1723
1723
1723
1723
1723
1723
1723
10.00000026
10
10
10
10
10
10
10
10
10
10.00000001
10.00000005
10.00000011
10.00000016
10.00000015
1723
1723
1723
1723
1723
1723
1723
1723
1723
1723
1723
1723
1723
1723
1723
1723
1723
1723
1723
1723
1723
1723
1723
1723
1723
10.00000026
10
10
10
10
10
10
10
10
10
10.00000002
10.00000008
10.00000013
10.00000017
10.00000016
1723
1723
1723
1723
1723
1723
1723
1723
1723
1723
1723
1723
1723
1723
1723
1723
1723
1723
1723
1723
1723
1723
1723
1723
1723
10.00000025
10
10
10
10
10
10
10
10
10.00000001
10.00000004
10.00000011
10.00000016
10.00000017
10.00000016
1723
1723
1723
1723
1723
1723
1723
1723
1723
1723
1723
1723
1723
1723
1723
1723
1723
1723
1723
1723
1723
1723
1723
1723
1723
10.00000025
10
10
10
10
10
10
10
10
10.00000002
10.00000006
10.00000012
10.00000014
10.00000013
10.00000013
1723
1723
1723
1723
1723
1723
1723
1723
1723
1723
1723
1723
1723
1723
1723
1723
1723
1723
1723
1723
1723
1723
1723
1723
1723
10.00000024
10
10
10
10
10
10
10
10
10.00000001
10.00000003
10.00000007
10.0000001
10.0000001
10.00000008
1723
1723
1723
1723
1723
1723
1723
1723
1723
1723
1723
1723
1723
1723
1723
1723
1723
1723
1723
1723
1723
1723
1723
1723
1723
10.00000024
10
10
10
10
10
10
10
10
10
10.00000001
10.00000003
10.00000006
10.00000007
10.00000006
1723
1723
1723
1723
1723
1723
1723
1723
1723
1723
1723
1723
1723
1723
1723
1723
1723
1723
1723
1723
1723
1723
1723
1723
1723
10.00000024
10
10
10
10
10
10
10
10
10
10
10.00000001
10.00000003
10.00000009
10.00000016
31.172603
1723
1723
1723
1723
1723
1723
1723
1723
1723
1723
1723
1723
1723
1723
1723
1723
1723
1723
1723
1723
1723
1723
1723
1723
10.00000023
10
10
10
10
10
10
10
10
10
10
10
10.00000001
10.00000003
10.00000008
10.00077569
1723
1723
1723
1723
1723
1723
1723
1723
1723
1723
1723
1723
1723
1723
1723
1723
1723
1723
1723
1723
1723
1723
1723
1723
10.00000023
10
10
10
10
10
10
10
10
10
10
10
10
10.00000001
10.00000002
10
1723
1723
1723
1723
1723
1723
1723
1723
1723
1723
1723
1723
1723
1723
1723
1723
1723
1723
1723
1723
1723
1723
1723
1723
10.00000023
10
10
10
10
10
10
10
10
10
10
10
10
10
10.00000001
10.00548992
1723
1723
1723
1723
1723
1723
1723
1723
1723
1723
1723
1723
1723
1723
1723
1723
1723
1723
1723
1723
1723
1723
1723
1723
10.00000022
10
10
10
10
10
10
10
10
10
10
10
10
10
10.00000001
10.0011689
1723
1723
1723
1723
1723
1723
1723
1723
1723
1723
1723
1723
1723
1723
1723
1723
1723
1723
1723
1723
1723
1723
1723
1723
10.00000022
10
10
10
10
10
10
10
10
10
10
10
10
10
10.00000001
10.00020134
1723
1723
1723
1723
1723
1723
1723
1723
1723
1723
1723
1723
1723
1723
1723
1723
1723
1723
1723
1723
1723
1723
1723
1723
10.00000022
10
10
10
10
10
10
10
10
10
10
10
10
10
10.00000001
10.00007536
1723
1723
1723
1723
1723
1723
1723
1723
1723
1723
1723
1723
1723
1723
1723
1723
1723
1723
1723
1723
1723
1723
1723
1723
10.00000022
10
10
10
10
10
10
10
10
10
10
10
10
10
10
10.00001468
1723
1723
1723
1723
1723
1723
1723
1723
1723
1723
1723
1723
1723
1723
1723
1723
1723
1723
1723
1723
1723
1723
1723
1723
10.00000022
10
10
10
10
10
10
10
10
10
10
10
10
10
10
10.00002804
1723
1723
1723
1723
1723
1723
1723
1723
1723
1723
1723
1723
1723
1723
1723
1723
1723
1723
1723
1723
1723
1723
1723
1723
10.00000022
10
10
10
10
10
10
10
10
10
10
10
10
10
10
10.00007479
1723
1723
1723
1723
1723
1723
1723
1723
1723
1723
1723
1723
1723
1723
1723
1723
1723
1723
1723
1723
1723
1723
1723
1723
10.00000021
10
10
10
10
10
10
10
10
10
10
10
10
10
10
10.0000502
1723
1723
1723
1723
1723
1723
1723
1723
1723
1723
1723
1723
1723
1723
1723
1723
1723
1723
1723
1723
1723
1723
1723
1723
10.00000021
10
10
10
10
10
10
10
10
10
10
10
10
10
10
10.00001948
1723
1723
1723
1723
1723
1723
1723
1723
1723
1723
1723
1723
1723
1723
1723
1723
1723
1723
1723
1723
1723
1723
1723
1723
10.00000021
10
10
10
10
10
10
10
10
10
10
10
10
10
10
10.00002729
1723
1723
1723
1723
1723
1723
1723
1723
1723
1723
1723
1723
1723
1723
1723
1723
1723
1723
1723
1723
1723
1723
1723
1723
10.00000021
10
10
10
10
10
10
10
10
10
10
10
10
10
10
10.00002963
1723
1723
1723
1723
1723
1723
1723
1723
1723
1723
1723
1723
1723
1723
1723
1723
1723
1723
1723
1723
1723
1723
1723
1723
10.00000021
10
10
10
10
10
10
10
10
10
10
10
10
10
10
10.00003449
1723
1723
1723
1723
1723
1723
1723
1723
1723
1723
1723
1723
1723
1723
1723
1723
1723
1723
1723
1723
1723
1723
1723
1723
10.00000021
10
10
10
10
10
10
10
10
10
10
10
10
10
10
10.00003039
1723
1723
1723
1723
1723
1723
1723
1723
1723
1723
1723
1723
1723
1723
1723
1723
1723
1723
1723
1723
1723
1723
1723
1723
10.00000021
10
10
10
10
10
10
10
10
10
10
10
10
10
10
10.00002176
1723
1723
1723
1723
1723
1723
1723
1723
1723
1723
1723
1723
1723
1723
1723
1723
1723
1723
1723
1723
1723
1723
1723
1723
10.00000021
10
10
10
10
10
10
10
10
10
10
10
10
10
10
10.00004347
1723
1723
1723
1723
1723
1723
1723
1723
1723
1723
1723
1723
1723
1723
1723
1723
1723
1723
1723
1723
1723
1723
1723
1723
10.00000021
10
10
10
10
10
10
10
10
10
10
10
10
10
10
10.00011382
1723
1723
1723
1723
1723
1723
1723
1723
1723
1723
1723
1723
1723
1723
1723
1723
1723
1723
1723
1723
1723
1723
1723
1723
10.00000021
10
10
10
10
10
10
10
10
10
10
10
10
10
10
10.00018168
1723
1723
1723
1723
1723
1723
1723
1723
1723
1723
1723
1723
1723
1723
1723
1723
1723
1723
1723
1723
1723
1723
1723
1723
10.00000022
10
10
10
10
10
10
10
10
10
10
10
10
10
10
10.00025256
1723
1723
1723
1723
1723
1723
1723
1723
1723
1723
1723
1723
1723
1723
1723
1723
1723
1723
1723
1723
1723
1723
1723
1723
10.00000022
10
10
10
10
10
10
10
10
10
10
10
10
10
10
10.000311
1723
1723
1723
1723
1723
1723
1723
1723
1723
1723
1723
1723
1723
1723
1723
1723
1723
1723
1723
1723
1723
1723
1723
1723
10.00000022
10
10
10
10
10
10
10
10
10
10
10
10
10
10
10.00034884
1723
1723
1723
1723
1723
1723
1723
1723
1723
1723
1723
1723
1723
1723
1723
1723
1723
1723
1723
1723
1723
1723
1723
1723
10.00000022
10
10
10
10
10
10
10
10
10
10
10
10
10
10
10.00037112
1723
1723
1723
1723
1723
1723
1723
1723
1723
1723
1723
1723
1723
1723
1723
1723
1723
1723
1723
1723
1723
1723
1723
1723
10.00000022
10
10
10
10
10
10
10
10
10
10
10
10
10
10
10.00033534
1723
1723
1723
1723
1723
1723
1723
1723
1723
1723
1723
1723
1723
1723
1723
1723
1723
1723
1723
1723
1723
1723
1723
1723
10.00000022
10
10
10
10
10
10
10
10
10
10
10
10
10
10
10.00022028
1723
1723
1723
1723
1723
1723
1723
1723
1723
1723
1723
1723
1723
1723
1723
1723
1723
1723
1723
1723
1723
1723
1723
1723
10.00000022
10
10
10
10
10
10
10
10
10
10
10
10
10
10
10.000031
1723
1723
1723
1723
1723
1723
1723
1723
1723
1723
1723
1723
1723
1723
1723
1723
1723
1723
1723
1723
1723
1723
1723
1723
10.00000023
10
10
10
10
10
10
10
10
10
10
10
10
10
10
10.00002343
1723
1723
1723
1723
1723
1723
1723
1723
1723
1723
1723
1723
1723
1723
1723
1723
1723
1723
1723
1723
1723
1723
1723
1723
10.00000023
10
10
10
10
10
10
10
10
10
10
10
10
10
10.00000001
10.00002701
1723
1723
1723
1723
1723
1723
1723
1723
1723
1723
1723
1723
1723
1723
1723
1723
1723
1723
1723
1723
1723
1723
1723
1723
10.00000023
10
10
10
10
10
10
10
10
10
10
10
10
10
10.00000001
10.00000464
1723
1723
1723
1723
1723
1723
1723
1723
1723
1723
1723
1723
1723
1723
1723
1723
1723
1723
1723
1723
1723
1723
1723
1723
10.00000023
10
10
10
10
10
10
10
10
10
10
10
10
10
10.00000004
10.00001629
1723
1723
1723
1723
1723
1723
1723
1723
1723
1723
1723
1723
1723
1723
1723
1723
1723
1723
1723
1723
1723
1723
1723
1723
10.00000024
10
10
10
10
10
10
10
10
10
10
10
10
10
10.00000017
10.00002119
1723
1723
1723
1723
1723
1723
1723
1723
1723
1723
1723
1723
1723
1723
1723
1723
1723
1723
1723
1723
1723
1723
1723
1723
10.00000024
10
10
10
10
10
10
10
10
10
10
10
10
10
10
12.09812874
1723
1723
1723
1723
1723
1723
1723
1723
1723
1723
1723
1723
1723
1723
1723
1723
1723
1723
1723
1723
1723
1723
1723
1723
10.00000024
10
10
10
10
10
10
10
10
10
10
10
10
10
10
1723
1723
1723
1723
1723
1723
1723
1723
1723
1723
1723
1723
1723
1723
1723
1723
1723
1723
1723
1723
1723
1723
1723
1723
1723
10.00000025
10
10
10
10
10
10
10
10
10
10
10
10
10
10.00000001
1723
1723
1723
1723
1723
1723
1723
1723
1723
1723
1723
1723
1723
1723
1723
1723
1723
1723
1723
1723
1723
1723
1723
1723
1723
10.00000025
10
10
10
10
10
10
10
10
10
10
10
10
10
10.00000001
1723
1723
1723
1723
1723
1723
1723
1723
1723
1723
1723
1723
1723
1723
1723
1723
1723
1723
1723
1723
1723
1723
1723
1723
1723
10.00000025
10
10
10
10
10
10
10
10
10
10
10
10
10
10
1723
1723
1723
1723
1723
1723
1723
1723
1723
1723
1723
1723
1723
1723
1723
1723
1723
1723
1723
1723
1723
1723
1723
1723
1723
10.00000025
10
10
10
10
10
10
10
10
10
10
10
10
10
10
10
1723
1723
1723
1723
1723
1723
1723
1723
1723
1723
1723
1723
1723
1723
1723
1723
1723
1723
1723
1723
1723
1723
1723
1723
10.00000026
10
10
10
10
10
10
10
10
10
10
10
10
10
10
10
1723
1723
1723
1723
1723
1723
1723
1723
1723
1723
1723
1723
1723
1723
1723
1723
1723
1723
1723
1723
1723
1723
1723
1723
10.00000026
10
10
10
10
10
10
10
10
10
10
10
10
10
10
10
1723
1723
1723
1723
1723
1723
1723
1723
1723
1723
1723
1723
1723
1723
1723
1723
1723
1723
1723
1723
1723
1723
1723
1723
10.00000026
10
10
10
10
10
10
10
10
10
10
10
10
10
10
1723
1723
1723
1723
1723
1723
1723
1723
1723
1723
1723
1723
1723
1723
1723
1723
1723
1723
1723
1723
1723
1723
1723
1723
1723
10.00000026
10
10
10
10
10
10
10
10
10
10
10
10
10
10
1723
1723
1723
1723
1723
1723
1723
1723
1723
1723
1723
1723
1723
1723
1723
1723
1723
1723
1723
1723
1723
1723
1723
1723
1723
10.00000026
10
10
10
10
10
10
10
10
10
10
10
10
10
10
1723
1723
1723
1723
1723
1723
1723
1723
1723
1723
1723
1723
1723
1723
1723
1723
1723
1723
1723
1723
1723
1723
1723
1723
1723
10.00000026
10
10
10
10
10
10
10
)
;

boundaryField
{
    lowerWall
    {
        type            calculated;
        value           uniform 10;
    }
    atmosphere
    {
        type            calculated;
        value           nonuniform List<scalar> 
80
(
10
10
10
10
10
10
10
10
10
10
10
10
10
10
10
10
10
10
10
10
10
10
10
10
10
10
10
10
10
10
10
10
10
10
10
10
10
10
10
10
10
10
10
10
10
10
10
10
10
10
10
10
10
10
10
10
10
10
10
10
10
10
10
10
10
10
10
10
10
10
10
10
10
10
10
10
10
10
10
10
)
;
    }
    rightWall
    {
        type            empty;
    }
    leftWall
    {
        type            empty;
    }
    frontAndBack
    {
        type            calculated;
        value           nonuniform List<scalar> 
80
(
10
10
10
10
10
10
10.00000002
10.00002783
1722.999963
1723
1723
1723
1723
1723
1723
1723
1723
1723
1723
1723
1723
1723
1723
1723
1723
1723
1723
1723
1723
1723
1723
1723
10.00000031
10
10
10
10
10
10
10
10
10
10
10
10
10
10
100.5638353
1722.931616
1723
1723
1723
1723
1723
1723
1723
1723
1723
1723
1723
1723
1723
1723
1723
1723
1723
1723
1723
1723
1723
1723
1723
10.00000026
10
10
10
10
10
10
10
)
;
    }
}


// ************************************************************************* //
