/*--------------------------------*- C++ -*----------------------------------*\
| =========                 |                                                 |
| \\      /  F ield         | OpenFOAM: The Open Source CFD Toolbox           |
|  \\    /   O peration     | Version:  2506                                  |
|   \\  /    A nd           | Website:  www.openfoam.com                      |
|    \\/     M anipulation  |                                                 |
\*---------------------------------------------------------------------------*/
FoamFile
{
    version     2.0;
    format      ascii;
    arch        "LSB;label=32;scalar=64";
    class       volScalarField;
    location    "0.002";
    object      TSolidus;
}
// * * * * * * * * * * * * * * * * * * * * * * * * * * * * * * * * * * * * * //

dimensions      [0 0 0 1 0 0 0];

internalField   nonuniform List<scalar> 
3200
(
1
1
1
1
1
1
1.000000022
1.000026916
1658
1658
1658
1658
1658
1658
1658
1658
1658
1658
1658
1658
1658
1658
1658
1658
1658
1658
1658
1658
1658
1658
1658
1658
1.000000296
1
1
1
1
1
1
1
1
1
1
1
1
1
1.000000021
1.000201002
1658
1658
1658
1658
1658
1658
1658
1658
1658
1658
1658
1658
1658
1658
1658
1658
1658
1658
1658
1658
1658
1658
1658
1658
1.000000298
1
1
1
1
1
1
1
1
1
1
1
1
1
1.000000004
1.000695446
1658
1658
1658
1658
1658
1658
1658
1658
1658
1658
1658
1658
1658
1658
1658
1658
1658
1658
1658
1658
1658
1658
1658
1658
1.000000299
1
1
1
1
1
1
1
1
1
1
1
1
1
1.000000002
1.001440453
1658
1658
1658
1658
1658
1658
1658
1658
1658
1658
1658
1658
1658
1658
1658
1658
1658
1658
1658
1658
1658
1658
1658
1658
1.000000301
1
1
1
1
1
1
1
1
1
1
1
1
1
1.000000001
1.002335587
1658
1658
1658
1658
1658
1658
1658
1658
1658
1658
1658
1658
1658
1658
1658
1658
1658
1658
1658
1658
1658
1658
1658
1658
1.000000302
1
1
1
1
1
1
1
1
1
1.000000001
1.000000001
1
1
1.000000003
1.003030562
1658
1658
1658
1658
1658
1658
1658
1658
1658
1658
1658
1658
1658
1658
1658
1658
1658
1658
1658
1658
1658
1658
1658
1658
1.000000304
1
1
1
1
1
1
1
1.000000001
1.000000001
1.000000001
1.000000001
1.000000001
1.000000002
1.000000003
3.801431769
1658
1658
1658
1658
1658
1658
1658
1658
1658
1658
1658
1658
1658
1658
1658
1658
1658
1658
1658
1658
1658
1658
1658
1658
1.000000306
1
1
1
1
1
1
1
1.000000001
1.000000001
1.000000001
1.000000001
1.000000002
1.000000002
1.000000001
1658
1658
1658
1658
1658
1658
1658
1658
1658
1658
1658
1658
1658
1658
1658
1658
1658
1658
1658
1658
1658
1658
1658
1658
1658
1.000000308
1
1
1
1
1
1
1
1.000000001
1.000000001
1.000000001
1.000000001
1.000000001
1.000000001
29.57021911
1658
1658
1658
1658
1658
1658
1658
1658
1658
1658
1658
1658
1658
1658
1658
1658
1658
1658
1658
1658
1658
1658
1658
1658
1658
1.00000031
1
1
1
1
1
1
1
1
1.000000001
1
1
1.000000001
1.000000001
1658
1658
1658
1658
1658
1658
1658
1658
1658
1658
1658
1658
1658
1658
1658
1658
1658
1658
1658
1658
1658
1658
1658
1658
1658
1658
1.000000311
1
1
1
1
1
1
1
1
1
1
1
1
1.000000002
7.835626387
1658
1658
1658
1658
1658
1658
1658
1658
1658
1658
1658
1658
1658
1658
1658
1658
1658
1658
1658
1658
1658
1658
1658
1658
1658
1.000000313
1
1
1
1
1
1
1
1
1
1
1
1
1.000000001
1.000000003
1658
1658
1658
1658
1658
1658
1658
1658
1658
1658
1658
1658
1658
1658
1658
1658
1658
1658
1658
1658
1658
1658
1658
1658
1658
1.000000314
1
1
1
1
1
1
1
1
1
1
1
1.000000001
1.000000003
1.000000004
54.76172381
70.53217022
1658
1658
1658
1658
1658
1658
1658
1658
1658
1658
1658
1658
1658
1658
1658
1658
1658
1658
1658
1658
1658
1658
1658
1.000000314
1
1
1
1
1
1
1
1
1
1
1
1.000000002
1.000000005
1.000000007
1.000000001
1.000000002
1658
1658
1658
1658
1658
1658
1658
1658
1658
1658
1658
1658
1658
1658
1658
1658
1658
1658
1658
1658
1658
1658
1658
1.000000314
1
1
1
1
1
1
1
1
1
1
1.000000002
1.000000005
1.000000008
1.000000011
1.000000004
1.000000009
1658
1658
1658
1658
1658
1658
1658
1658
1658
1658
1658
1658
1658
1658
1658
1658
1658
1658
1658
1658
1658
1658
1658
1.000000314
1
1
1
1
1
1
1
1
1
1.000000001
1.000000008
1.000000014
1.000000017
1.000000018
1.000000013
1.000000015
1658
1658
1658
1658
1658
1658
1658
1658
1658
1658
1658
1658
1658
1658
1658
1658
1658
1658
1658
1658
1658
1658
1658
1.000000313
1
1
1
1
1
1
1
1
1
1.000000004
1.000000019
1.000000025
1.000000028
1.00000003
1.000000026
1.000000024
1658
1658
1658
1658
1658
1658
1658
1658
1658
1658
1658
1658
1658
1658
1658
1658
1658
1658
1658
1658
1658
1658
1658
1.000000311
1
1
1
1
1
1
1
1
1.000000001
1.000000011
1.000000031
1.000000027
1.000000029
1.000000034
1.000000032
1.000000028
1658
1658
1658
1658
1658
1658
1658
1658
1658
1658
1658
1658
1658
1658
1658
1658
1658
1658
1658
1658
1658
1658
1658
1.000000308
1
1
1
1
1
1
1
1
1.000000002
1.000000024
1.000000031
1.000000029
1.000000027
1.00000003
1.000000018
1.000000012
1658
1658
1658
1658
1658
1658
1658
1658
1658
1658
1658
1658
1658
1658
1658
1658
1658
1658
1658
1658
1658
1658
1658
1.000000306
1
1
1
1
1
1
1
1
1.000000006
1.000000042
1.000000033
1.000000033
1.000000021
1.000000012
7.861576656
1658
1658
1658
1658
1658
1658
1658
1658
1658
1658
1658
1658
1658
1658
1658
1658
1658
1658
1658
1658
1658
1658
1658
1658
1.000000302
1
1
1
1
1
1
1
1.000000001
1.000000007
1.000000034
1.000000049
1.000000064
1.000000028
1658
1658
1658
1658
1658
1658
1658
1658
1658
1658
1658
1658
1658
1658
1658
1658
1658
1658
1658
1658
1658
1658
1658
1658
1658
1658
1.000000299
1
1
1
1
1
1
1
1.000000002
1.000000016
1.000000061
1.000000124
1.000000137
1.000000083
1658
1658
1658
1658
1658
1658
1658
1658
1658
1658
1658
1658
1658
1658
1658
1658
1658
1658
1658
1658
1658
1658
1658
1658
1658
1658
1.000000295
1
1
1
1
1
1
1
1.000000004
1.000000024
1.000000081
1.000000173
1.000000203
1.000000136
70.91498589
1658
1658
1658
1658
1658
1658
1658
1658
1658
1658
1658
1658
1658
1658
1658
1658
1658
1658
1658
1658
1658
1658
1658
1658
1658
1.00000029
1
1
1
1
1
1
1
1.000000004
1.000000026
1.000000092
1.000000198
1.000000276
1.000000195
1.000000068
1658
1658
1658
1658
1658
1658
1658
1658
1658
1658
1658
1658
1658
1658
1658
1658
1658
1658
1658
1658
1658
1658
1658
1658
1658
1.000000286
1
1
1
1
1
1
1
1.000000004
1.000000025
1.000000084
1.000000171
1.000000266
1.000000225
1.000000098
1658
1658
1658
1658
1658
1658
1658
1658
1658
1658
1658
1658
1658
1658
1658
1658
1658
1658
1658
1658
1658
1658
1658
1658
1658
1.000000281
1
1
1
1
1
1
1
1.000000002
1.000000012
1.000000049
1.000000114
1.000000193
1.000000221
1.00000011
1658
1658
1658
1658
1658
1658
1658
1658
1658
1658
1658
1658
1658
1658
1658
1658
1658
1658
1658
1658
1658
1658
1658
1658
1658
1.000000276
1
1
1
1
1
1
1
1.000000001
1.000000004
1.000000018
1.000000053
1.000000104
1.000000208
1.000000132
1658
1658
1658
1658
1658
1658
1658
1658
1658
1658
1658
1658
1658
1658
1658
1658
1658
1658
1658
1658
1658
1658
1658
1658
1658
1.000000271
1
1
1
1
1
1
1
1
1.000000002
1.000000008
1.000000026
1.00000006
1.000000162
1.000000142
1658
1658
1658
1658
1658
1658
1658
1658
1658
1658
1658
1658
1658
1658
1658
1658
1658
1658
1658
1658
1658
1658
1658
1658
1658
1.000000266
1
1
1
1
1
1
1
1
1.000000001
1.000000004
1.000000018
1.000000055
1.000000115
1.000000137
1658
1658
1658
1658
1658
1658
1658
1658
1658
1658
1658
1658
1658
1658
1658
1658
1658
1658
1658
1658
1658
1658
1658
1658
1658
1.000000261
1
1
1
1
1
1
1
1
1.000000001
1.000000004
1.000000025
1.000000073
1.000000107
1.000000133
1658
1658
1658
1658
1658
1658
1658
1658
1658
1658
1658
1658
1658
1658
1658
1658
1658
1658
1658
1658
1658
1658
1658
1658
1658
1.000000256
1
1
1
1
1
1
1
1
1.000000001
1.000000008
1.000000037
1.000000094
1.000000131
1.000000137
1658
1658
1658
1658
1658
1658
1658
1658
1658
1658
1658
1658
1658
1658
1658
1658
1658
1658
1658
1658
1658
1658
1658
1658
1658
1.000000252
1
1
1
1
1
1
1
1
1.000000002
1.000000012
1.000000051
1.000000108
1.000000159
1.000000146
1658
1658
1658
1658
1658
1658
1658
1658
1658
1658
1658
1658
1658
1658
1658
1658
1658
1658
1658
1658
1658
1658
1658
1658
1658
1.000000247
1
1
1
1
1
1
1
1
1.000000003
1.00000002
1.000000074
1.00000013
1.000000169
1.000000153
1658
1658
1658
1658
1658
1658
1658
1658
1658
1658
1658
1658
1658
1658
1658
1658
1658
1658
1658
1658
1658
1658
1658
1658
1658
1.000000243
1
1
1
1
1
1
1
1.000000001
1.000000008
1.000000039
1.000000108
1.000000156
1.000000166
1.000000153
1658
1658
1658
1658
1658
1658
1658
1658
1658
1658
1658
1658
1658
1658
1658
1658
1658
1658
1658
1658
1658
1658
1658
1658
1658
1.000000239
1
1
1
1
1
1
1
1.000000002
1.000000015
1.00000006
1.000000117
1.000000134
1.000000129
1.000000124
1658
1658
1658
1658
1658
1658
1658
1658
1658
1658
1658
1658
1658
1658
1658
1658
1658
1658
1658
1658
1658
1658
1658
1658
1658
1.000000235
1
1
1
1
1
1
1
1.000000001
1.000000005
1.000000025
1.000000068
1.000000098
1.000000094
1.000000076
1658
1658
1658
1658
1658
1658
1658
1658
1658
1658
1658
1658
1658
1658
1658
1658
1658
1658
1658
1658
1658
1658
1658
1658
1658
1.000000231
1
1
1
1
1
1
1
1
1.000000001
1.000000006
1.000000025
1.000000056
1.000000072
1.000000056
1658
1658
1658
1658
1658
1658
1658
1658
1658
1658
1658
1658
1658
1658
1658
1658
1658
1658
1658
1658
1658
1658
1658
1658
1658
1.000000228
1
1
1
1
1
1
1
1
1
1.000000001
1.000000008
1.000000031
1.000000091
1.00000016
21.48044552
1658
1658
1658
1658
1658
1658
1658
1658
1658
1658
1658
1658
1658
1658
1658
1658
1658
1658
1658
1658
1658
1658
1658
1658
1.000000225
1
1
1
1
1
1
1
1
1
1
1.000000001
1.000000007
1.000000028
1.000000076
1.000750331
1658
1658
1658
1658
1658
1658
1658
1658
1658
1658
1658
1658
1658
1658
1658
1658
1658
1658
1658
1658
1658
1658
1658
1658
1.000000222
1
1
1
1
1
1
1
1
1
1
1
1.000000001
1.000000005
1.000000019
1
1658
1658
1658
1658
1658
1658
1658
1658
1658
1658
1658
1658
1658
1658
1658
1658
1658
1658
1658
1658
1658
1658
1658
1658
1.000000219
1
1
1
1
1
1
1
1
1
1
1
1
1.000000001
1.000000008
1.005310451
1658
1658
1658
1658
1658
1658
1658
1658
1658
1658
1658
1658
1658
1658
1658
1658
1658
1658
1658
1658
1658
1658
1658
1658
1.000000217
1
1
1
1
1
1
1
1
1
1
1
1
1.000000001
1.000000008
1.001130691
1658
1658
1658
1658
1658
1658
1658
1658
1658
1658
1658
1658
1658
1658
1658
1658
1658
1658
1658
1658
1658
1658
1658
1658
1.000000215
1
1
1
1
1
1
1
1
1
1
1
1
1
1.000000007
1.000194759
1658
1658
1658
1658
1658
1658
1658
1658
1658
1658
1658
1658
1658
1658
1658
1658
1658
1658
1658
1658
1658
1658
1658
1658
1.000000213
1
1
1
1
1
1
1
1
1
1
1
1
1
1.000000014
1.000072899
1658
1658
1658
1658
1658
1658
1658
1658
1658
1658
1658
1658
1658
1658
1658
1658
1658
1658
1658
1658
1658
1658
1658
1658
1.000000211
1
1
1
1
1
1
1
1
1
1
1
1
1
1.000000005
1.000014195
1658
1658
1658
1658
1658
1658
1658
1658
1658
1658
1658
1658
1658
1658
1658
1658
1658
1658
1658
1658
1658
1658
1658
1658
1.00000021
1
1
1
1
1
1
1
1
1
1
1
1
1
1.000000001
1.000027124
1658
1658
1658
1658
1658
1658
1658
1658
1658
1658
1658
1658
1658
1658
1658
1658
1658
1658
1658
1658
1658
1658
1658
1658
1.000000209
1
1
1
1
1
1
1
1
1
1
1
1
1
1.000000001
1.000072347
1658
1658
1658
1658
1658
1658
1658
1658
1658
1658
1658
1658
1658
1658
1658
1658
1658
1658
1658
1658
1658
1658
1658
1658
1.000000208
1
1
1
1
1
1
1
1
1
1
1
1
1
1.000000001
1.000048556
1658
1658
1658
1658
1658
1658
1658
1658
1658
1658
1658
1658
1658
1658
1658
1658
1658
1658
1658
1658
1658
1658
1658
1658
1.000000207
1
1
1
1
1
1
1
1
1
1
1
1
1
1.000000001
1.00001884
1658
1658
1658
1658
1658
1658
1658
1658
1658
1658
1658
1658
1658
1658
1658
1658
1658
1658
1658
1658
1658
1658
1658
1658
1.000000206
1
1
1
1
1
1
1
1
1
1
1
1
1
1.000000003
1.000026398
1658
1658
1658
1658
1658
1658
1658
1658
1658
1658
1658
1658
1658
1658
1658
1658
1658
1658
1658
1658
1658
1658
1658
1658
1.000000206
1
1
1
1
1
1
1
1
1
1
1
1
1
1.000000002
1.00002866
1658
1658
1658
1658
1658
1658
1658
1658
1658
1658
1658
1658
1658
1658
1658
1658
1658
1658
1658
1658
1658
1658
1658
1658
1.000000206
1
1
1
1
1
1
1
1
1
1
1
1
1
1.000000003
1.000033367
1658
1658
1658
1658
1658
1658
1658
1658
1658
1658
1658
1658
1658
1658
1658
1658
1658
1658
1658
1658
1658
1658
1658
1658
1.000000206
1
1
1
1
1
1
1
1
1
1
1
1
1
1.000000002
1.0000294
1658
1658
1658
1658
1658
1658
1658
1658
1658
1658
1658
1658
1658
1658
1658
1658
1658
1658
1658
1658
1658
1658
1658
1658
1.000000206
1
1
1
1
1
1
1
1
1
1
1
1
1
1.000000002
1.000021047
1658
1658
1658
1658
1658
1658
1658
1658
1658
1658
1658
1658
1658
1658
1658
1658
1658
1658
1658
1658
1658
1658
1658
1658
1.000000206
1
1
1
1
1
1
1
1
1
1
1
1
1
1.000000001
1.000042049
1658
1658
1658
1658
1658
1658
1658
1658
1658
1658
1658
1658
1658
1658
1658
1658
1658
1658
1658
1658
1658
1658
1658
1658
1.000000207
1
1
1
1
1
1
1
1
1
1
1
1
1
1.000000001
1.000110097
1658
1658
1658
1658
1658
1658
1658
1658
1658
1658
1658
1658
1658
1658
1658
1658
1658
1658
1658
1658
1658
1658
1658
1658
1.000000207
1
1
1
1
1
1
1
1
1
1
1
1
1
1.000000001
1.000175741
1658
1658
1658
1658
1658
1658
1658
1658
1658
1658
1658
1658
1658
1658
1658
1658
1658
1658
1658
1658
1658
1658
1658
1658
1.000000208
1
1
1
1
1
1
1
1
1
1
1
1
1
1.000000001
1.000244301
1658
1658
1658
1658
1658
1658
1658
1658
1658
1658
1658
1658
1658
1658
1658
1658
1658
1658
1658
1658
1658
1658
1658
1658
1.000000209
1
1
1
1
1
1
1
1
1
1
1
1
1
1.000000002
1.000300837
1658
1658
1658
1658
1658
1658
1658
1658
1658
1658
1658
1658
1658
1658
1658
1658
1658
1658
1658
1658
1658
1658
1658
1658
1.000000211
1
1
1
1
1
1
1
1
1
1
1
1
1
1.000000001
1.000337439
1658
1658
1658
1658
1658
1658
1658
1658
1658
1658
1658
1658
1658
1658
1658
1658
1658
1658
1658
1658
1658
1658
1658
1658
1.000000212
1
1
1
1
1
1
1
1
1
1
1
1
1
1.000000002
1.000358989
1658
1658
1658
1658
1658
1658
1658
1658
1658
1658
1658
1658
1658
1658
1658
1658
1658
1658
1658
1658
1658
1658
1658
1658
1.000000214
1
1
1
1
1
1
1
1
1
1
1
1
1
1.000000001
1.000324373
1658
1658
1658
1658
1658
1658
1658
1658
1658
1658
1658
1658
1658
1658
1658
1658
1658
1658
1658
1658
1658
1658
1658
1658
1.000000215
1
1
1
1
1
1
1
1
1
1
1
1
1
1.000000002
1.000213083
1658
1658
1658
1658
1658
1658
1658
1658
1658
1658
1658
1658
1658
1658
1658
1658
1658
1658
1658
1658
1658
1658
1658
1658
1.000000218
1
1
1
1
1
1
1
1
1
1
1
1
1
1.000000002
1.000029982
1658
1658
1658
1658
1658
1658
1658
1658
1658
1658
1658
1658
1658
1658
1658
1658
1658
1658
1658
1658
1658
1658
1658
1658
1.00000022
1
1
1
1
1
1
1
1
1
1
1
1
1
1.000000003
1.000022664
1658
1658
1658
1658
1658
1658
1658
1658
1658
1658
1658
1658
1658
1658
1658
1658
1658
1658
1658
1658
1658
1658
1658
1658
1.000000222
1
1
1
1
1
1
1
1
1
1
1
1
1
1.000000006
1.000026124
1658
1658
1658
1658
1658
1658
1658
1658
1658
1658
1658
1658
1658
1658
1658
1658
1658
1658
1658
1658
1658
1658
1658
1658
1.000000225
1
1
1
1
1
1
1
1
1
1
1
1
1
1.000000011
1.000004484
1658
1658
1658
1658
1658
1658
1658
1658
1658
1658
1658
1658
1658
1658
1658
1658
1658
1658
1658
1658
1658
1658
1658
1658
1.000000227
1
1
1
1
1
1
1
1
1
1
1
1
1
1.000000038
1.000015762
1658
1658
1658
1658
1658
1658
1658
1658
1658
1658
1658
1658
1658
1658
1658
1658
1658
1658
1658
1658
1658
1658
1658
1658
1.00000023
1
1
1
1
1
1
1
1
1
1
1
1
1.000000001
1.000000165
1.000020498
1658
1658
1658
1658
1658
1658
1658
1658
1658
1658
1658
1658
1658
1658
1658
1658
1658
1658
1658
1658
1658
1658
1658
1658
1.000000233
1
1
1
1
1
1
1
1
1
1
1
1
1
1.000000004
3.029538425
1658
1658
1658
1658
1658
1658
1658
1658
1658
1658
1658
1658
1658
1658
1658
1658
1658
1658
1658
1658
1658
1658
1658
1658
1.000000236
1
1
1
1
1
1
1
1
1
1
1
1
1
1.000000002
1658
1658
1658
1658
1658
1658
1658
1658
1658
1658
1658
1658
1658
1658
1658
1658
1658
1658
1658
1658
1658
1658
1658
1658
1658
1.000000238
1
1
1
1
1
1
1
1
1
1
1
1
1.000000001
1.000000012
1658
1658
1658
1658
1658
1658
1658
1658
1658
1658
1658
1658
1658
1658
1658
1658
1658
1658
1658
1658
1658
1658
1658
1658
1658
1.000000241
1
1
1
1
1
1
1
1
1
1
1
1
1.000000003
1.00000001
1658
1658
1658
1658
1658
1658
1658
1658
1658
1658
1658
1658
1658
1658
1658
1658
1658
1658
1658
1658
1658
1658
1658
1658
1658
1.000000244
1
1
1
1
1
1
1
1
1
1
1
1
1.000000002
1.000000003
1658
1658
1658
1658
1658
1658
1658
1658
1658
1658
1658
1658
1658
1658
1658
1658
1658
1658
1658
1658
1658
1658
1658
1658
1658
1.000000246
1
1
1
1
1
1
1
1
1
1
1
1.000000001
1.000000002
1.000000003
1.000000002
1658
1658
1658
1658
1658
1658
1658
1658
1658
1658
1658
1658
1658
1658
1658
1658
1658
1658
1658
1658
1658
1658
1658
1658
1.000000248
1
1
1
1
1
1
1
1
1
1
1
1
1.000000001
1.000000001
1.000000001
1658
1658
1658
1658
1658
1658
1658
1658
1658
1658
1658
1658
1658
1658
1658
1658
1658
1658
1658
1658
1658
1658
1658
1658
1.00000025
1
1
1
1
1
1
1
1
1
1
1
1
1
1
1.000000001
1658
1658
1658
1658
1658
1658
1658
1658
1658
1658
1658
1658
1658
1658
1658
1658
1658
1658
1658
1658
1658
1658
1658
1658
1.000000251
1
1
1
1
1
1
1
1
1
1
1
1
1
1
1658
1658
1658
1658
1658
1658
1658
1658
1658
1658
1658
1658
1658
1658
1658
1658
1658
1658
1658
1658
1658
1658
1658
1658
1658
1.000000252
1
1
1
1
1
1
1
1
1
1
1
1
1
1
1658
1658
1658
1658
1658
1658
1658
1658
1658
1658
1658
1658
1658
1658
1658
1658
1658
1658
1658
1658
1658
1658
1658
1658
1658
1.000000253
1
1
1
1
1
1
1
1
1
1
1
1
1
1
1658
1658
1658
1658
1658
1658
1658
1658
1658
1658
1658
1658
1658
1658
1658
1658
1658
1658
1658
1658
1658
1658
1658
1658
1658
1.000000253
1
1
1
1
1
1
1
)
;

boundaryField
{
    lowerWall
    {
        type            calculated;
        value           uniform 1;
    }
    atmosphere
    {
        type            calculated;
        value           nonuniform List<scalar> 
80
(
1
1
1
1
1
1
1.000000001
1.000000001
1.000000001
1
1
1
1
1
1
1
1
1
1
1
1
1
1
1
1
1
1
1
1
1
1
1
1
1.000000001
1.000000002
1.000000001
1
1
1
1
1
1
1
1
1
1
1
1
1
1
1
1
1
1
1
1
1
1
1
1
1
1
1
1
1
1
1
1
1
1
1
1
1
1
1
1
1
1
1
1
)
;
    }
    rightWall
    {
        type            empty;
    }
    leftWall
    {
        type            empty;
    }
    frontAndBack
    {
        type            calculated;
        value           nonuniform List<scalar> 
80
(
1
1
1
1
1
1
1.000000022
1.000026916
1657.999964
1658
1658
1658
1658
1658
1658
1658
1658
1658
1658
1658
1658
1658
1658
1658
1658
1658
1658
1658
1658
1658
1658
1658
1.000000296
1
1
1
1
1
1
1
1
1
1
1
1
1
1
88.60319618
1657.933851
1658
1658
1658
1658
1658
1658
1658
1658
1658
1658
1658
1658
1658
1658
1658
1658
1658
1658
1658
1658
1658
1658
1658
1.000000253
1
1
1
1
1
1
1
)
;
    }
}


// ************************************************************************* //
